2453342.235906 -119.800000 7.900000 0.000000
2453347.005104 -102.600000 7.500000 0.000000
2453355.838270 -93.100000 7.900000 0.000000
2453357.849862 -90.200000 8.000000 0.000000
2453359.855199 -79.300000 10.800000 0.000000
2453360.979283 -97.900000 9.000000 0.000000
2453364.981474 -99.200000 10.400000 0.000000
2453365.831115 -121.700000 7.800000 0.000000
2453367.826330 -127.500000 8.800000 0.000000
2453383.926741 -128.500000 8.500000 0.000000
2453390.758628 -107.200000 8.000000 0.000000
2453448.743435 -19.300000 6.700000 0.000000
2453451.735301 -31.000000 7.200000 0.000000
2453476.651376 -151.400000 7.700000 0.000000
2453480.639064 -167.200000 22.900000 0.000000
2453481.633701 -127.900000 7.400000 0.000000
2453482.633016 -96.200000 7.500000 0.000000
2453664.995232 75.500000 7.000000 0.000000
2453675.971541 61.400000 7.800000 0.000000
2453676.985000 53.100000 8.900000 0.000000
2453682.953042 -46.400000 8.300000 0.000000
2453687.933164 -54.200000 7.300000 0.000000
2453689.931046 -1.300000 7.500000 0.000000
2453691.918805 27.300000 7.900000 0.000000
2453697.914846 50.300000 7.700000 0.000000
2453703.889276 71.200000 9.300000 0.000000
2453708.885347 81.000000 8.600000 0.000000
2453710.883053 81.400000 7.700000 0.000000
2453718.017756 62.800000 10.100000 0.000000
2453724.834692 70.800000 8.200000 0.000000
2453728.829870 47.900000 7.900000 0.000000
2453731.972959 16.000000 9.300000 0.000000
2453733.807172 -33.800000 9.200000 0.000000
2453734.814857 -58.800000 8.600000 0.000000
2453736.949280 -138.800000 9.200000 0.000000
2453741.788978 3.400000 8.500000 0.000000
2453742.789280 10.000000 8.100000 0.000000
2453743.796111 33.900000 8.300000 0.000000
2453748.778662 67.400000 8.700000 0.000000
2453751.773791 84.500000 8.800000 0.000000
2453753.769552 99.600000 8.300000 0.000000
2453754.755455 90.100000 7.900000 0.000000
2453756.754826 92.300000 8.300000 0.000000
2453764.741994 90.900000 9.300000 0.000000
2453832.678620 50.900000 7.200000 0.000000
2453833.699401 52.000000 8.100000 0.000000
2453834.677215 33.900000 7.500000 0.000000
2453835.669587 12.800000 7.400000 0.000000
2453838.666337 -82.900000 7.300000 0.000000
2453841.646835 -93.600000 11.000000 0.000000
2453845.633913 17.100000 7.700000 0.000000
2453846.654708 34.000000 7.700000 0.000000
2454029.988983 56.800000 7.600000 0.000000
2454035.990247 47.800000 8.200000 0.000000
2454038.978337 37.100000 7.500000 0.000000
2454039.970514 30.000000 7.600000 0.000000
2454040.958980 18.000000 7.700000 0.000000
2454043.965523 -43.300000 6.800000 0.000000
2454044.954739 -92.800000 6.700000 0.000000
2454050.954703 -35.400000 7.700000 0.000000
2454051.947749 -16.100000 8.400000 0.000000
2454052.940935 1.400000 7.000000 0.000000
2454073.883770 56.500000 6.800000 0.000000
2454079.868209 63.800000 7.200000 0.000000
2454087.848513 53.600000 6.800000 0.000000
2454090.843228 28.000000 7.000000 0.000000
2454106.789830 9.300000 8.600000 0.000000
2454109.794624 20.600000 7.100000 0.000000
2454110.805773 26.400000 8.300000 0.000000
2454129.876826 51.600000 8.800000 0.000000
2454130.746660 48.800000 8.600000 0.000000
2454133.853285 36.100000 8.900000 0.000000
2454134.732333 46.700000 8.900000 0.000000
2454135.872989 43.700000 8.500000 0.000000
2454136.847423 43.900000 9.700000 0.000000
2454148.683770 -128.100000 10.600000 0.000000
2454156.666419 -1.700000 9.300000 0.000000
2454159.785550 24.000000 8.800000 0.000000
2454166.768728 45.800000 7.900000 0.000000
2454167.763984 40.700000 8.100000 0.000000
2454211.632167 7.800000 7.900000 0.000000
2454231.599981 58.800000 6.400000 0.000000
2453342.897625 -47.280000 3.840000 1.000000
2453347.002625 -41.260000 2.580000 1.000000
2453355.833725 -34.260000 2.890000 1.000000
2453357.845125 -35.630000 2.910000 1.000000
2453359.851125 -28.420000 4.950000 1.000000
2453360.975525 -37.040000 3.190000 1.000000
2453364.977025 -41.360000 3.230000 1.000000
2453365.826625 -40.730000 2.890000 1.000000
2453367.822025 -64.140000 2.930000 1.000000
2453383.922026 -64.010000 3.370000 1.000000
2453390.753326 -27.690000 2.820000 1.000000
2453448.739428 33.620000 1.590000 1.000000
2453451.731328 27.480000 2.410000 1.000000
2453476.650729 -118.870000 2.570000 1.000000
2453480.637929 -127.550000 5.680000 1.000000
2453481.632529 -82.680000 2.080000 1.000000
2453482.632429 -57.030000 2.130000 1.000000
2453664.996635 141.470000 1.960000 1.000000
2453675.971136 127.440000 2.240000 1.000000
2453676.985136 123.130000 3.690000 1.000000
2453682.952236 20.690000 2.780000 1.000000
2453687.932836 15.180000 2.500000 1.000000
2453689.929236 61.280000 2.540000 1.000000
2453691.916336 92.730000 2.980000 1.000000
2453697.913336 123.870000 2.030000 1.000000
2453703.886536 147.520000 4.600000 1.000000
2453708.882436 146.260000 3.240000 1.000000
2453710.879637 150.700000 2.580000 1.000000
2453718.014837 136.360000 4.980000 1.000000
2453724.831037 129.030000 3.120000 1.000000
2453728.825937 121.820000 2.940000 1.000000
2453731.967937 83.910000 3.860000 1.000000
2453733.802737 39.790000 3.200000 1.000000
2453734.809437 -3.840000 2.640000 1.000000
2453736.946249 -86.320000 3.540000 1.000000
2453741.784049 60.980000 2.690000 1.000000
2453742.783749 73.140000 2.330000 1.000000
2453743.791149 83.450000 2.720000 1.000000
2453748.773350 128.140000 3.040000 1.000000
2453751.768450 139.710000 3.000000 1.000000
2453753.764150 150.890000 2.610000 1.000000
2453754.750350 141.440000 2.430000 1.000000
2453756.749250 141.780000 3.110000 1.000000
2453764.736050 140.770000 2.690000 1.000000
2453832.676153 100.920000 2.170000 1.000000
2453833.696953 94.870000 2.550000 1.000000
2453834.676253 85.380000 1.920000 1.000000
2453835.667853 63.550000 2.010000 1.000000
2453838.664553 -35.390000 1.960000 1.000000
2453841.645053 -46.030000 4.920000 1.000000
2453845.632554 72.930000 2.720000 1.000000
2453846.654054 77.920000 2.690000 1.000000
2454029.990260 134.420000 2.580000 1.000000
2454035.991761 116.770000 3.070000 1.000000
2454038.978961 102.210000 1.650000 1.000000
2454039.971461 102.130000 2.460000 1.000000
2454040.959761 79.200000 2.020000 1.000000
2454043.964461 11.480000 1.250000 1.000000
2454044.954561 -18.630000 1.810000 1.000000
2454045.956361 -72.290000 2.050000 1.000000
2454050.954661 42.330000 2.300000 1.000000
2454051.947461 52.820000 2.670000 1.000000
2454052.940061 67.800000 1.720000 1.000000
2454073.881362 125.650000 1.920000 1.000000
2454079.864162 130.080000 2.640000 1.000000
2454087.844462 95.940000 1.780000 1.000000
2454106.784263 63.790000 2.550000 1.000000
2454109.789463 93.540000 2.530000 1.000000
2454110.800163 106.190000 2.290000 1.000000
2454129.871364 105.980000 2.140000 1.000000
2454130.741664 103.570000 2.360000 1.000000
2454133.847764 88.550000 2.690000 1.000000
2454134.727164 92.380000 2.580000 1.000000
2454135.868064 103.200000 2.850000 1.000000
2454136.841664 90.930000 3.260000 1.000000
2454148.677865 -81.120000 3.410000 1.000000
2454156.661165 48.730000 3.710000 1.000000
2454159.781165 66.510000 2.320000 1.000000
2454166.763466 89.640000 2.100000 1.000000
2454167.759266 85.270000 2.000000 1.000000
2454211.630667 67.620000 2.470000 1.000000
2454231.600868 104.840000 1.780000 1.000000
2450823.557000 3745.000000 9.000000 2.000000
2450885.408200 3769.000000 11.000000 2.000000
2450885.421300 3774.000000 11.000000 2.000000
2450887.456700 3750.000000 9.000000 2.000000
2450888.428500 3748.000000 15.000000 2.000000
2450888.441000 3752.000000 14.000000 2.000000
2451174.589900 3935.000000 10.000000 2.000000
2451236.448200 3944.000000 12.000000 2.000000
2451266.340000 3921.000000 14.000000 2.000000
2451506.689500 3929.000000 10.000000 2.000000
2451508.602100 3911.000000 9.000000 2.000000
2451542.595600 3961.000000 10.000000 2.000000
2451585.475500 3958.000000 18.000000 2.000000
2451588.400700 3949.000000 14.000000 2.000000
2451590.425400 3945.000000 10.000000 2.000000
2451622.373200 3809.000000 11.000000 2.000000
2451857.642400 3917.000000 17.000000 2.000000
2451882.672700 3810.000000 14.000000 2.000000
2451882.682400 3813.000000 14.000000 2.000000
2451901.597500 3900.000000 16.000000 2.000000
2451909.613900 3921.000000 19.000000 2.000000
2451951.505400 3892.000000 13.000000 2.000000
2451951.519400 3898.000000 13.000000 2.000000
2451952.476900 3898.000000 9.000000 2.000000
2451954.492700 3889.000000 14.000000 2.000000
2451978.399200 3785.000000 12.000000 2.000000
2451980.441800 3705.000000 15.000000 2.000000
2452007.335500 3861.000000 15.000000 2.000000
2452253.697600 3827.000000 13.000000 2.000000
2452279.526600 3843.000000 12.000000 2.000000
2452280.520900 3822.000000 9.000000 2.000000
2452281.518400 3831.000000 13.000000 2.000000
2452308.585000 3857.000000 15.000000 2.000000
2452310.542700 3859.000000 10.000000 2.000000
2452358.395900 3824.000000 14.000000 2.000000
2452360.378300 3812.000000 12.000000 2.000000
2452388.366800 3771.000000 11.000000 2.000000
2452597.704700 3699.000000 12.000000 2.000000
2452612.706400 3783.000000 12.000000 2.000000
2452638.555500 3798.000000 13.000000 2.000000
2452649.606500 3673.000000 11.000000 2.000000
2452649.619600 3679.000000 12.000000 2.000000
2452677.524600 3799.000000 16.000000 2.000000
2452677.537900 3803.000000 17.000000 2.000000
2452681.544800 3790.000000 11.000000 2.000000
2452719.389800 3766.000000 10.000000 2.000000
2452747.343600 3729.000000 12.000000 2.000000
2452748.318100 3724.000000 12.000000 2.000000
2452751.347700 3672.000000 12.000000 2.000000
2452753.358500 3625.000000 16.000000 2.000000
2452777.373400 3762.000000 17.000000 2.000000
2451921.747100 3851.000000 6.000000 3.000000
2451922.804700 3855.000000 6.000000 3.000000
2451924.803600 3816.000000 7.000000 3.000000
2451924.815200 3820.000000 7.000000 3.000000
2451925.741100 3814.000000 7.000000 3.000000
2451926.792800 3773.000000 10.000000 3.000000
2451962.665700 3886.000000 7.000000 3.000000
2451963.696600 3880.000000 6.000000 3.000000
2451964.682500 3899.000000 7.000000 3.000000
2451968.684500 3861.000000 7.000000 3.000000
2451969.665900 3866.000000 7.000000 3.000000
2451973.655800 3853.000000 7.000000 3.000000
2451976.667200 3817.000000 7.000000 3.000000
2451980.649100 3669.000000 6.000000 3.000000
2451980.660800 3665.000000 7.000000 3.000000
2451982.685700 3717.000000 8.000000 3.000000
2451982.697400 3701.000000 8.000000 3.000000
2451984.752200 3789.000000 14.000000 3.000000
2451984.763900 3807.000000 16.000000 3.000000
2451988.608500 3847.000000 7.000000 3.000000
2451992.633600 3888.000000 14.000000 3.000000
2451994.645800 3872.000000 9.000000 3.000000
2451996.705900 3878.000000 9.000000 3.000000
2451998.663000 3869.000000 14.000000 3.000000
2452000.624600 3881.000000 11.000000 3.000000
2452049.466400 3895.000000 12.000000 3.000000
2452049.482500 3910.000000 12.000000 3.000000
2452055.477600 3874.000000 12.000000 3.000000
2452055.494500 3908.000000 17.000000 3.000000
2452289.797000 3685.000000 6.000000 3.000000
2452289.808600 3684.000000 6.000000 3.000000
2452291.741000 3652.000000 7.000000 3.000000
2452291.752700 3651.000000 6.000000 3.000000
2452293.734800 3720.000000 5.000000 3.000000
2452293.746500 3736.000000 5.000000 3.000000
2452309.683200 3858.000000 5.000000 3.000000
2452310.671700 3859.000000 5.000000 3.000000
2452312.714100 3866.000000 5.000000 3.000000
2452317.664800 3869.000000 7.000000 3.000000
2452328.716700 3843.000000 6.000000 3.000000
2452344.689700 3699.000000 6.000000 3.000000
2452370.567500 3853.000000 7.000000 3.000000
2452899.896300 3755.000000 9.000000 3.000000
2452909.859300 3569.000000 23.000000 3.000000