# level assignment, log likelihood, tiebreaker, ID.
0 -37424699.6624 0.664469216031 1
0 -4225495.1862 0.214174784618 5
0 -6329711.12839 0.558006439068 5
0 -17148453.1955 0.495295193969 5
1 -3746030.02616 0.550513106978 6
0 -19814301.7919 0.0706130159601 3
1 -1766322.49424 0.93539886209 7
1 -2240488.86022 0.13230653621 5
0 -5605574.22887 0.35987530984 6
1 -2345746.12194 0.887980304048 3
0 -6046173.66202 0.936944281085 4
0 -37608544.4993 0.250712750231 5
1 -3183821.88067 0.208561348453 5
1 -5516034.20225 0.925574159335 6
1 -3414454.41862 0.539348620744 2
2 -2516338.74873 0.671158474811 4
2 -1084886.10081 0.737863506391 1
0 -27103180.9507 0.57115613197 0
3 -795148.237191 0.267386715853 1
0 -11663627.8421 0.135762994936 4
2 -2489295.56828 0.443158653931 0
2 -1706156.36512 0.95055882239 3
4 -761422.875284 0.909666997084 6
2 -3066420.77431 0.418925159172 7
4 -629809.497177 0.576574163726 5
2 -2722643.82776 0.425390517054 5
3 -927715.624451 0.297350936669 2
4 -149718.423798 0.618628796319 0
3 -1685916.93696 0.0497740470018 7
4 -478561.669421 0.663644668466 0
4 -339029.862572 0.422119253981 4
3 -1728272.08827 0.77977756108 3
0 -41535654.5144 0.426367898159 2
1 -2756462.50281 0.71278116514 4
1 -1415054.35179 0.20074395138 3
2 -1710589.36165 0.239631926662 1
1 -5157929.80199 0.230296153846 6
2 -1834498.99422 0.892648300611 1
6 -252414.710137 0.361396295887 6
1 -3123286.10885 0.821107988747 5
1 -5699127.03354 0.916181244132 4
3 -1769504.85912 0.204069111345 2
1 -5133078.63155 0.148080513617 4
1 -656327.115486 0.096670352421 5
4 -897725.83406 0.0952296130732 0
1 -5789076.82917 0.492792864411 4
5 -414563.72348 0.874836440854 5
1 -2203227.76761 0.371200112949 6
4 -709024.651189 0.0553575164216 1
2 -3078678.68253 0.962393604104 0
5 -539546.032192 0.864502556036 1
3 -1729651.31334 0.476033392842 6
6 -210574.129028 0.498192402478 2
0 -30727345.9911 0.873367508526 3
5 -261395.532562 0.463632125448 6
0 -11382544.4212 0.746125339352 0
4 -746729.989344 0.359763244248 1
6 -160934.243336 0.641566844963 2
7 -167400.387275 0.477557735018 5
1 -4253296.56406 0.14547684363 1
4 -275406.34258 0.564904866239 4
4 -435841.642358 0.437728168163 4
4 -91412.1221825 0.788139972105 3
0 -17737563.8033 0.0559959575801 5
5 -51598.3938397 0.655883254403 3
5 -444418.789006 0.47743103344 6
5 -528103.840318 0.812701029522 7
3 -634303.355138 0.428015337133 4
7 -93152.8747614 0.415616210426 1
5 -436924.991343 0.0368997393111 3
7 -193014.354703 0.503849711864 5
4 -792144.548698 0.0886528364668 5
4 -814018.782451 0.254876703761 6
5 -553918.059386 0.525450205123 3
8 -77061.5197826 0.870752679311 2
0 -8582070.45762 0.82277444617 3
4 -478020.336789 0.317415012996 3
2 -541628.304562 0.378162985997 6
3 -1566137.81748 0.93545884529 3
3 -1290048.67394 0.193990205616 7
5 -386793.858321 0.0234857525707 6
5 -255684.893578 0.302220085187 6
5 -436842.169956 0.696040321335 6
4 -333523.042427 0.420282966308 4
4 -72087.3604577 0.210408591065 4
5 -421943.431291 0.0297893712901 2
5 -235363.372714 0.113406806768 6
9 -75141.0160293 0.927644368923 3
3 -498466.568525 0.55791092223 7
6 -202263.26255 0.854841296725 7
7 -108850.674719 0.491320294286 6
7 -38831.4230167 0.395446004651 1
9 -34264.3817126 0.653304684829 0
1 -981504.812494 0.25921667878 4
1 -1460087.13683 0.542530480546 3
1 -5132623.36161 0.178986104689 0
9 -65068.2997966 0.122520594654 5
9 -70569.4618384 0.127497153785 3
0 -10296292.5592 0.409120491781 0
7 -124075.634299 0.676780700442 5
2 -1954603.85113 0.561501413721 5
4 -477249.558406 0.552546903649 7
7 -168353.202355 0.482946790575 4
5 -223786.764929 0.826689146164 3
10 -37434.7664387 0.687667350439 5
5 -349540.787842 0.141272271492 1
7 -165071.834067 0.592496663225 7
10 -57565.3733438 0.665122231411 0
8 -97809.6067641 0.875738660956 5
10 -26320.1870452 0.0652600932209 0
5 -556493.120124 0.468358265189 3
10 -49637.5499597 0.474324513127 2
5 -433457.187272 0.72092748797 6
9 -74806.3691794 0.761714750966 3
8 -116021.648037 0.0190464318534 4
9 -47611.853769 0.712393574882 1
1 -2375327.95539 0.434422352133 2
11 -31127.7479095 0.0436562512362 4
5 -484001.68145 0.887991496507 6
2 -2957916.74914 0.0633709299898 4
0 -8594190.96352 0.489988306565 3
8 -92841.2472181 0.440782973919 1
5 -452531.231579 0.0707577402681 5
2 -2814813.56114 0.0890993213243 0
0 -27494181.2766 0.310092571302 2
10 -57380.1625279 0.90884718039 6
11 -37726.8014504 0.971768845897 5
10 -40635.9283488 0.556445826978 4
10 -51733.7840891 0.869718007464 4
8 -91214.1369278 0.374390933553 2
4 -1028007.08914 0.210601475433 6
11 -42885.9917554 0.358152729689 4
11 -38490.5056382 0.967469083866 3
6 -277198.61279 0.914721973364 4
2 -801602.602729 0.131533773735 3
11 -20627.0244736 0.897047882305 6
3 -261855.133243 0.873111394196 6
9 -72355.1198468 0.306584332502 2
11 -36646.7647012 0.667749633695 4
1 -4902103.5182 0.46171009892 4
4 -809694.429324 0.150113941957 6
0 -3768333.91705 0.0685954110748 7
3 -818810.359179 0.494020479052 4
1 -3903036.43291 0.301669373772 4
11 -23021.9094462 0.514102041417 1
1 -3816576.48829 0.231135445311 1
7 -140479.685588 0.715178162865 0
9 -73427.5530847 0.143305649796 2
3 -1140213.19376 0.843233957072 3
11 -25449.620601 0.615664392429 4
5 -531352.838712 0.0932374398839 6
1 -2140793.8813 0.351201811047 3
9 -13896.0256557 0.257340417126 7
13 -21963.9504981 0.249532129046 5
11 -38486.2605839 0.182574011693 7
2 -1311277.50818 0.669997056092 1
4 -815632.761697 0.35972146444 5
7 -73927.1481535 0.740359885843 4
10 -35922.1143821 0.963981201768 2
8 -78147.7083202 0.0338303588486 5
9 -66535.2638315 0.935968355627 1
10 -46164.0207936 0.136788734691 2
10 -58765.3042769 0.358406881138 5
11 -21696.5135636 0.775444434195 7
10 -29737.2699903 0.602762413325 5
0 -13728285.7884 0.274463904396 0
11 -41641.5240207 0.270540937894 4
12 -31707.2628735 0.0808505501393 4
14 -8263.25834587 0.383331522233 6
6 -229523.071172 0.382233195763 3
9 -69662.1626455 0.726567474022 1
7 -148772.793879 0.0499535412107 4
9 -75259.7050521 0.445011769935 2
11 -35449.2308558 0.351709211953 6
3 -1566326.64637 0.0691125815602 7
10 -32774.682931 0.247875194326 6
12 -28551.2956956 0.823623380517 1
14 -14035.3721189 0.390446703474 1
5 -401103.578024 0.925145324067 0
6 -127746.260593 0.39604964758 6
13 -18954.1552043 0.758324283872 1
11 -36231.9326286 0.0549704496609 6
14 -15902.4497203 0.81411949549 7
5 -462623.026637 0.450722888903 6
10 -59757.9583913 0.949198878215 2
14 -16785.2487892 0.0627236720865 3
10 -40903.1584032 0.971828084956 4
9 -55074.2522597 0.508314571377 1
11 -37601.5602661 0.0198107245151 7
15 -9949.37290777 0.262505247599 6
15 -12858.7588983 0.660355298106 5
5 -490666.615714 0.136299275325 6
8 -89682.6088366 0.622982437561 4
15 -12072.7670914 0.660573129029 5
13 -20446.6893605 0.217017730486 4
12 -29599.7072432 0.952141539224 3
5 -218051.701091 0.637922350447 3
15 -10046.3857066 0.0908648803524 4
5 -523504.339345 0.703767737957 3
11 -32190.5698067 0.478523195793 6
14 -14786.9132402 0.982000356598 5
7 -166224.618556 0.461884734854 7
1 -5178041.72067 0.24985477343 4
6 -268366.382174 0.0560795405102 7
12 -26960.1365156 0.718262150005 0
2 -2202532.04432 0.183516931697 1
16 -8410.03319136 0.961833186778 5
0 -6672503.29822 0.481230028479 1
0 -5789197.04554 0.465014696338 4
14 -9670.08233471 0.650293063421 3
15 -7033.81201274 0.775305548508 6
1 -2277252.60988 0.430441084705 4
2 -2745873.9373 0.127991420463 1
8 -112220.785983 0.920336013055 1
9 -60635.313 0.716037703627 4
0 -3826257.90437 0.0590011411526 6
4 -720885.582688 0.836476656637 4
12 -30526.2288854 0.0447182108935 6
16 -8319.17136248 0.854428130944 0
4 -638694.415689 0.808784983061 7
0 -26826296.95 0.192412026043 4
13 -14862.3673137 0.801318368245 5
0 -2999014.09204 0.743133155444 1
7 -115462.307845 0.81448454715 4
8 -57251.8145648 0.86120237329 3
8 -87757.5468977 0.93283386792 6
15 -11058.9253149 0.177420630957 0
15 -13025.2609564 0.926909503486 7
6 -303368.004157 0.913396299508 3
14 -16642.6731083 0.661397496594 0
16 -7767.91807425 0.242413417903 4
5 -400381.016972 0.291891548869 0
15 -12977.4494052 0.473945179374 2
16 -8403.6133788 0.523257815915 2
4 -1021066.37534 0.858487476785 0
11 -32132.1259973 0.413025108268 2
13 -18252.1955014 0.916548245374 1
13 -8512.67523487 0.424534946673 7
6 -303648.985535 0.321040369137 3
7 -158227.385107 0.929258794712 4
15 -11041.6533039 0.843215600717 5
8 -72599.0264952 0.442555126621 4
15 -12777.1646205 0.39949021257 7
14 -8516.2223034 0.0720411549192 7
7 -185240.134315 0.4239324597 6
17 -4254.97472166 0.0958144927416 3
10 -55097.4358729 0.840756217743 6
13 -18458.5383085 0.989857880926 5
6 -179725.158183 0.932208635504 6
11 -19197.4980086 0.184925784702 2
6 -100933.962513 0.473516888693 1
7 -158563.46316 0.137392766565 7
5 -310114.226718 0.907237825306 0
17 -3894.60291066 0.0602184931975 5
18 -5383.25449672 0.502406813689 4
7 -186758.300863 0.962706131846 7
11 -29037.2828835 0.862116317665 1
14 -13087.6913431 0.356045470556 5
17 -7475.44593554 0.621482880839 5
16 -7794.68290938 0.0278680164155 6
17 -6578.3881128 0.685972008074 1
15 -11526.2508622 0.835257909595 4
5 -111156.778288 0.148122952482 7
11 -35443.2970169 0.545888853108 0
18 -4518.66843957 0.141634821552 2
1 -2392203.08838 0.0706273665031 5
7 -113436.185008 0.0118997764949 5
9 -78786.2774368 0.180748936633 5
17 -4231.46794439 0.0544678326748 2
12 -24130.1361094 0.251762913268 5
7 -48753.5405162 0.240889087729 3
12 -21585.0177482 0.355781483309 5
17 -2867.84420402 0.901441186387 5
16 -5682.07594311 0.671324444567 4
17 -3808.44839489 0.27269604281 5
17 -7180.39626242 0.896484679608 3
2 -644459.662824 0.927303706955 2
15 -12266.5451812 0.720863766692 7
19 -4607.51626366 0.899654028714 5
6 -290942.646041 0.157596856611 3
16 -4700.3212731 0.813628236386 1
14 -8317.9985879 0.584503173539 1
4 -694063.603327 0.535624247693 6
17 -4829.65300819 0.689566718396 4
19 -4595.75115126 0.613339255159 1
19 -3939.40978608 0.45520875053 1
5 -358928.590743 0.0250783650594 3
18 -4677.554243 0.651178579032 1
13 -20610.4963799 0.553526062594 0
10 -50759.1946459 0.324319582946 7
10 -41019.5559452 0.0596979402786 1
17 -5942.27522439 0.909923328954 5
2 -1895080.82258 0.761213864538 1
6 -150603.945752 0.216570448258 3
11 -34873.7945531 0.255106271984 4
17 -5879.16626017 0.424682957698 7
15 -11511.4881171 0.2469351808 0
13 -15900.3591099 0.456631271501 7
9 -22573.4783804 0.0920499814359 3
19 -4308.79029521 0.664916085505 0
8 -52287.4186508 0.783116204585 4
17 -5639.99111065 0.071835795543 6
1 -3532275.04432 0.950033306665 2
15 -8934.14868779 0.0881891991837 3
20 -3388.80642821 0.32740136446 1
14 -14236.6350332 0.457171038238 7
1 -1970557.52333 0.100958734099 2
4 -251720.940854 0.299141980731 2
12 -30176.0845669 0.985812557364 5
15 -10752.2521767 0.182319831947 0
13 -14332.5331185 0.240505640871 6
15 -10332.1773328 0.891978141515 5
18 -4455.87510942 0.846132805668 5
18 -5422.32051279 0.6363022047 0
5 -379480.454436 0.278658762724 4
20 -3759.31407595 0.0731775645621 2
16 -9873.67466398 0.933892823733 6
9 -54126.9585436 0.134910507583 4
6 -142637.997192 0.5328390513 4
16 -7783.10504662 0.901261549428 6
12 -20074.7033452 0.670041046556 3
6 -282473.88538 0.990367758791 4
12 -30968.8378765 0.221992724766 6
13 -22852.3213807 0.685586587293 3
7 -171800.111185 0.0474632711905 0
21 -2956.16894188 0.63178881647 4
16 -9694.47129259 0.49218782784 5
8 -115172.580874 0.235964172424 6
9 -50440.7902996 0.267168767474 6
16 -6332.83745819 0.383320859786 2
17 -6526.64756622 0.517155197968 0
18 -5423.47655521 0.215682815831 4
11 -36302.4846205 0.776794620484 2
1 -4935228.36321 0.312225404418 3
1 -4668743.63117 0.545541718208 1
15 -12356.8672077 0.57950483052 5
17 -7583.30149959 0.324197175535 3
18 -5908.47104859 0.955741837713 4
6 -231704.536381 0.751114352357 4
14 -10558.5222302 0.467206948046 0
4 -515685.552089 0.024059802361 1
7 -192027.479 0.411063218222 4
8 -48999.0149032 0.492821950681 7
19 -4120.56831072 0.308731110393 2
0 -49067446.1481 0.418374202075 0
3 -997522.044562 0.241870563056 0
19 -4092.36028614 0.445659182725 2
12 -30372.802874 0.555704651237 0
21 -2548.19453747 0.00283868642603 6
13 -10363.7384033 0.881059096298 0
16 -4065.92233459 0.855484689581 6
22 -2662.81482837 0.720453252251 4
10 -27924.6651563 0.856921415287 0
19 -4199.82823052 0.922193451823 1
11 -21684.4725866 0.317121786843 5
0 -4411818.7204 0.70997056445 3
0 -1140842.08471 0.275664209164 5
21 -2406.89329195 0.796465475511 4
8 -77163.0456221 0.169179484709 4
14 -6862.17013516 0.592908905989 6
21 -2192.29765698 0.520904727611 1
22 -2141.30974554 0.255231435387 6
18 -4574.87488587 0.400331384662 7
3 -1557558.05544 0.311029398285 4
19 -4248.12460715 0.492889563622 2
15 -12630.4646842 0.887457405385 6
14 -12897.4974722 0.561306378305 3
20 -3466.19824312 0.321577236415 1
22 -2166.34380587 0.407301330494 6
18 -4360.84801772 0.00673594719611 1
1 -2015234.92757 0.546711428638 4
18 -5190.24011797 0.369688270657 1
9 -77992.3196064 0.962497893337 5
11 -36744.0459218 0.529907312299 1
20 -3032.04278886 0.202906192481 6
12 -31197.1688283 0.53468955998 1
12 -27374.7076346 0.66209768369 5
5 -426777.515026 0.322573414338 5
2 -2339364.0429 0.368899416375 2
13 -21663.4112992 0.633237806456 1
22 -2712.38824434 0.110368985699 4
19 -3616.03191947 0.792630337616 3
19 -4062.1480669 0.557820898117 2
22 -2392.21898133 0.462532938806 3
16 -7334.48027044 0.696498385646 1
8 -78846.3069347 0.803328904725 3
15 -10539.5631526 0.0254646785011 7
17 -6996.1926029 0.931837350614 5
13 -15063.9592353 0.961410564499 6
13 -19832.7357042 0.395929965824 7
17 -7473.96700961 0.66198956775 6
12 -27218.2763378 0.556628541554 5
16 -7590.5924649 0.374698592121 6
15 -12025.617617 0.71052536681 0
10 -59303.8656621 0.680683774586 7
21 -2818.14535614 0.830069493237 2
11 -28951.2981486 0.460441310178 7
19 -4140.95413977 0.698641078932 6
13 -12012.6318557 0.295698818027 6
1 -4053518.71753 0.970322584652 5
3 -1745766.98249 0.624811367439 0
22 -2169.66742522 0.226595386797 4
9 -79905.8794322 0.544345278284 5
9 -68566.4968284 0.565124959298 6
22 -2650.17879806 0.179565044164 3
20 -3060.11610595 0.76190385528 1
19 -4401.18875128 0.193959967606 4
23 -2155.35087851 0.191412983402 3
11 -37011.6124685 0.952705336542 4
14 -11460.4618635 0.712901345174 0
13 -14390.6139758 0.702579458646 1
11 -21006.995103 0.382267603043 7
13 -11379.5012975 0.081820913912 7
10 -54430.1892852 0.960763611731 0
16 -8603.77254381 0.121948520242 4
19 -4733.3708104 0.697586452792 5
20 -3623.18186509 0.0965118367146 0
9 -28367.7177706 0.877112941576 3
23 -2330.99648421 0.747578420745 6
9 -51697.2122843 0.450026065583 2
22 -2000.97852562 0.313755778544 6
23 -1718.34584057 0.742953141486 7
18 -5527.99896829 0.777829570937 1
23 -2252.15283543 0.868469321013 3
10 -44987.0477632 0.829350619419 3
1 -1495159.52674 0.526103620392 3
4 -1038501.97791 0.827179933775 3
9 -59668.2790737 0.883309159773 0
9 -77504.4344469 0.534256291817 1
11 -35653.1677331 0.928518349452 3
20 -2576.33850606 0.771903890031 0
23 -1878.58230394 0.755219560726 0
11 -25955.4396125 0.220406449246 5
5 -561151.677116 0.335706112016 4
10 -41180.2550367 0.827512763536 2
2 -2863186.29496 0.779975758212 1
0 -4166426.85347 0.741971999905 5
16 -9992.48097059 0.586540680568 4
18 -4982.18005358 0.406954364661 2
22 -2731.25128461 0.722234627778 7
22 -2442.69395571 0.525063131296 2
15 -7158.13857112 0.854010447417 4
7 -119573.063735 0.609984916251 5
25 -1779.80218887 0.0502724685227 7
10 -54678.819331 0.764468669842 4
20 -3611.81522864 0.530564811536 3
9 -77943.5514881 0.345051312215 5
23 -1754.37900947 0.928197172555 7
16 -7146.55932856 0.42006596999 4
16 -9409.42627609 0.545855481747 4
23 -2167.57835252 0.54054050721 2
23 -1943.32414369 0.279249221477 2
15 -9937.98512985 0.716937791182 0
18 -4381.20772698 0.822898933535 7
1 -4067349.27387 0.101176265104 6
21 -3091.8969838 0.124796401347 0
26 -1744.13148896 0.759959001128 4
11 -34041.5992404 0.108299284198 6
0 -1221917.81743 0.46247914292 2
19 -4435.56671473 0.383925070372 0
8 -68112.3711233 0.200080131606 1
13 -23128.8218492 0.980466451895 6
20 -3560.7663522 0.275580336692 7
5 -297606.577191 0.476113061419 1
20 -3853.68569695 0.0969284906306 5
23 -2285.58341638 0.733635039838 3
15 -12323.0125644 0.142259421172 6
11 -42502.8120506 0.0564087896336 3
23 -2167.02332435 0.634059327608 7
17 -7084.86768272 0.98744184126 7
16 -8198.25762839 0.938143202102 6
25 -1725.62486597 0.358209668465 5
11 -28817.4652824 0.98630490428 2
10 -57589.4227321 0.427894880942 1
20 -3693.27345389 0.00182517493976 0
11 -34058.7577258 0.639901395567 2
21 -2798.49834143 0.839878763967 0
24 -1693.96314165 0.300860348565 7
7 -123590.424145 0.780313872459 6
7 -180440.218729 0.363022079654 4
19 -4312.78243367 0.153344433954 7
23 -2376.6675425 0.532464594569 7
7 -133786.94964 0.0893691344452 0
23 -2144.43266766 0.446960368344 2
8 -96863.2103704 0.455851356135 6
26 -1672.87531614 0.701271621349 7
11 -28735.932511 0.364022284339 6
21 -3074.33990933 0.437838926907 1
23 -2318.44935161 0.43145045665 0
18 -5819.52984301 0.721192970775 6
25 -1873.81653322 0.414947466833 2
16 -7249.92313832 0.450393471294 3
26 -1683.09667379 0.833354719284 7
22 -2720.40770296 0.761533489729 4
17 -7120.73841353 0.0353445664238 1
17 -5869.57613168 0.969858886472 5
0 -2285006.28959 0.373630052363 3
24 -2101.67024803 0.726360282497 5
19 -4563.70621657 0.334002825184 7
17 -6200.7296785 0.883491468943 5
24 -1999.91081328 0.97054967998 4
22 -2492.77706914 0.589833865971 6
24 -1952.85035675 0.152639237727 4
26 -1795.25786083 0.181620152433 2
19 -2968.34192032 0.149452966424 0
15 -11179.2133874 0.92946891659 0
7 -142488.626266 0.781807201352 7
4 -77244.5575384 0.814043848885 3
4 -402244.508012 0.43960769761 0
26 -1692.11120332 0.402744919483 4
16 -9711.00742349 0.87855415558 0
14 -16108.4637182 0.592422705218 1
18 -5339.73969927 0.701602530024 5
6 -242847.54569 0.083076270597 1
5 -487527.456982 0.805315841872 3
15 -11734.4997346 0.631915920384 6
15 -11925.4902053 0.980101714115 6
12 -22704.4791117 0.870441684651 6
24 -1985.63696215 0.000346400007168 0
18 -5841.53870691 0.040536819317 1
26 -1797.76366196 0.964539753543 5
21 -2868.69989481 0.155406807683 4
19 -4169.20496682 0.350061627144 1
16 -9727.82406184 0.469761653235 4
27 -1705.31203536 0.443510030915 1
11 -29861.607449 0.364906580272 3
23 -2193.61125021 0.0744343475204 1
27 -1679.10263079 0.148660027002 1
16 -3450.29527639 0.902162665129 7
22 -2207.92286336 0.849237242517 5
10 -26566.6948617 0.874235359412 2
27 -1614.73444796 0.349893482736 4
26 -1738.72112957 0.447180039153 4
21 -3144.37999216 0.0119649843428 5
12 -26804.1671071 0.559789166333 6
23 -2132.46436944 0.784530299456 7
25 -1834.23166509 0.580142828308 5
13 -22865.3952017 0.324347398633 1
14 -16551.2773391 0.32076469822 1
24 -1792.1564652 0.462480765685 6
19 -2659.40107156 0.683878015911 7
19 -3639.13324436 0.974013155934 6
16 -6717.42644531 0.41607283674 6
13 -13590.457712 0.165319631586 3
6 -152419.092087 0.585145216805 1
16 -6120.71662879 0.898668419224 4
6 -234635.510001 0.31077115326 1
26 -1737.52462752 0.94976307707 5
25 -1852.04869739 0.38587042158 4
11 -38492.2368847 0.221986538154 2
18 -5636.13770594 0.789496492165 5
22 -1753.65693732 0.648276665227 7
14 -15687.7273867 0.351898177155 6
19 -4256.51492372 0.71513184536 1
27 -1686.96848202 0.350967342613 0
23 -2241.29120836 0.766763414692 1
15 -7369.77946031 0.184911851264 5
11 -38871.5920156 0.53091520541 2
27 -1700.64356281 0.0518494822996 7
17 -5938.02446592 0.30775675362 0
21 -2884.99984714 0.427169228045 2
22 -2033.96434769 0.519716457271 0
25 -1718.46938121 0.708963327028 2
27 -1570.77332648 0.575012124675 3
15 -12882.4795102 0.1930201571 4
17 -5638.47747341 0.58065199375 5
14 -11280.9604053 0.600290110417 3
26 -1783.60334099 0.61143646315 0
23 -1665.53693151 0.34821781362 0
26 -1687.87654781 0.80027674163 7
5 -444830.829938 0.536329799356 1
27 -1638.21108707 0.997846892066 2
25 -1759.89431041 0.18156319896 0
11 -36029.9008414 0.513026748637 6
7 -56699.1495852 0.434668847328 6
26 -1685.3837469 0.755440324659 5
28 -1602.17703616 0.75592522008 4
25 -1687.6856042 0.163017355536 4
1 -2971411.20025 0.551664548213 1
0 -6245234.46533 0.176093231118 1
28 -1639.26373362 0.449485768338 2
1 -1364059.28312 0.927792915676 1
12 -21783.2811124 0.59947116737 3
29 -1577.34666817 0.405733103494 6
27 -1637.05394585 0.620670179272 7
29 -1572.53238309 0.439502382759 7
4 -377277.029032 0.810286872314 3
22 -2228.55771673 0.0903482115623 6
2 -1642418.49937 0.176399969409 0
20 -3233.62903308 0.124431289623 4
28 -1539.48862693 0.119083629179 4
22 -2556.44018492 0.881613033127 1
2 -2121762.75487 0.227939372955 3
4 -996665.184977 0.21384351477 2
20 -2818.96835813 0.446255261916 5
20 -3393.20466703 0.179207537118 1
6 -159845.106591 0.802788681726 6
16 -8802.49088004 0.0887465398295 5
7 -106573.164863 0.977279045882 6
20 -3320.11659864 0.330498796191 1
20 -3711.50226001 0.20934608975 5
2 -948795.146267 0.646583227859 2
21 -2781.03597048 0.486377737639 0
28 -1599.83660963 0.146546457107 4
22 -2072.89267714 0.472999793545 5
17 -4158.2016068 0.934137171719 3
17 -3611.11708866 0.971479630378 7
26 -1681.58640256 0.938668453928 7
21 -2822.27883135 0.872854872359 6
23 -2355.67011282 0.518999069066 6
17 -7371.29798736 0.655976536895 4
24 -2122.34557789 0.199016501767 3
25 -1811.82930817 0.586379582293 6
25 -1898.49970175 0.257142328443 0
22 -2006.08742842 0.598400502069 3
29 -1572.86581632 0.647468766113 5
23 -1904.63974448 0.0942831494367 5
17 -3931.06665782 0.291059713 7
22 -2688.75108298 0.598472990294 6
8 -89595.7853193 0.19474893791 4
26 -1682.95529051 0.472474587014 0
12 -26211.6120069 0.465061292177 5
10 -45459.6171209 0.491111295211 1
9 -57113.7888681 0.399442525368 2
7 -129647.493182 0.949903840524 5
9 -60846.5352038 0.33270846531 5
27 -1622.21294529 0.351170419831 7
27 -1700.11264207 0.720122643649 6
28 -1637.5878647 0.15217490634 4
4 -669985.989914 0.484174028765 5
7 -111106.988477 0.434082878926 2
30 -1566.0093234 0.261511801133 4
28 -1593.60575902 0.374302564169 3
14 -15935.9592956 0.867002558767 3
25 -1836.03115097 0.364321968391 6
11 -35107.8157397 0.0444890160436 3
31 -1539.23880498 0.679588930139 0
10 -57804.7800008 0.663702258164 7
28 -1592.63612192 0.677909036515 0
18 -5114.15478249 0.818961219056 2
29 -1575.38813399 0.21172954371 1
6 -282064.617076 0.716101434284 3
16 -9567.02047266 0.602310266382 7
20 -2984.16253226 0.442971358387 1
23 -2038.6526948 0.108678950553 1
23 -2330.32379629 0.661399339149 0
23 -2359.69776794 0.620648687488 1
28 -1606.43945285 0.31948373664 4
31 -1540.14816134 0.296941590852 4
30 -1560.43827013 0.807242167001 4
30 -1571.09846188 0.088968043781 3
25 -1790.8034725 0.150385645692 1
26 -1730.98884574 0.203600311816 1
21 -2815.05946257 0.250408078559 5
24 -2015.50561785 0.70703361159 7
29 -1563.29086186 0.841030168637 2
25 -1764.66098317 0.70910548966 7
21 -2778.65348767 0.452096226163 5
19 -4314.99834213 0.780276724085 0
20 -3656.44227333 0.804031237874 3
18 -4912.58166952 0.0152371028868 3
24 -1997.29548472 0.866318457286 2
24 -2123.96719988 0.332116045989 6
18 -4846.44334526 0.518701699619 0
21 -3141.98160607 0.974236385619 5
21 -2827.82901626 0.716240648958 4
15 -12061.4169932 0.429898433982 5
24 -2065.39073447 0.560731934808 5
4 -420800.331424 0.751869652244 3
18 -5884.28534311 0.815603518586 0
32 -1523.35176624 0.241000331834 2
32 -1528.28089962 0.676081047887 6
25 -1790.3641166 0.0724467887423 0
21 -2950.19415257 0.235657485165 5
31 -1550.57894791 0.663650680792 7
26 -1659.20615686 0.631432922906 1
22 -2619.07882197 0.28865880468 7
32 -1528.90789996 0.0262297019929 2
15 -9799.70992861 0.669807173467 6
16 -7005.19399589 0.977158055303 4
29 -1598.29189895 0.192622480371 0
8 -81643.3776254 0.0152037239474 3
30 -1528.67089205 0.693203408848 0
31 -1545.47820236 0.294597897158 5
27 -1698.18453029 0.526324230981 6
24 -1943.99891252 0.111217398184 6
33 -1509.76289277 0.998213089206 5
31 -1507.47472767 0.645135315052 2
32 -1529.1347372 0.532247394045 5
23 -2225.10447057 0.471281422988 2
23 -2125.84860341 0.865673281282 7
10 -51121.8589046 0.589532147577 3
30 -1556.60991144 0.0232474787351 5
12 -23665.9707793 0.217544042704 6
33 -1507.43693041 0.588078028756 4
1 -3928676.40183 0.823981303591 2
1 -4335608.39246 0.476205359964 2
33 -1521.78356385 0.329318571912 0
29 -1570.8070481 0.521319203578 7
31 -1536.12903408 0.635657894383 0
29 -1592.32601489 0.987660547623 1
28 -1602.35143617 0.544531641492 6
32 -1531.94203624 0.871457397145 1
31 -1534.80167422 0.123604557332 1
30 -1535.10587309 0.506624469904 4
32 -1524.27727719 0.127987690376 5
24 -1935.69229968 0.526655479725 1
24 -2075.89417711 0.61617128403 1
25 -1707.37172008 0.0155461540194 7
27 -1702.59030767 0.879238526881 4
33 -1515.74319809 0.29871323745 4
21 -2806.78603261 0.0638880249025 2
19 -3380.16814049 0.0776638469499 0
31 -1548.6129832 0.365263034913 6
20 -3382.47420486 0.497618653391 5
24 -2057.70224814 0.554699965274 1
20 -3714.78757165 0.968605009301 1
34 -1506.32344834 0.911335709528 7
33 -1505.02254169 0.0134939437921 5
8 -104844.907836 0.812933489956 3
30 -1550.45145696 0.271566649668 6
29 -1530.33945992 0.705206297474 2
28 -1597.67101217 0.645727520594 4
11 -28429.958286 0.832166407048 3
23 -1972.90516849 0.784106363693 5
31 -1550.49380452 0.292088280741 5
34 -1509.76793632 0.39047883435 4
29 -1589.62802243 0.171991068402 4
34 -1502.61934991 0.78591686423 5
34 -1507.72165709 0.705517844086 4
32 -1531.75789194 0.300279965813 7
34 -1491.19932374 0.312648906239 4
35 -1487.46349965 0.432360547662 1
29 -1577.44368642 0.999236654572 6
30 -1553.64463444 0.251042133426 7
25 -1817.21338918 0.662584399082 5
35 -1494.20231054 0.456866212996 4
35 -1494.85684592 0.889760435496 6
30 -1540.87437834 0.946192221403 6
33 -1516.68575343 0.488495133008 6
31 -1539.84316699 0.327481460044 4
1 -3256950.06745 0.985823245286 3
10 -59737.9100351 0.533704765858 2
22 -2455.44416721 0.545566028094 0
10 -42581.0042515 0.282057174939 2
32 -1530.70266024 0.301707053494 0
24 -1871.82099101 0.971440890491 3
23 -2278.34637297 0.919115047238 3
5 -339250.979026 0.18334351422 5
33 -1514.73788129 0.467119589014 6
28 -1628.64443779 0.463646506649 2
34 -1504.13125306 0.804352945685 0
9 -72924.6856422 0.563243577253 7
34 -1505.0772706 0.698554732015 6
9 -65049.0545745 0.547313769968 4
33 -1507.10424198 0.176776390358 3
32 -1531.47227606 0.842036347838 6
12 -25059.5148012 0.259532275227 4
26 -1674.76421519 0.351480739568 1
3 -1143526.28938 0.0966309314666 4
35 -1499.01789999 0.789508041287 3
11 -30563.1674895 0.576698919108 5
9 -14507.4270977 0.717010255718 0
34 -1506.62322635 0.363921733401 2
17 -7498.33694078 0.540586273192 5
17 -7529.25567452 0.346531697752 5
5 -359381.708441 0.897782915652 4
31 -1538.96923362 0.767390445295 3
5 -93566.1301801 0.0449582307352 4
30 -1556.50987193 0.987195548935 1
21 -2620.48991572 0.105031574666 4
35 -1487.35770572 0.435785038427 7
28 -1638.73989289 0.153031951761 2
13 -13390.4319298 0.411464459269 0
10 -58250.4900118 0.188880259853 6
36 -1485.50804466 0.150189839852 2
13 -22052.88725 0.915917153709 6
27 -1661.0675531 0.444027010817 3
4 -664606.241378 0.471073753128 6
13 -13819.3418696 0.0910011418799 2
3 -234196.488536 0.691959109357 0
25 -1897.16651639 0.55500928483 1
29 -1585.9215541 0.0915454641353 3
30 -1562.25052982 0.442146879481 5
32 -1530.12061743 0.485581169428 5
13 -16191.2654128 0.816050219536 6
34 -1510.7294024 0.0570570188747 7
24 -1778.57611031 0.832416163679 5
25 -1892.89202963 0.568101818733 2
30 -1536.14915155 0.612247567191 0
26 -1746.31366305 0.606137943066 2
27 -1670.58297628 0.85923311876 3
36 -1467.51147793 0.312308359939 7
0 -10607529.4559 0.695820144235 6
34 -1508.88262595 0.14276593238 5
14 -13325.4393798 0.108761563049 2
23 -2359.77344094 0.451763548205 4
27 -1605.35636725 0.110953314597 0
37 -1477.62457217 0.552307621599 1
36 -1485.56958951 0.999430021063 3
29 -1560.1288133 0.350558751034 3
17 -4083.84366345 0.4189457658 6
32 -1524.55295513 0.946209851286 3
17 -7060.46408792 0.271172191997 5
0 -3776886.92785 0.186800179971 2
37 -1482.14541749 0.17143305096 3
23 -2046.70735637 0.302152067022 5
12 -22573.9067797 0.492672724682 2
17 -4313.27305152 0.73918061038 5
22 -2134.60451692 0.680188205993 4
33 -1516.14753832 0.836623782782 1
31 -1546.44062592 0.0672958831928 1
33 -1518.90128894 0.423680049718 4
34 -1509.3318028 0.124454386674 6
34 -1504.86059676 0.403932008631 5
37 -1473.86239767 0.732314008132 1
24 -1699.04499894 0.985025122589 5
36 -1486.57637295 0.661020612376 4
37 -1478.60468885 0.850070677228 6
9 -57447.8635759 0.903741755584 2
37 -1483.45705241 0.877564605684 3
35 -1471.46244063 0.867340959276 3
33 -1497.56575478 0.490559963319 1
13 -18629.9604301 0.113670084572 7
15 -12835.814281 0.593324547997 0
34 -1511.59288223 0.898803364596 3
30 -1539.98585109 0.593431905252 2
30 -1550.11674095 0.866683014851 4
27 -1699.72500154 0.902426310795 4
14 -13889.9704914 0.259694080593 5
21 -3191.98692618 0.495135741572 0
25 -1864.67848717 0.592450285851 6
20 -3545.86617737 0.220926318925 0
18 -4148.08016441 0.109001061431 0
28 -1583.39982174 0.669290538257 1
14 -12453.6705105 0.515276727803 3
37 -1482.60333703 0.330836376587 7
0 -13463974.9327 0.532143542074 2
35 -1500.72805379 0.947459198972 5
30 -1551.08138741 0.783057921329 0
15 -11946.5730201 0.148058802254 4
15 -12250.6534353 0.0610451124455 2
34 -1507.61573539 0.261345777954 6
25 -1873.72947276 0.447002004419 6
25 -1916.09535673 0.848254708328 1
36 -1491.96468242 0.327005283879 5
36 -1488.20849145 0.384123231116 7
37 -1467.16320113 0.239436312104 6
4 -814612.805703 0.9084643985 2
11 -9261.78445699 0.7481005922 3
30 -1555.90765199 0.211321350942 6
34 -1510.4484993 0.831909969695 6
17 -6515.22177762 0.107637936863 1
5 -210316.398041 0.716384961619 3
32 -1526.86643359 0.855533622151 5
7 -50157.8931075 0.703277418838 4
33 -1516.25935104 0.926008332179 0
38 -1463.59833961 0.69307011226 6
4 -750046.451167 0.343069434177 3
25 -1883.75530816 0.296031144829 4
38 -1471.82387053 0.931544764792 6
0 -32341941.6987 0.520552480236 2
20 -3721.94673057 0.309350782 0
35 -1497.95218706 0.309987907847 6
34 -1493.88819447 0.433675717289 4
24 -1846.54790687 0.834393271275 1
9 -69811.1013723 0.913589732506 5
33 -1519.28443138 0.234033068845 0
3 -1428353.75296 0.195788088145 5
36 -1486.18559645 0.0848760334782 7
37 -1483.26722157 0.05613290895 7
29 -1596.19335647 0.682705773532 0
24 -1835.64317162 0.801466769039 0
26 -1787.18880537 0.37101900359 4
34 -1501.67383506 0.198356794985 7
2 -1454075.5241 0.283613147765 3
32 -1526.57793495 0.992533103597 6
6 -111060.830191 0.166118838277 3
30 -1563.37112244 0.586886172195 1
27 -1645.38091098 0.145057216721 0
31 -1544.28870937 0.155093164002 7
4 -1037552.10028 0.415432600508 3
27 -1666.11797909 0.355195939714 0
38 -1476.12236878 0.367763707668 6
8 -97981.5609425 0.990521651352 1
10 -49250.0185947 0.617281921888 1
13 -20045.8623524 0.710676604011 3
20 -2994.44798302 0.614900765789 4
13 -16918.3335724 0.147696298607 7
34 -1501.59080295 0.66675982179 1
31 -1546.18227387 0.0548200735981 6
34 -1507.95580216 0.0133231729651 4
3 -824429.012513 0.647496621066 5
37 -1475.97944572 0.127204314364 0
0 -5398220.46322 0.17388715309 5
36 -1476.18839319 0.519166089103 0
29 -1536.93623141 0.80497833375 4
30 -1537.69476964 0.863504482723 1
36 -1489.0498057 0.170680633085 4
5 -536948.73301 0.110340792882 7
28 -1614.2396954 0.866442580448 2
38 -1474.01943816 0.572780015596 4
11 -36568.1957429 0.75808414551 5
11 -34228.5262464 0.420494019199 5
11 -25098.8993689 0.3281981831 7
36 -1465.62828444 0.0290495570779 1
37 -1484.82165961 0.100940912628 1
19 -2226.88357577 0.5525448578 3
27 -1621.82887871 0.0223834224483 2
24 -2108.89341317 0.51576237061 0
9 -59298.9228668 0.496934866809 3
5 -310256.667322 0.527384186702 5
34 -1512.41627351 0.974731724493 0
9 -19813.8645045 0.0759587613196 5
37 -1477.70799006 0.492552283841 7
28 -1595.48746408 0.000247009218159 0
40 -1454.32214513 0.126589674359 1
36 -1490.03893095 0.733259056928 1
24 -2115.23420314 0.530215859941 6
22 -2538.55077614 0.719774476618 0
6 -164720.428791 0.654631002886 2
30 -1555.65061514 0.826232411815 4
40 -1449.54202562 0.444046477634 1
36 -1489.65184864 0.285683235184 6
38 -1473.00253954 0.206043458263 0
35 -1496.76524152 0.574732716701 0
25 -1904.55011061 0.297699346184 7
11 -34963.0404769 0.902638041954 3
31 -1518.11545878 0.140580559061 0
39 -1459.84523776 0.118429928528 4
23 -2229.97600484 0.125728425966 7
3 -1119013.95611 0.20653315655 5
15 -9005.88229691 0.570719165257 2
15 -12601.7504392 0.826289069554 2
29 -1570.99376077 0.53856451539 0
35 -1500.40549947 0.804909880224 4
10 -32633.2681359 0.172622222168 3
26 -1671.44302987 0.616303201607 2
26 -1799.4944354 0.423172137197 0
35 -1495.51494017 0.149020974609 4
26 -1778.94308988 0.0821804095894 1
40 -1460.03931814 0.511249816673 2
29 -1581.48508873 0.803759305456 1
35 -1502.48117209 0.304090836176 5
6 -123830.64025 0.810831561452 3
23 -2371.71433609 0.572921960243 0
32 -1517.2490078 0.310684463288 2
39 -1457.12779604 0.0825933814466 5
40 -1461.39287614 0.344266862076 4
37 -1473.72015896 0.473614116444 4
17 -3985.39096132 0.455010542046 7
36 -1491.82988851 0.987368741549 1
29 -1591.045253 0.526910467515 5
21 -1996.26980925 0.213221846623 0
30 -1557.40254216 0.971551902834 0
18 -5051.56400835 0.480712939581 3
29 -1540.53272511 0.956030854266 4
41 -1452.77124186 0.102899088855 7
38 -1474.52719185 0.556141462711 1
30 -1546.94166916 0.479360960175 2
36 -1458.63612274 0.180111368796 1
13 -14639.0702806 0.552489925069 2
35 -1487.0428136 0.283422645595 5
26 -1736.55079793 0.178441395618 4
27 -1555.89297233 0.30420331248 4
40 -1459.27280335 0.720388428041 0
37 -1470.68307712 0.00873196345188 4
40 -1456.27786637 0.308987231979 1
40 -1455.62654007 0.671843296114 1
27 -1690.33870222 0.972496925018 4
33 -1520.46206175 0.623473391302 6
35 -1500.55184645 0.166938045941 1
40 -1459.36860073 0.145459557511 3
26 -1739.63497654 0.640577630021 5
29 -1568.2630156 0.970830021254 1
31 -1523.23914882 0.308924083796 0
30 -1565.07013253 0.703189685679 1
38 -1475.09029619 0.944941228491 1
41 -1451.79162244 0.270234706261 7
11 -42884.8743215 0.184476259239 0
22 -2683.41659366 0.0324191515333 5
31 -1549.35170818 0.50687976488 5
32 -1533.99262627 0.48753757196 4
41 -1441.83367581 0.820446689812 1
37 -1485.05520355 0.182799971435 0
21 -2854.90361828 0.613302892593 5
42 -1448.93403135 0.191811341476 7
39 -1466.71273591 0.55564298927 6
37 -1484.52865992 0.863851776374 6
32 -1520.97308301 0.246524194299 3
31 -1547.99629585 0.412880041166 3
33 -1516.26637196 0.217960231316 5
42 -1447.75553694 0.465065870718 3
22 -2715.96235281 0.437778773987 7
4 -917514.139074 0.825670060631 2
27 -1571.16718287 0.844812963913 5
17 -6985.83139635 0.72388405892 2
37 -1473.88292203 0.770799264885 1
38 -1469.02214531 0.490819427645 1
37 -1477.32652373 0.888838266399 3
29 -1600.3501551 0.211752684684 6
7 -163822.889364 0.144877652107 2
33 -1501.38808237 0.975452530126 0
34 -1512.49673712 0.890947040614 6
39 -1450.61702977 0.73779083333 1
31 -1533.35520125 0.288305437306 3
31 -1538.27681599 0.0601691630845 0
25 -1842.4207801 0.900527688129 3
15 -12799.151359 0.27767802805 5
20 -3464.1237482 0.848916479138 5
13 -22776.3418459 0.463189448757 5
25 -1898.34260834 0.717930625079 3
26 -1780.11188423 0.260303473885 3
41 -1455.96216525 0.442322826542 4
41 -1453.27367133 0.0539963620653 0
31 -1547.94601821 0.212974635141 6
1 -2859298.43417 0.303258070619 1
6 -214172.860428 0.0794819119041 1
36 -1483.39759557 0.976854446172 3
7 -145528.078623 0.305210221187 1
35 -1493.99317713 0.508046600256 3
34 -1506.78175241 0.0550924040902 2
26 -1757.75540399 0.0233236928898 0
6 -189726.951835 0.572393349349 1
41 -1447.20460618 0.681882103435 7
8 -105874.664576 0.717686221548 1
31 -1548.58333957 0.926591034733 0
25 -1922.90564869 0.552902631125 6
41 -1452.82387517 0.763343749628 3
35 -1500.26662671 0.533547015469 6
36 -1493.50954581 0.107731047968 6
43 -1446.07760023 0.678245215462 6
8 -99662.5991453 0.601381029992 5
35 -1501.66858297 0.946606699456 6
11 -41291.1302591 0.605175639976 5
34 -1504.301443 0.512203122869 1
41 -1451.68098627 0.411242854122 6
35 -1497.19495602 0.237647843459 3
40 -1457.10397008 0.933843176351 0
6 -120185.706584 0.755659494739 5
38 -1474.69690332 0.34518164221 0
31 -1541.34546643 0.889450168645 1
42 -1443.55245312 0.442826139152 6
35 -1493.54933859 0.518862239806 6
23 -2362.58232006 0.180247724525 5
34 -1501.95551011 0.882071709557 3
21 -2811.31296914 0.0538189965563 5
35 -1479.45339163 0.672287233677 2
36 -1481.5137758 0.134038596024 3
1 -5102549.21588 0.0364599898157 5
7 -96455.2048944 0.0858458577581 5
42 -1444.84605811 0.622357667515 1
42 -1446.76751023 0.884113919435 6
43 -1445.314394 0.893024596154 1
38 -1464.07697824 0.303143700006 1
28 -1633.09272884 0.422670794183 2
40 -1458.41923898 0.0734384257705 1
23 -2355.49844326 0.399998151497 2
42 -1445.41205773 0.0150676176938 6
27 -1691.38027863 0.891541499877 7
42 -1446.04872454 0.999026233425 4
31 -1532.85720127 0.732642717999 7
31 -1550.16795849 0.014936322667 3
17 -5076.50802838 0.854256521359 7
23 -2083.71358983 0.273123290624 5
38 -1456.24505242 0.69832463662 3
38 -1476.41479125 0.194515317631 1
40 -1456.49254307 0.665489762667 6
13 -21812.3280267 0.806394316504 2
35 -1496.11174102 0.6561836594 6
37 -1480.68256567 0.184668839676 7
28 -1619.3430683 0.514933507215 5
36 -1485.21271214 0.446269093881 0
40 -1445.88580423 0.314304868701 3
38 -1475.88883503 0.830821169846 1
34 -1500.08184305 0.151876435696 5
23 -2230.37545201 0.968157408737 1
41 -1449.86732218 0.650379001905 3
26 -1536.16673278 0.695562031104 6
31 -1540.04205737 0.859029791672 7
22 -2387.45047288 0.261773297177 4
43 -1445.76479804 0.304923686246 1
32 -1521.69099745 0.465125800619 6
16 -3719.92649133 0.652418903439 4
44 -1433.4337773 0.373969350681 3
44 -1435.24999883 0.527083166744 0
31 -1548.7877946 0.151159312862 4
44 -1427.2239544 0.468467327806 0
37 -1484.48241441 0.701624159336 1
40 -1460.62852805 0.190864867559 1
37 -1479.54554144 0.786773730684 0
36 -1493.09232806 0.234782123264 7
45 -1426.94396273 0.61289057371 5
40 -1440.92889786 0.935669697268 3
42 -1449.68786315 0.29966017073 3
29 -1589.79755695 0.297828885211 6
13 -15350.03183 0.634794390884 2
46 -1417.60306324 0.960541336651 5
46 -1427.22517087 0.0372024296612 5
44 -1441.20481832 0.740473241136 3
16 -7220.39153604 0.666905643002 2
6 -285460.63996 0.389543665911 0
46 -1414.93462557 0.125575060895 5
41 -1454.28394475 0.545846346269 7
39 -1465.13716511 0.665417187868 4
1 -4665521.34895 0.956529066853 0
44 -1439.84173972 0.620196304997 1
1 -5848114.59789 0.89721948466 0
34 -1486.45153464 0.485984758241 4
6 -107022.430045 0.120669226826 6
35 -1484.3577304 0.450312067628 3
29 -1514.85963848 0.103121935461 4
23 -2363.89209171 0.43297794429 7
34 -1511.07233202 0.493539175283 2
32 -1516.32836955 0.635573830654 7
0 -8527677.82785 0.474450421739 0
41 -1447.99835934 0.956423077941 5
27 -1671.12335035 0.578862718052 6
44 -1438.34349236 0.645078003631 3
39 -1459.87818516 0.499972330088 3
12 -25807.2752712 0.777904987568 0
27 -1677.45860806 0.0314885297217 1
44 -1438.57222245 0.456023961855 3
29 -1580.83498081 0.652422107711 3
14 -15504.215219 0.568394704156 0
43 -1444.46751269 0.850837002194 1
37 -1468.50892654 0.128222423172 1
12 -29436.9862074 0.777059992072 0
46 -1428.62987265 0.298886342134 2
20 -3670.90091055 0.195295313602 5
25 -1806.04482806 0.14005525545 7
27 -1645.82227782 0.654367931983 4
46 -1426.83110775 0.363460511322 2
38 -1468.72594435 0.564869977931 7
44 -1440.40883126 0.521428182727 7
29 -1587.48818119 0.29895643756 5
39 -1460.69049143 0.205901315908 2
13 -17246.5220101 0.552271365597 0
4 -303191.062418 0.974679823252 1
13 -19985.6140984 0.240138996403 6
19 -3266.92522264 0.807820126276 2
44 -1433.2114271 0.760360088771 4
23 -2363.6133054 0.480652063857 1
24 -1830.68064193 0.209809415763 0
14 -14059.8043014 0.527619238389 1
0 -351230.018522 0.263677548201 5
42 -1448.18206187 0.786543601905 3
24 -1952.50877769 0.700508132656 6
43 -1445.08480798 0.893574622878 4
22 -2707.6056186 0.244430904812 7
29 -1591.79644766 0.880290890393 7
43 -1440.71303256 0.592918404198 2
42 -1444.73070797 0.397948177222 2
44 -1440.76108499 0.0818799038955 3
35 -1495.64894154 0.721208387747 5
44 -1439.05599583 0.909822792459 4
41 -1455.89087551 0.822562129351 4
42 -1448.75570862 0.00531765454421 3
43 -1445.19601196 0.316478211308 5
29 -1547.6156228 0.576596183858 6
42 -1439.78464921 0.934140356997 2
45 -1399.81204285 0.803508109143 4
42 -1441.00651067 0.719424304937 3
38 -1454.12289917 0.905784843931 3
40 -1453.29993372 0.0671836078706 2
41 -1453.41510788 0.189211467072 1
35 -1497.41588704 0.0953549333735 6
39 -1454.37671143 0.368117262621 2
29 -1592.39827986 0.780369367281 6
36 -1486.63802458 0.694769050305 0
43 -1443.39883751 0.115621629124 3
42 -1449.66205272 0.656730660532 3
39 -1460.00094466 0.226495309235 2
37 -1479.71740336 0.775360373422 1
41 -1454.64834434 0.362246866044 3
33 -1519.49164379 0.502030908447 7
32 -1530.6585281 0.184386799044 7
41 -1453.24619207 0.0058572512334 3
24 -1881.03171959 0.709539129608 1
39 -1465.22023875 0.259007272456 3
43 -1444.11053629 0.360198269036 6
43 -1443.99601378 0.910607812743 6
43 -1441.50244445 0.85865141369 3
40 -1461.377123 0.838557704596 3
44 -1435.8161467 0.0915593084948 7
32 -1533.6225635 0.301418305082 0
40 -1451.87363129 0.696959439014 5
34 -1502.91010113 0.871329974195 5
45 -1433.23626894 0.869984000284 4
38 -1468.12595907 0.847206524818 6
39 -1459.60346818 0.508310895231 6
42 -1442.10880706 0.491636016588 6
32 -1510.09721526 0.0227941147162 0
47 -1420.07492858 0.596217139383 5
44 -1440.37964108 0.758511988271 7
47 -1415.33602754 0.500935976261 4
38 -1472.55448354 0.0382215901806 0
46 -1423.63190495 0.574015609083 5
39 -1458.45897133 0.643975678684 7
34 -1510.92781264 0.0247164341406 0
22 -2528.32047978 0.422241549477 3
37 -1480.06529502 0.601195148929 1
46 -1429.27001392 0.32245985415 2
39 -1464.80721686 0.662085460622 0
39 -1459.07638351 0.966246614384 1
35 -1492.5212563 0.294432882913 3
32 -1506.30966244 0.914923721611 1
28 -1578.7969671 0.526753825752 2
32 -1530.24237324 0.617848541696 3
32 -1534.49497791 0.159672113998 3
38 -1457.39599895 0.788482475622 1
43 -1444.8262817 0.20455255629 4
44 -1440.9395278 0.0689310746861 4
36 -1488.75792276 0.983096853042 5
33 -1514.51704014 0.0872488810302 3
43 -1444.02143301 0.0731755224225 4
27 -1656.68699553 0.877738450071 2
21 -2482.8017751 0.518273797799 3
36 -1488.7418398 0.638523217414 0
47 -1419.71303168 0.539629054289 6
44 -1441.51679222 0.23782628314 5
46 -1419.90745933 0.458433681565 6
46 -1426.13818794 0.0184692354844 6
42 -1441.06458443 0.169846492456 1
35 -1476.41345087 0.408781875567 0
42 -1450.142686 0.0529896327569 5
45 -1431.72275592 0.615304072923 4
21 -3063.5528666 0.700775092681 2
47 -1403.39103213 0.661394102473 6
46 -1421.18578122 0.901053174037 6
27 -1642.28842575 0.304466146832 3
46 -1426.31110593 0.236423728265 6
48 -1406.08830046 0.395939279482 6
46 -1397.88940918 0.966216776985 6
26 -1721.42245093 0.761146813247 3
23 -1741.44176366 0.0434014159174 7
34 -1504.35020267 0.12060577476 3
42 -1450.33078661 0.604827261179 4
25 -1881.13299315 0.00597397982422 5
30 -1558.15033272 0.307364299355 3
37 -1484.91335664 0.571751626655 5
44 -1436.84260178 0.879469442208 7
42 -1448.61904809 0.00432524064762 1
40 -1457.18713282 0.507061121967 4
15 -13060.5980363 0.819477133568 3
40 -1427.09627544 0.70964789508 5
33 -1519.92108206 0.458185269948 1
44 -1433.5747829 0.81059230191 6
22 -2412.9657208 0.630274579997 1
45 -1431.80908003 0.0453251793477 0
38 -1467.47161949 0.772979180225 0
37 -1483.8037908 0.491552522381 2
32 -1505.88826958 0.737167795697 1
30 -1534.17727095 0.283202990338 1
39 -1460.08857886 0.185955575033 6
40 -1460.05706778 0.0776414808968 2
24 -1980.59554003 0.595564210882 4
46 -1428.78147503 0.250419809196 5
38 -1473.9649326 0.94721711561 5
26 -1743.75744222 0.443228166699 0
40 -1461.42250724 0.448325773964 5
37 -1476.59325098 0.860661708352 2
35 -1497.61015124 0.829727575944 2
38 -1473.23812198 0.906048736908 6
21 -2936.24643209 0.613021400448 0
22 -2181.15128514 0.300145598149 0
39 -1461.95652441 0.694559027757 7
39 -1460.06836881 0.738068732628 6
7 -151420.806015 0.251674508484 0
2 -2459279.83354 0.620974573402 0
40 -1460.81607665 0.299285901426 7
43 -1443.99988432 0.258447201488 6
38 -1466.4705565 0.807823578372 6
36 -1493.25478665 0.116864976902 2
1 -5683542.41072 0.222444200383 0
45 -1436.26337534 0.398277293611 1
0 -9292315.91044 0.773961012907 0
37 -1470.3441621 0.224646186688 7
41 -1448.83862353 0.219235401204 5
36 -1491.65233473 0.803646838314 5
45 -1433.52846362 0.967332210434 4
7 -113023.689158 0.936665596414 0
36 -1491.81815995 0.00662340692258 2
6 -284079.177172 0.238032370281 0
47 -1406.64022971 0.0450098186476 6
39 -1466.44296268 0.435837775603 7
6 -311383.07838 0.440189076481 0
39 -1466.12988009 0.38970287961 7
31 -1538.93976956 0.0124589251253 5
46 -1408.1433511 0.48810776852 6
44 -1440.81941906 0.146727438204 1
36 -1486.74677394 0.44214603554 5
16 -9703.77395142 0.633249644983 0
30 -1563.57064353 0.490616143704 3
10 -50365.8510191 0.318950463932 0
31 -1550.3006421 0.442181135801 5
32 -1524.99512108 0.259991031438 5
38 -1471.46597078 0.846279262025 7
44 -1432.35804396 0.470924293396 2
7 -186959.479483 0.872232593216 0
7 -173795.488559 0.0691565125852 0
39 -1462.92588186 0.23090145715 5
41 -1451.77759823 0.224273059011 3
6 -165710.377061 0.274779937172 0
35 -1495.26540914 0.379589873483 7
37 -1467.38342438 0.698892703085 5
40 -1452.99560671 0.929235842408 4
41 -1452.90538629 0.510165883937 5
38 -1468.90243693 0.152438467138 5
44 -1440.47651849 0.275831666565 3
34 -1510.69646652 0.85142219787 4
32 -1507.1054275 0.669062070175 2
48 -1393.10790002 0.756867552484 6
48 -1399.64218259 0.792353538549 6
41 -1450.42874075 0.352535983728 7
41 -1452.57657161 0.511694146913 1
32 -1532.76889427 0.717689758834 1
45 -1432.05624022 0.00794960675868 4
20 -3295.60816553 0.0455679063583 1
36 -1476.04558194 0.261454678597 5
43 -1438.19240734 0.0870589827969 3
42 -1446.26736063 0.0145312588155 3
31 -1528.53319347 0.991782337874 1
38 -1470.69924742 0.369527287241 3
9 -73446.3545795 0.601928384448 0
42 -1446.31667182 0.351020836372 5
41 -1454.47335145 0.468113550031 7
43 -1444.11514048 0.180759340394 3
44 -1439.5607158 0.331862383658 3
45 -1432.28259913 0.938830356803 5
35 -1494.51806967 0.303650037236 6
43 -1443.99951077 0.321018007776 6
45 -1435.95759932 0.102014476972 5
35 -1501.67347892 0.913341358593 3
41 -1451.85540256 0.719463827202 7
40 -1453.61520958 0.615770823627 2
40 -1449.1758015 0.900743889198 5
7 -27134.9514414 0.942571014984 0
16 -3724.9272897 0.490163213158 6
38 -1475.16787657 0.0744984165126 1
47 -1404.0300497 0.540528229695 4
10 -54815.8281513 0.556729743141 0
5 -536081.370674 0.732596243494 0
26 -1652.7274611 0.781977115353 3
2 -2103974.029 0.299652362997 0
40 -1453.92762521 0.649690587371 6
12 -24180.2332948 0.0639248773839 0
5 -408962.021605 0.541588186698 0
49 -1365.2094634 0.751378656192 5
47 -1418.62467923 0.213251398913 2
21 -2274.14204565 0.0459887752661 3
41 -1439.57856784 0.713484960387 4
46 -1430.17999974 0.953184093288 5
49 -1395.82774467 0.0762959271615 5
42 -1449.16575941 0.242179321303 7
45 -1381.19549639 0.159135992471 5
43 -1443.61557423 0.729786408309 3
43 -1437.67723166 0.563729123458 5
45 -1436.83007874 0.472637501792 7
44 -1437.2785471 0.642685080681 6
40 -1440.87135469 0.0042281965911 1
39 -1456.18378926 0.921641319559 4
40 -1457.64797184 0.150327665545 4
42 -1447.39707684 0.997617812963 6
18 -5172.59778584 0.461999114729 0
34 -1509.50849176 0.706354342686 4
50 -1388.96964852 0.954267888707 5
27 -1669.80092442 0.784779423406 4
48 -1389.75001584 0.334889893898 6
44 -1438.99089288 0.736808902436 1
33 -1518.41007589 0.723055356817 7
43 -1444.73889216 0.171106716057 1
29 -1588.12947635 0.932128975887 0
38 -1463.4055296 0.000230364232237 1
47 -1409.82409277 0.455823375108 5
43 -1440.7166095 0.794416871038 7
50 -1385.32421337 0.0428938876693 5
50 -1380.0630034 0.782830702014 5
46 -1420.66898682 0.208709610085 2
26 -1783.66487712 0.127096035467 4
43 -1445.97931968 0.559813828817 5
42 -1449.98579774 0.0836348594525 7
20 -3485.88005059 0.128513909681 1
43 -1443.035153 0.569717341171 7
39 -1464.8625904 0.856629931846 4
33 -1511.7070461 0.101018737094 4
42 -1448.71038058 0.352619496346 6
36 -1480.27389431 0.391287129839 0
4 -369823.098203 0.908179851055 1
38 -1473.45685506 0.129314826314 3
34 -1505.10032515 0.110898895329 0
47 -1418.77414827 0.397020417866 5
31 -1524.06670751 0.0735338275358 4
34 -1497.65393212 0.893248094144 6
33 -1522.0709489 0.563419352592 6
39 -1466.57614052 0.0268099194695 6
48 -1402.24737333 0.856450162946 5
50 -1385.27481409 0.159984133576 7
40 -1457.96805118 0.974291256436 3
51 -1376.76701474 0.577594905099 4
3 -1184493.74374 0.581402373926 1
51 -1367.82727029 0.783771246766 2
29 -1548.52310949 0.213072151923 6
50 -1373.90097216 0.28659038668 2
40 -1456.06693994 0.140911427978 3
33 -1513.62161083 0.784948557579 6
50 -1383.72692319 0.80563932833 4
47 -1394.60466548 0.67794174731 2
47 -1420.66115807 0.52452460479 3
23 -2226.89537954 0.659221621599 6
21 -2776.93694295 0.585132659421 0
47 -1412.24084698 0.0465024409008 2
48 -1403.94204314 0.294182488624 2
43 -1441.45955324 0.0144621120819 3
18 -5761.54154429 0.772884684144 0
47 -1418.43457139 0.296316112268 2
45 -1437.26978067 0.439893571677 7
20 -3713.74011973 0.180372860023 6
13 -4314.27868423 0.584288656215 6
26 -1702.76075836 0.371383957198 0
9 -80529.2320938 0.984876734611 6
22 -2282.42446679 0.631550925198 0
38 -1476.61496393 0.391540492325 1
37 -1474.4488312 0.833985204056 3
25 -1750.53680163 0.893182201266 0
45 -1437.1151917 0.238108128714 3
5 -567298.127958 0.177388467933 6
52 -1367.23617167 0.554375732182 7
38 -1454.99431779 0.758665878085 3
47 -1407.3720971 0.691389951061 2
8 -78322.314533 0.488434002869 6
41 -1455.86755433 0.459103721847 7
33 -1500.17703512 0.533865748407 3
38 -1468.08134639 0.697891538914 0
35 -1470.51334931 0.0490890753484 1
43 -1445.21463597 0.770226547353 0
43 -1443.55021434 0.0555373700174 0
46 -1430.13726431 0.293460589294 2
5 -479064.553587 0.546588888684 6
29 -1597.36458767 0.204388806905 2
38 -1475.31216761 0.169875884087 1
27 -1651.54087195 0.96130623739 2
3 -414246.532103 0.819508661229 7
48 -1406.81871822 0.315029950743 4
15 -7466.90492017 0.781663311742 6
19 -4693.59684632 0.777275889541 7
49 -1394.02236619 0.603212401935 4
37 -1473.88625569 0.391861562472 7
46 -1429.23451182 0.0757093634488 4
41 -1445.18147617 0.423398399556 1
42 -1449.96893915 0.823046953529 0
38 -1473.71384668 0.250462681056 2
41 -1455.31977616 0.0801475674181 0
26 -1692.83762015 0.616405325729 7
1 -5737748.07743 0.872307077604 6
49 -1395.78851021 0.722573190268 4
42 -1443.32157811 0.318034604626 0
44 -1431.09110052 0.809637467351 0
41 -1453.34590965 0.348116863131 7
48 -1406.44975391 0.57518572836 4
43 -1442.80401257 0.822656103394 3
44 -1438.8020413 0.901716838886 3
39 -1457.70425521 0.623850307688 3
37 -1482.08819747 0.148306380555 7
41 -1452.11912142 0.449375603356 3
50 -1389.87451694 0.699881647643 4
39 -1463.44939311 0.0961855168384 1
33 -1498.90337183 0.537620826586 5
41 -1454.59759246 0.343015399837 6
44 -1440.04703048 0.464079162683 6
45 -1436.42355757 0.561706308144 2
39 -1464.67284605 0.0803235246266 1
44 -1441.03959372 0.502915510113 1
43 -1444.47884786 0.778129045339 5
46 -1426.54908358 0.560091908867 3
45 -1437.46426895 0.20760425726 7
39 -1467.79168548 0.191768690584 1
45 -1426.60594483 0.945662263389 3
48 -1406.13087301 0.258949368737 6
51 -1378.28554713 0.0639946241847 2
41 -1452.9185728 0.57761799306 7
50 -1378.15020044 0.0340247955966 4
50 -1350.11672609 0.0515081183132 2
32 -1520.5732889 0.348757491772 5
26 -1627.43085124 0.424714077129 5
53 -1353.0656229 0.598813968234 6
51 -1369.66889083 0.47250154274 6
44 -1439.45170438 0.223259897472 3
28 -1633.78932883 0.642090847985 5
31 -1539.04191674 0.19973109088 5
36 -1486.79156988 0.343829188939 0
51 -1378.37871439 0.732881648705 2
41 -1446.68977247 0.140113687136 0
52 -1365.53845248 0.311989183302 2
28 -1637.16799957 0.0847701717522 1
50 -1382.37634262 0.133350335074 6
51 -1367.7459463 0.0789154214987 2
51 -1379.56408516 0.540835890811 0
51 -1372.24394036 0.0971340196667 4
53 -1353.32947127 0.707424484544 4
49 -1391.67275928 0.948817136604 0
36 -1492.68261119 0.0902992469792 5
46 -1422.01575368 0.180009868097 4
43 -1445.23211531 0.577563190665 7
43 -1435.3239065 0.331515206886 7
41 -1453.29403395 0.926848707522 6
27 -1614.87362556 0.8680217672 5
37 -1477.8951921 0.99025534086 3
44 -1435.84226376 0.314865410599 7
51 -1360.28137159 0.896078654555 4
43 -1445.42375664 0.540795294247 6
52 -1354.87288359 0.943903607905 0
52 -1362.42990928 0.0039081009218 2
53 -1336.15038568 0.855087705601 0
50 -1380.67290922 0.305337229704 4
30 -1559.8544864 0.402363287472 1
18 -4087.90646303 0.976748937193 1
45 -1437.51500431 0.912211665495 7
51 -1377.3676726 0.147405786301 3
35 -1486.63744067 0.289196254775 7
40 -1460.9650926 0.921551175937 6
38 -1464.57485436 0.651193949517 6
50 -1390.55785321 0.440937852916 0
24 -2051.15476546 0.633351711918 6
30 -1530.46740448 0.178882309758 5
30 -1564.97884171 0.710873545216 7
7 -191714.24337 0.768170047218 6
51 -1365.76836025 0.023793138023 0
28 -1636.685215 0.538416845295 5
49 -1398.58950551 0.591664783504 0
25 -1931.23784399 0.580681359103 6
29 -1563.23597763 0.418694945574 1
27 -1658.79015298 0.929414969779 5
51 -1375.70879216 0.837741074789 0
47 -1410.27263238 0.930811168123 0
52 -1367.40992676 0.693489874788 3
25 -1855.25146832 0.151767448455 7
36 -1491.85332337 0.11540134369 2
19 -3773.36154937 0.058831121049 1
11 -42556.7875759 0.319001879136 6
36 -1481.67932372 0.530727479642 4
33 -1511.94817794 0.468321157033 4
28 -1633.63626741 0.0343435344107 4
33 -1514.03062518 0.127061080809 4
35 -1491.55242931 0.189912112012 4
19 -2764.88650561 0.352640944938 7
18 -3750.09963958 0.915530181887 7
48 -1392.44030152 0.487639166501 0
9 -69317.6573649 0.00903180184766 6
13 -17943.8036004 0.454437502451 7
27 -1658.26910645 0.72983486455 2
12 -27489.8322781 0.149650367416 6
11 -20983.2856442 0.15316229161 7
45 -1437.25540858 0.557209732234 1
8 -93407.3871888 0.55455450306 7
29 -1579.09529684 0.540925912188 2
46 -1426.62142369 0.340017876799 0
36 -1476.97132761 0.780905228288 5
8 -63725.8326358 0.664376747623 7
9 -72821.1299537 0.127835513124 7
46 -1427.78181804 0.991295474871 0
41 -1454.16835597 0.457642262063 1
41 -1453.16481518 0.210861240385 1
26 -1683.49336563 0.559367484581 4
18 -5006.61434983 0.556230219377 4
39 -1465.0898358 0.360233117356 6
36 -1493.83491887 0.175678981766 6
30 -1509.17488237 0.217352410931 4
22 -2660.55973163 0.880794488366 6
45 -1434.48043235 0.106400630263 0
25 -1918.38372251 0.0119891649093 5
42 -1447.45826426 0.193127087367 0
41 -1438.65573087 0.519575016064 4
39 -1462.08022663 0.592069247132 1
19 -3755.17104862 0.364177296446 6
32 -1518.14748479 0.913553247296 6
44 -1438.57868539 0.333586810574 4
0 -42167356.1011 0.914036692843 5
11 -35549.8356831 0.844389020289 7
25 -1821.22508835 0.337811726992 0
42 -1434.0602652 0.963652676913 1
22 -2489.3285774 0.769762571517 0
17 -2345.74342153 0.243664082966 0
27 -1696.36103641 0.32802050872 2
43 -1443.60986563 0.0294037407412 6
19 -3569.92024594 0.659034997627 4
19 -3772.4522182 0.516515203403 0
43 -1446.1457914 0.313174341257 1
35 -1497.74411027 0.421374663335 2
31 -1533.74607207 0.970565835951 2
41 -1455.1986814 0.613487371398 6
8 -83771.6844765 0.65914802975 7
47 -1415.16952397 0.444760537196 0
3 -1624394.40753 0.931069973783 7
31 -1529.41895212 0.472407735271 6
43 -1445.56154456 0.704823615156 3
23 -2217.07100838 0.866487370189 4
41 -1455.09588967 0.0441038288028 3
13 -15318.5964639 0.739991660775 4
36 -1477.625425 0.362998120653 3
14 -16398.5448591 0.396699227152 7
43 -1445.28498268 0.930948930784 3
22 -2382.75039082 0.0281656033054 2
40 -1452.48046 0.0248348582279 5
18 -4415.75776757 0.789277677071 6
24 -2133.15347138 0.961225621643 6
55 -1294.41125741 0.532261040324 5
53 -1358.22415628 0.389046366786 0
37 -1483.56923659 0.462636683654 3
34 -1503.42123897 0.367711245993 7
33 -1514.26963731 0.384653182046 6
53 -1353.49512466 0.905424339038 0
49 -1393.63303808 0.410035760636 5
22 -2408.86639386 0.530052347239 2
55 -1325.61023784 0.894851308401 0
49 -1384.28488534 0.299413574044 5
22 -2278.39259077 0.32102956195 3
42 -1439.81921811 0.605175671867 1
10 -26039.5708646 0.991117428405 7
47 -1419.98572482 0.955179511943 0
34 -1510.87961258 0.146656518014 4
3 -834776.13794 0.163140005931 7
44 -1437.76340126 0.302173304247 4
40 -1453.29845123 0.195462114743 1
38 -1471.26260342 0.323951150804 1
45 -1427.61115599 0.642447370995 4
0 -11500735.068 0.257270108172 7
31 -1541.17043784 0.279305546106 3
51 -1366.0877737 0.250939180321 2
44 -1439.14112756 0.410811885747 4
54 -1345.74157447 0.0275581114306 2
42 -1448.58361997 0.29862476278 1
36 -1491.29376089 0.615646139887 3
42 -1448.58877467 0.0645803481121 4
31 -1535.88239583 0.651304530459 6
45 -1436.90454428 0.672359944687 0
53 -1347.77496739 0.0556157255915 5
53 -1354.36997694 0.177965547333 5
50 -1381.23471906 0.742341828199 2
44 -1441.26690108 0.227286685433 1
23 -2361.19562025 0.879998075592 3
42 -1446.52064287 0.0738838570984 1
42 -1446.57207098 0.432414328077 0
44 -1439.4375976 0.94386013801 0
47 -1397.9099326 0.540659780721 5
9 -41490.4853569 0.359407614703 3
47 -1415.48737868 0.858415595273 5
47 -1418.2514251 0.185341135188 5
39 -1459.25008233 0.659088110658 7
45 -1427.27428991 0.810044804818 5
30 -1557.90482684 0.102745356518 6
33 -1493.31149687 0.490299064183 6
56 -1287.06909206 0.415449946529 2
44 -1430.61758844 0.732031849582 1
31 -1548.7875786 0.0614506097094 5
43 -1436.00282492 0.921459781602 1
30 -1549.64732 0.840473737558 5
41 -1439.78352545 0.00729295365585 1
27 -1679.17312488 0.549440350864 3
20 -2090.8818067 0.673850333789 7
46 -1407.31657789 0.507501810444 4
33 -1507.69072081 0.130577587687 7
45 -1435.96371483 0.188277122213 5
35 -1502.61613914 0.758730331739 7
46 -1430.56329103 0.947268413179 5
15 -11869.5289753 0.797390961619 6
47 -1420.18116872 0.0477948270951 0
35 -1486.13182563 0.252406939541 5
54 -1346.92798732 0.413728325155 0
31 -1540.74247825 0.265474954334 5
55 -1325.96650283 0.759873086818 0
19 -4698.06065538 0.877210263005 6
39 -1466.59786548 0.245907180726 1
16 -6315.20575817 0.948239308961 6
37 -1477.12616903 0.336295805718 4
33 -1513.55069085 0.681340625466 3
51 -1377.13648292 0.773427540226 0
52 -1367.25108005 0.0415159652187 0
37 -1476.66322969 0.68711298671 7
39 -1467.73501038 0.683877477335 3
39 -1467.32332841 0.383509019992 7
38 -1468.3113462 0.457581255209 1
44 -1440.36014444 0.510281575787 3
35 -1488.13063604 0.445249107369 4
43 -1445.43517972 0.111065416451 5
37 -1474.84780611 0.923727165183 1
51 -1370.86646723 0.15196528806 2
19 -4683.75197191 0.146658618531 6
26 -1570.84456986 0.228084164265 6
33 -1520.95731116 0.531983737701 3
56 -1305.9595515 0.820807496968 2
37 -1481.43449314 0.54162038204 6
36 -1486.52730188 0.132541863721 6
36 -1471.71362112 0.278799804553 6
41 -1450.9215329 0.385477990603 1
56 -1305.77862015 0.689941880978 2
44 -1440.15996355 0.890168204899 5
38 -1466.81965121 0.00706661468988 3
27 -1656.22990923 0.109103333217 4
2 -2784414.20839 0.0777423578724 7
29 -1583.01740778 0.844404693147 6
36 -1478.68207206 0.944611267 0
30 -1523.69765706 0.416398949346 3
56 -1321.36047759 0.489802844377 2
26 -1760.39985243 0.712745089641 6
41 -1453.54593566 0.00268367062832 0
25 -1921.30852511 0.755282668231 6
17 -7627.99689701 0.576444691735 7
24 -2093.41669296 0.905794069905 0
27 -1702.12473763 0.734499058371 0
56 -1321.1220536 0.964929417471 5
38 -1475.59313158 0.585146584303 7
56 -1305.90039902 0.360410846364 5
22 -2592.60730335 0.966557604048 0
44 -1441.10835356 0.0178419473835 4
40 -1461.52881278 0.314054606511 4
29 -1547.4841859 0.966827366345 7
22 -2655.56052771 0.915585569589 3
57 -1300.32015631 0.00578476498254 2
15 -8861.49937691 0.355075807256 6
19 -3857.72650791 0.22365373238 3
44 -1440.94980875 0.860020619943 0
55 -1329.93386221 0.295176776533 5
52 -1369.01431991 0.509099481569 2
36 -1488.75942289 0.342402730467 4
10 -54119.5979831 0.173448997976 6
28 -1550.62683361 0.0065639466226 1
55 -1336.48341304 0.303875164651 2
5 -502225.527468 0.172178100562 6
40 -1456.67625662 0.346010286305 4
39 -1463.00053914 0.731035224474 1
53 -1355.35852288 0.986422856932 5
40 -1461.88011104 0.460972799723 3
7 -157373.302362 0.892693745618 7
14 -14332.0718994 0.247230191132 6
44 -1436.56557604 0.634559046477 3
8 -93782.6324592 0.236090314552 7
9 -72748.1579343 0.168944948214 7
0 -4654384.77409 0.213350900197 7
55 -1330.90059147 0.723771706092 2
37 -1478.81264271 0.92098522211 6
30 -1570.44181091 0.405103190704 0
41 -1448.56030088 0.584371957451 1
41 -1445.04834075 0.968548988977 1
38 -1471.37208391 0.529322911957 6
52 -1339.25698055 0.0887300902508 5
41 -1455.48151704 0.513699718842 6
3 -892052.600665 0.091693582011 4
4 -940965.498944 0.56694626367 3
27 -1696.55109653 0.391526211944 0
9 -60960.4644634 0.693594945894 4
52 -1360.05628064 0.17149785605 2
40 -1453.70595938 0.22384894102 6
26 -1754.86725939 0.91606173145 3
27 -1698.49460705 0.772702515803 3
46 -1420.93960949 0.385529458871 2
56 -1274.97646225 0.0447123873548 5
58 -1278.82090901 0.621805475755 5
38 -1470.4711379 0.642821951392 4
9 -73136.4683225 0.146672724335 0
54 -1303.10969354 0.523394681105 2
36 -1487.75957153 0.543025985582 1
6 -134289.802927 0.853120333294 0
9 -72803.0437534 0.872276519753 7
39 -1463.38539579 0.874529711998 4
42 -1440.0048377 0.00340973893485 4
43 -1444.49276797 0.749500879257 4
22 -2660.17934505 0.194576705582 1
16 -9420.47001678 0.648354351941 0
26 -1688.78558746 0.428478235337 7
35 -1491.64841667 0.0668396184361 3
31 -1540.41625429 0.0188393909902 7
43 -1439.67788659 0.0363390888096 5
43 -1442.79326298 0.329342809806 7
13 -22244.2851431 0.816585943168 1
42 -1443.07311716 0.73065445951 5
40 -1448.97257134 0.535828061569 5
9 -62657.7568872 0.405259604751 1
47 -1414.10576128 0.421735861427 2
45 -1433.96670696 0.301425728652 7
16 -6779.29194172 0.312256135539 3
36 -1488.5679475 0.586840846137 5
45 -1429.06923007 0.815658533722 4
26 -1601.52373263 0.843414951703 3
33 -1499.96574239 0.400101634189 3
25 -1840.15894442 0.709959348288 1
55 -1305.99195245 0.880218141692 6
43 -1445.36533688 0.990610991418 5
33 -1507.00623101 0.706124619514 7
40 -1456.1242527 0.651546502664 4
43 -1437.97315534 0.823850692229 4
36 -1490.30626896 0.427073429998 0
17 -7510.05606017 0.904522509781 2
20 -3553.2530861 0.610397539375 2
44 -1439.70417147 0.59357217042 3
33 -1521.94102043 0.70163117284 7
36 -1489.86488864 0.328701030895 1
34 -1507.13853067 0.148848675454 1
23 -2211.77973739 0.0365339197344 5
27 -1618.15007762 0.881010178211 3
54 -1337.91695301 0.263637267701 6
16 -9318.75287363 0.170594272862 5
20 -2641.52999094 0.313013658564 0
40 -1457.30503045 0.773030226678 4
49 -1379.49651648 0.095669766967 6
25 -1673.64386074 0.881106418639 3
35 -1502.2985545 0.0518924228921 7
10 -43434.7612601 0.494761668009 0
21 -3006.85272234 0.0729538601913 3
58 -1242.74919731 0.961916318336 6
8 -97380.8938831 0.43750204759 0
5 -320230.343037 0.311866865058 0
21 -3001.87677874 0.960013814757 2
8 -103665.013062 0.668991435893 0
26 -1757.1463679 0.334329173561 7
27 -1701.60742943 0.663477910151 2
34 -1505.21582427 0.352290655018 7
44 -1439.75056323 0.622668564136 7
37 -1469.9057645 0.418131866989 7
36 -1491.58794363 0.48984353801 4
48 -1396.02022851 0.930635657884 6
44 -1441.53346656 0.536978553522 1
8 -111264.55502 0.508874158209 2
38 -1472.81503579 0.968732006862 5
41 -1455.97066304 0.328155273406 5
35 -1496.6288249 0.684878133548 3
48 -1407.49958336 0.044003879093 6
42 -1447.96314549 0.784217199966 5
31 -1550.14319289 0.664616406256 7
48 -1396.12372243 0.621168204881 5
45 -1436.07412912 0.690732493365 1
26 -1746.29229917 0.978428323403 7
40 -1462.02438915 0.753169665765 6
42 -1436.33171415 0.363132114979 3
3 -1640645.90732 0.0418070723599 4
2 -2593641.94548 0.68322838819 4
41 -1453.22481353 0.740639755897 3
43 -1445.20193263 0.665921837705 6
24 -2053.89425683 0.338133764538 7
12 -29068.7366593 0.526648453413 2
10 -53142.4961285 0.0324247530817 2
26 -1759.33488013 0.176581637822 7
54 -1331.0574188 0.105413312941 1
50 -1385.75658787 0.0984683377571 5
38 -1469.51572589 0.284572813095 0
38 -1471.74532717 0.75526755603 0
59 -1263.75011574 0.522208729793 1
58 -1292.28003843 0.0745556182931 5
42 -1446.52748772 0.0656653878759 3
32 -1504.07480682 0.145184557896 0
55 -1307.47184544 0.0118082800251 5
57 -1281.4251193 0.0677182853623 1
56 -1322.17410905 0.401206261435 5
39 -1459.97761023 0.590067943382 6
25 -1882.74186362 0.482008634198 7
33 -1520.55233073 0.375338075601 6
31 -1549.95612446 0.565527562191 2
23 -2273.18313167 0.521315075046 4
59 -1264.77658389 0.776664042658 1
43 -1444.29155213 0.125392523721 3
34 -1507.49387851 0.621714748256 2
24 -2058.87660465 0.447677033544 4
35 -1476.85083929 0.767723363605 2
44 -1434.41084821 0.790806477801 3
42 -1443.37092046 0.672550220381 3
45 -1437.06460523 0.222836484226 7
29 -1568.01702302 0.212475011867 2
31 -1534.58540291 0.508661488479 0
26 -1801.32560855 0.750060605321 2
35 -1500.75901718 0.782957003125 2
30 -1520.67952872 0.310443476022 0
41 -1451.49625969 0.420126510366 4
39 -1467.33429654 0.816237822323 2
48 -1405.31020743 0.160794346008 7
37 -1480.09027261 0.822808848336 3
32 -1519.74832691 0.996782362904 6
48 -1384.59941805 0.608379315452 7
52 -1350.8065623 0.48108435079 1
44 -1441.53619705 0.413425565274 3
30 -1545.2415191 0.302806293389 2
43 -1439.09384782 0.86827252107 4
21 -2977.14594339 0.20690372876 0
30 -1553.57324314 0.633537359618 2
30 -1549.05372584 0.896604838913 5
17 -6994.07854629 0.783875542569 6
10 -58311.786546 0.0238491725694 0
18 -3794.02683082 0.681676467976 6
30 -1528.31003826 0.895574170754 2
10 -56714.4362129 0.672719558155 0
16 -9500.06579861 0.328144884229 0
58 -1270.87386654 0.704819718033 1
38 -1474.01162606 0.911220693415 3
58 -1282.52364306 0.217942056765 1
60 -1229.60174315 0.369012651438 1
42 -1449.12514485 0.628552411893 4
6 -244151.476832 0.970168193621 0
44 -1439.35549481 0.993337107426 4
25 -1676.40672639 0.332983467628 2
33 -1496.48335324 0.349663831617 5
53 -1336.76779864 0.469992820255 7
42 -1449.40980861 0.899090367242 3
12 -27006.1608142 0.564107087365 0
33 -1509.08588128 0.929393270453 6
42 -1450.23873127 0.970615326251 2
53 -1358.76768513 0.516064696657 1
58 -1269.65355103 0.0777169529692 7
46 -1430.54987993 0.96962127246 4
7 -45504.985788 0.950480792136 0
38 -1471.43362887 0.688184263104 4
38 -1464.60204967 0.570842857373 4
58 -1278.05367718 0.486163436464 7
58 -1265.38625899 0.375291226934 1
23 -2314.08204654 0.220160427397 5
36 -1479.74233412 0.866912458971 4
36 -1473.61011966 0.103096023841 4
41 -1449.00511647 0.00830444243002 6
45 -1433.44422249 0.492700759579 1
45 -1433.61304732 0.463212475668 1
51 -1373.8246433 0.0386855300621 4
18 -5846.12564124 0.940332704552 0
36 -1479.43455254 0.556526855017 5
44 -1440.5540679 0.675912678742 6
29 -1570.38732407 0.498089311963 5
32 -1523.88552733 0.127563666552 3
53 -1346.9485371 0.876348551141 4
20 -3173.62642267 0.866157630888 0
13 -16896.2614075 0.934287187351 2
42 -1449.36701409 0.425517724349 6
50 -1383.46580023 0.627166525561 7
35 -1492.9672457 0.987309098408 2
46 -1430.3066427 0.372000153818 1
56 -1307.31268804 0.771703480449 7
45 -1432.54022784 0.741002125447 1
32 -1527.78711284 0.977473968864 0
38 -1465.78043989 0.336826220791 0
43 -1442.68622299 0.468533741719 3
22 -2166.49988396 0.590794073968 2
54 -1336.0687574 0.407036545511 7
57 -1280.52142319 0.428818634599 4
59 -1262.7846025 0.414958497601 4
40 -1437.32248061 0.752805437102 5
56 -1314.92929762 0.228548464304 7
56 -1317.53676806 0.770019773504 7
44 -1441.57486755 0.838804621155 0
55 -1297.97831495 0.77610822398 7
35 -1501.59789731 0.218471764489 3
49 -1392.53869833 0.200234481858 7
34 -1510.49501756 0.168072534968 3
28 -1641.70345916 0.0767185276223 3
44 -1438.83127051 0.926188740593 7
50 -1380.77474025 0.735175845645 4
49 -1386.14746772 0.196875894937 7
41 -1455.60638927 0.131874124039 1
57 -1254.55355202 0.56452750772 7
31 -1540.64234574 0.288164436661 3
20 -2165.12803214 0.484276897994 5
32 -1533.08918029 0.979856003408 5
37 -1476.38305932 0.862271011859 5
22 -2412.55294007 0.755599624413 3
21 -2391.35711923 0.704377997172 3
19 -3953.35888174 0.195075065863 3
23 -2068.51775206 0.496186551985 3
48 -1393.82737654 0.46107992652 2
39 -1444.82652625 0.00556287368681 7
23 -2404.94909068 0.550240276715 1
32 -1525.33858969 0.324452104558 6
33 -1517.24275264 0.759002381623 5
23 -2036.60321861 0.126807381844 3
23 -1746.87006532 0.645514417913 3
58 -1290.61454336 0.642336969633 2
33 -1518.46937624 0.587028633094 6
41 -1451.56490911 0.371804660587 7
38 -1466.97356309 0.0920590501255 3
27 -1680.76889947 0.850372806992 6
35 -1486.59967685 0.331513550278 0
32 -1506.17078058 0.714531936149 3
55 -1334.56363617 0.00519495680757 4
57 -1276.90292237 0.483666694395 4
59 -1273.00177216 0.0386454585074 4
36 -1493.0691867 0.656390936151 5
54 -1343.04674865 0.899784451156 2
61 -1243.65077503 0.986835110279 4
61 -1219.24306694 0.0213801716163 4
38 -1470.53882628 0.38906272579 5
61 -1245.21872033 0.117693673238 4
34 -1501.28297436 0.377328754495 6
19 -4140.25967748 0.386184427877 3
17 -6145.17097891 0.461177013421 3
29 -1572.89456385 0.583827496534 1
26 -1634.92592785 0.968592709112 5
32 -1518.10848542 0.0924138876978 1
29 -1589.26799363 0.191952035844 5
19 -4633.25467886 0.311827220287 3
15 -6010.39594956 0.0278197725282 6
31 -1548.79031653 0.206012537757 0
22 -2367.17743974 0.294971788865 6
26 -1600.84951086 0.529199828329 5
38 -1474.67281083 0.718398995053 7
58 -1294.06172938 0.489738778341 4
60 -1257.47076126 0.534480386536 2
29 -1586.96783509 0.857052805307 1
20 -2451.0129268 0.0298852088784 1
35 -1483.23673394 0.0632802929625 6
37 -1482.95945711 0.581705341727 5
60 -1259.59878536 0.36866392843 2
39 -1463.71185565 0.00652237887121 7
33 -1508.76171877 0.600524571052 6
43 -1441.24209461 0.112401662259 0
59 -1273.93563649 0.274741981148 2
44 -1438.86346304 0.824384249949 0
46 -1425.31205886 0.448384251557 1
21 -3016.03560303 0.759774393961 5
42 -1449.00866925 0.465195531577 1
39 -1467.3367992 0.444788766453 1
39 -1467.03119388 0.842117161895 3
31 -1532.39085636 0.388389835921 3
15 -7674.50462591 0.0787631002291 5
58 -1289.42273877 0.723731382201 2
39 -1466.6118305 0.366377068797 3
24 -2086.26072289 0.0937570271972 5
53 -1346.16958289 0.172986326018 4
44 -1440.99490657 0.693350693973 7
42 -1444.56071101 0.0405494639092 7
36 -1486.07243551 0.518250168659 6
43 -1427.02102349 0.657826023592 6
34 -1511.49064018 0.371243943648 5
60 -1255.25927222 0.51813629001 4
33 -1517.84635533 0.358340696589 5
57 -1281.77002584 0.286452702284 4
47 -1414.55440263 0.604988655668 7
21 -2887.64959035 0.706887780903 0
24 -1897.02189081 0.897342155887 1
29 -1591.85617609 0.52857952336 1
22 -2246.61233046 0.571614376288 6
39 -1467.14781096 0.768442857177 5
35 -1498.23979602 0.314093813571 0
35 -1476.24455589 0.730948866784 5
17 -5758.70824784 0.190997544725 6
37 -1478.39801989 0.679813779041 1
44 -1438.27114243 0.328424728455 1
60 -1258.86328209 0.0633377038906 2
51 -1369.63048221 0.886370210232 4
36 -1489.35444865 0.114566095627 3
53 -1347.70986595 0.0118429689183 2
14 -15833.850642 0.155455688426 6
26 -1675.08268944 0.533314505465 0
54 -1326.94289118 0.383148269009 4
53 -1344.34785635 0.208290828647 4
45 -1433.82764001 0.790296340572 3
17 -3971.47296217 0.886618348358 6
46 -1429.13631732 0.142633581534 1
31 -1548.54650319 0.192031452863 0
52 -1352.32434776 0.566834380744 4
61 -1219.13804062 0.745899841735 2
60 -1244.78149804 0.406781998207 2
38 -1458.91728797 0.114774442811 7
43 -1445.12677578 0.584398181572 3
53 -1350.43254405 0.544667280531 2
44 -1432.65032321 0.60744602855 1
39 -1459.69850371 0.00156697173981 7
61 -1240.73419686 0.277891051568 2
40 -1452.44607592 0.750803054292 0
62 -1230.24461355 0.0403395354893 2
58 -1248.20700454 0.0560914532491 2
46 -1429.54465022 0.558987362328 0
58 -1293.52298823 0.153721475476 4
53 -1354.24664128 0.365827870042 5
28 -1592.96530038 0.992021132544 7
33 -1520.34328425 0.880728031841 7
17 -7128.77477798 0.700087295621 6
50 -1390.52403956 0.647100921471 5
56 -1319.35896448 0.758287025646 5
60 -1249.74259697 0.419015481542 2
62 -1225.27622202 0.45152003097 4
44 -1441.58373339 0.53221552961 0
49 -1393.09150234 0.683670499757 1
30 -1556.40444776 0.981934533166 3
30 -1530.33282129 0.97250953691 3
38 -1465.78591042 0.983343109448 3
4 -637975.705039 0.145059036442 6
39 -1459.48989893 0.952780161564 0
7 -176441.720494 0.484084893189 6
60 -1256.41998885 0.531119149556 4
54 -1348.02440323 0.642379192481 2
42 -1444.72381432 0.575450216757 0
16 -8278.83229824 0.934435791073 6
57 -1308.52358066 0.705871416348 4
41 -1452.22758086 0.852668737564 7
51 -1370.78226269 0.303708507978 1
57 -1307.57698252 0.472860846419 4
45 -1435.85421184 0.421077689413 3
28 -1617.80950522 0.0181315092415 3
58 -1268.82474235 0.389388006741 4
3 -1068481.2099 0.255777006475 6
55 -1328.275127 0.880900259429 5
3 -265238.557636 0.0295214543422 6
52 -1366.74455728 0.271043225969 1
63 -1212.62749936 0.137065990297 4
0 -12386131.9441 0.1150161118 6
51 -1353.18896718 0.165678625407 1
43 -1446.14192631 0.843891458985 0
59 -1279.59749347 0.609480020566 2
62 -1224.66142673 0.615887660375 2
17 -4870.31106216 0.997049795453 3
54 -1335.29654556 0.881103084567 5
60 -1238.18404811 0.328030031501 4
57 -1297.07851516 0.630429718211 1
59 -1263.25845622 0.162202559742 2
13 -11893.4849016 0.432639351129 6
54 -1344.08939134 0.164870389621 0
60 -1259.27389153 0.711573765015 2
52 -1352.49862863 0.0724830134359 5
22 -2376.24821252 0.762752321442 6
0 -27531325.9987 0.911260024033 3
52 -1358.64494329 0.793732046585 7
5 -376728.519658 0.42884125756 3
51 -1360.74687194 0.672055204151 1
52 -1367.4069682 0.165537709824 1
63 -1207.54037303 0.877991433378 4
61 -1248.04586223 0.174528344609 4
61 -1209.64914787 0.584104403186 2
53 -1355.68948738 0.171207328857 7
36 -1483.38106647 0.761421138908 0
62 -1228.90589512 0.164793115513 2
55 -1333.22733143 0.578935730987 5
62 -1229.9883989 0.728407031216 4
0 -6710096.4834 0.606183778329 3
27 -1697.15702792 0.216979406087 6
20 -3513.59123952 0.0982335019425 6
58 -1278.56831383 0.268594628209 7
56 -1319.86244935 0.199005617702 1
14 -15613.9441567 0.648301835836 3
60 -1263.62235764 0.640705829916 1
23 -2341.94703932 0.271614028918 3
58 -1260.67577371 0.226671724837 1
51 -1371.5367286 0.897933866241 5
14 -10023.1258615 0.337862538684 3
54 -1328.07101774 0.494015961904 5
61 -1225.35290435 0.596095789361 2
26 -1744.84119839 0.769128563342 3
19 -4161.6198354 0.366701246028 3
63 -1218.9645006 0.987634504207 7
52 -1366.51302653 0.0588482944371 2
64 -1194.82673808 0.497777578315 1
10 -59347.9114246 0.664710677169 3
11 -32041.9867621 0.100560863057 3
56 -1321.50080927 0.884155494631 4
54 -1331.19393529 0.153176509187 5
31 -1512.33580991 0.1115294388 6
33 -1496.31405707 0.546683522459 0
53 -1354.80737604 0.156858939188 5
63 -1216.43665002 0.04085611471 4
31 -1551.66452755 0.040595897345 0
19 -4234.66184609 0.448677202176 3
41 -1440.99421416 0.576502272979 2
23 -2359.03660825 0.385869117338 3
64 -1200.58732158 0.00968743852446 5
60 -1255.32708622 0.793029654963 5
59 -1276.87556998 0.631524079054 4
27 -1663.19926753 0.869803664343 2
12 -21865.0471486 0.699476750661 3
57 -1266.3314356 0.570628025307 5
45 -1434.38392143 0.0594774226982 1
24 -2051.60639233 0.957284350261 0
55 -1330.21253404 0.284317969801 5
25 -1757.29436063 0.386538695288 2
39 -1458.95598523 0.00926267350236 1
57 -1299.33924871 0.871126250738 5
10 -59010.1892454 0.331764935629 0
64 -1200.18212568 0.143449352795 7
41 -1454.15034683 0.359400736558 6
65 -1184.92361577 0.0461217186779 7
65 -1182.97849999 0.618503035458 5
51 -1371.66315302 0.0589736930739 4
4 -114303.260614 0.566352032638 2
7 -106015.263692 0.881885500875 2
13 -18412.6317964 0.308214558953 3
33 -1502.66550399 0.236965332369 1
45 -1413.15220218 0.416131597067 4
37 -1470.6584773 0.0437925525848 6
60 -1262.30260191 0.398663134754 7
34 -1495.20753359 0.632205965708 6
54 -1348.20668227 0.262163838849 4
37 -1472.17423212 0.936883511428 1
59 -1268.41042253 0.3241296512 5
63 -1212.66061241 0.0320930645162 7
63 -1211.99606096 0.212048654482 7
60 -1255.15357053 0.895912856002 5
10 -31115.8824705 0.205988131854 2
36 -1485.26615788 0.679583604816 0
60 -1263.30980875 0.26623958982 7
59 -1243.76348806 0.367879994487 5
18 -5979.77172273 0.606606749267 3
55 -1328.42840983 0.0221159163389 4
23 -2102.26097682 0.849537563292 1
42 -1439.83499718 0.448417758177 6
17 -7507.63981877 0.665168271207 0
4 -470865.587157 0.266824762098 3
51 -1378.76899607 0.518070302532 4
15 -13018.3563477 0.894264740401 0
57 -1261.98311095 0.873682999733 7
13 -19497.5345254 0.0321809162801 0
4 -483447.593798 0.627812842912 2
15 -11442.5359744 0.506998986207 3
6 -165792.243806 0.774711427979 2
46 -1430.4716394 0.00716352332752 6
63 -1211.33751584 0.646180227856 7
49 -1396.52079881 0.970039426649 4
64 -1203.35982258 0.309390618731 5
23 -2268.00442583 0.917292981337 0
36 -1483.73625014 0.528996894344 6
64 -1203.05453774 0.329937891811 5
18 -5799.23153377 0.378332614507 2
26 -1694.49840292 0.00900018748517 2
31 -1533.42806033 0.781581044148 0
40 -1452.25205824 0.824195372348 6
3 -1712610.70278 0.0454315336988 3
45 -1436.03514254 0.125360095484 6
66 -1158.51075002 0.698698087036 7
66 -1167.33001185 0.738108540309 7
38 -1472.01153236 0.289234129277 6
38 -1467.72079351 0.812236388577 0
10 -58896.0643043 0.0840642443259 2
56 -1298.74687053 0.318100267787 7
2 -2669226.75666 0.938391837968 1
61 -1240.13582759 0.756541865907 5
64 -1151.2146353 0.563283332651 5
31 -1540.67663417 0.560316005686 6
23 -2365.40933746 0.0253557966736 6
62 -1234.75412055 0.372540134917 5
15 -10783.2010775 0.775683665778 6
22 -2483.22752685 0.762656224627 3
17 -5699.46167626 0.395803420786 6
54 -1306.97813783 0.447477396574 7
21 -2921.29737305 0.354374414023 6
40 -1461.17894226 0.85033829134 3
21 -3144.24351102 0.0391128804766 6
3 -1302059.28924 0.719049811273 2
46 -1426.73152475 0.128257080749 4
49 -1394.11472037 0.772525481478 4
25 -1709.92413046 0.793470796125 1
8 -115439.864328 0.642830994394 2
55 -1329.32916872 0.932242911931 5
60 -1260.6736393 0.163532328025 7
48 -1404.52670077 0.438977598671 7
57 -1297.55137238 0.543458736284 5
64 -1181.4544884 0.765718464143 4
21 -3115.0371579 0.342567799602 1
48 -1409.24164538 0.681792073661 7
64 -1190.33202622 0.162021461432 4
24 -2092.68426601 0.133174483914 1
37 -1482.52581221 0.707640573217 0
34 -1488.38401415 0.538240532929 2
27 -1685.10360487 0.973337407945 0
21 -2911.2835146 0.763338241286 6
23 -2206.95872487 0.813650097586 6
41 -1452.47567733 0.831412715163 2
60 -1263.37528957 0.021113359031 5
31 -1550.60646757 0.89361153605 0
34 -1510.9657031 0.457530368955 6
33 -1512.99952058 0.252938628128 6
65 -1175.66437378 0.443649738372 4
44 -1440.26981648 0.332232873796 6
38 -1464.92879219 0.986186999366 1
33 -1519.24948407 0.821744350667 7
33 -1519.77005433 0.628160715016 7
44 -1438.10020088 0.663136773822 6
45 -1437.5557845 0.341017866358 6
55 -1310.21345785 0.248128656893 5
43 -1444.35197073 0.990328172604 1
42 -1435.70333124 0.0687158307504 1
29 -1536.31807006 0.690387335249 7
29 -1594.30825961 0.239903053981 7
40 -1461.46614389 0.059711570797 7
40 -1462.08283917 0.718797119948 3
42 -1442.08763248 0.674216346857 7
57 -1287.36335433 0.469216429731 5
40 -1461.00678703 0.269549305759 1
47 -1413.61017929 0.880240895753 5
18 -4876.68110845 0.0171404295358 2
42 -1446.26464591 0.231729788998 0
45 -1432.55862767 0.565973922542 0
40 -1456.00251071 0.271565806915 7
45 -1435.27705785 0.571510870187 0
43 -1445.04918764 0.212191464318 1
60 -1259.79748574 0.835341922957 5
35 -1501.95319491 0.321619972253 6
64 -1174.40105672 0.807900766085 4
39 -1466.95050561 0.516380957964 1
63 -1205.781553 0.42723200566 4
66 -1168.39589985 0.80303102815 4
63 -1175.12302626 0.199707182951 5
33 -1521.01892777 0.994171788567 0
67 -1137.49917757 0.232990690218 4
64 -1177.68922833 0.984081205106 4
14 -15087.7216491 0.143949719897 2
64 -1198.77444576 0.0517468688342 4
18 -4086.55926147 0.526608945477 2
48 -1406.87569378 0.478988193363 7
32 -1511.4655047 0.867421118713 6
12 -13444.9429375 0.643219895102 2
15 -10519.2616753 0.254369074689 2
47 -1414.01870933 0.536255879942 7
17 -6968.4169366 0.850991198653 2
36 -1485.0469579 0.173565837752 0
66 -1163.83265886 0.539867732882 5
24 -1982.48072224 0.237557958413 3
62 -1206.98721525 0.652420442251 4
46 -1410.16494186 0.63481890035 0
22 -2691.0387964 0.132324041216 6
52 -1360.9604367 0.401242374744 5
21 -1903.19041812 0.529136434579 3
16 -5067.47855956 0.918652788465 3
60 -1259.7077875 0.691491035344 7
67 -1133.75634383 0.586526568854 4
32 -1511.84998939 0.438924472982 6
55 -1317.71927676 0.247124421949 7
58 -1279.33071505 0.212185394449 5
63 -1174.39461642 0.444666566104 5
27 -1639.72653478 0.946309144427 6
30 -1519.20773126 0.412182594477 1
65 -1181.90674501 0.590135783646 5
32 -1505.17699676 0.421674446858 3
53 -1358.75144212 0.157655651224 0
25 -1880.28003312 0.664769687977 1
67 -1156.08532543 0.981197420707 4
39 -1467.21492207 0.717730028042 2
55 -1333.62432346 0.52905779656 7
65 -1169.99751906 0.155837198813 4
33 -1514.9848591 0.437655934648 3
49 -1391.83287039 0.931036877172 4
66 -1163.12264858 0.920917934918 0
55 -1336.42933431 0.273222013014 7
66 -1168.28654029 0.0569249463404 5
68 -1118.69632064 0.641146016854 0
19 -4469.93470676 0.0251331900941 3
28 -1591.7724645 0.0691299337561 1
41 -1453.44327194 0.841909649784 6
63 -1191.14435569 0.115930354405 5
15 -9987.13137861 0.863778533289 3
66 -1171.17091544 0.812369227891 0
62 -1127.78850838 0.228020202424 5
9 -55777.0281065 0.617187624989 3
58 -1287.43889148 0.679086811362 0
32 -1532.1821757 0.014458350451 1
36 -1485.11698365 0.240041836329 6
55 -1311.39837906 0.341318882881 7
57 -1303.3836203 0.360918477961 0
63 -1209.72915294 0.5992954538 4
48 -1377.37324596 0.447950977726 7
30 -1547.0143604 0.10045647342 2
57 -1289.95848105 0.995167754028 7
23 -2235.13209483 0.243633670753 6
62 -1214.13333671 0.211731854863 4
59 -1275.02775505 0.878592081682 0
67 -1153.79843256 0.218235267888 5
64 -1188.33361088 0.687743566166 5
17 -6695.64500953 0.815195071706 3
60 -1217.00375313 0.96475099703 4
44 -1440.18119945 0.662266220085 1
68 -1119.50385474 0.897847484244 7
64 -1203.86259897 0.851479577942 4
68 -1138.41179549 0.213491782048 7
59 -1237.93353276 0.32087444984 7
43 -1445.15241131 0.40626551068 6
61 -1235.87805093 0.737401222693 5
60 -1201.61405397 0.835554821948 5
41 -1451.31818727 0.980159750149 6
49 -1394.67071173 0.925387449948 4
60 -1258.05580423 0.922106675061 0
44 -1441.67264416 0.566395148074 6
43 -1440.42449293 0.993147657081 6
23 -1953.08672663 0.90353028419 1
43 -1435.86906939 0.863231532892 2
22 -2238.6891498 0.343423798493 1
57 -1298.02777757 0.954242861176 0
19 -4671.43111962 0.314840631695 3
65 -1157.70436066 0.876368489238 7
60 -1258.6626948 0.430202313125 4
30 -1559.35870128 0.343241872861 6
22 -2279.43600927 0.591727287081 3
62 -1207.17695324 0.665584661644 7
20 -3831.2143606 0.940942294646 1
18 -5965.84246232 0.0564597044282 1
35 -1478.99705586 0.0171331684093 6
67 -1156.10247072 0.447584233393 4
35 -1493.61340748 0.976916377402 1
30 -1561.70957836 0.582409100361 3
34 -1511.86526184 0.00072990322731 1
68 -1121.92164345 0.792967133409 0
21 -2372.05800652 0.867741371807 6
20 -3153.78622952 0.110815051836 6
65 -1183.69101109 0.156096678839 0
41 -1446.91437221 0.172466315086 1
64 -1203.68957298 0.0702264477691 4
58 -1291.87077559 0.944323836504 7
58 -1269.60483387 0.741064445966 2
63 -1212.98056552 0.643766518234 7
59 -1270.72888461 0.636550656468 7
59 -1272.27356051 0.565422691582 4
23 -1909.91744203 0.787463446187 1
64 -1202.90218528 0.496774900031 5
61 -1226.37949045 0.939902182184 4
63 -1185.19475946 0.350468525459 5
60 -1263.46769349 0.190658349724 7
62 -1228.21162974 0.381682502588 2
56 -1314.26521429 0.09929792219 7
28 -1545.9032551 0.11279862939 1
69 -1122.78561556 0.486112181943 0
63 -1218.83336532 0.270268327947 0
38 -1473.1471743 0.709347848259 3
30 -1521.25350495 0.581761943969 3
51 -1354.11585943 0.799066944567 7
38 -1459.42020479 0.925335020677 3
62 -1233.13529293 0.038031180751 2
69 -1122.14443499 0.678272669252 5
49 -1397.10370559 0.571717002092 4
12 -25618.6600785 0.0377871114074 1
15 -8708.38427034 0.448823872572 6
65 -1188.28182607 0.413786872889 5
11 -28342.9313471 0.722348677469 6
10 -54070.0522165 0.24493711255 6
67 -1116.57583814 0.318418866709 2
30 -1557.37086617 0.73688870638 3
64 -1203.60413317 0.595290988767 5
62 -1225.26556852 0.758515976868 2
61 -1248.12240592 0.227751291323 0
64 -1199.64171364 0.257705137885 2
25 -1907.05888459 0.155187221057 3
62 -1219.07321412 0.255341782837 0
61 -1247.51042431 0.271184079648 0
50 -1385.30234393 0.0174520885022 7
59 -1278.51230138 0.992669158581 4
63 -1218.58606701 0.29649545898 4
17 -3291.84833658 0.220094479102 1
1 -4560424.71783 0.666824716289 3
44 -1436.32744579 0.545710992014 7
68 -1129.34497387 0.372389414119 4
55 -1317.96641569 0.22978737764 2
62 -1226.03756896 0.982313554502 2
62 -1232.73740702 0.00592527444312 0
57 -1290.1862023 0.413086703416 5
5 -547256.258868 0.360860910644 6
67 -1147.99985965 0.280733761723 2
52 -1367.66467149 0.942180227031 7
58 -1271.81573323 0.958175891472 0
64 -1196.7513687 0.300583219192 0
14 -14679.0901867 0.0974260167803 1
50 -1385.83326569 0.0839738629247 7
69 -1117.56724027 0.970151949638 2
18 -5927.85277649 0.185451698884 3
51 -1374.49047758 0.768765128569 7
65 -1188.76579877 0.114273262828 2
18 -5726.66685191 0.897696136202 3
54 -1347.40948362 0.774324051895 5
69 -1123.53735519 0.546658390687 4
44 -1439.30310477 0.41594335092 7
55 -1335.91812608 0.416670540926 5
49 -1399.51825396 0.798800529292 5
53 -1355.89726966 0.61835189282 0
35 -1500.54195127 0.224343169376 3
30 -1525.26411214 0.0582791784505 1
56 -1314.44485896 0.471561654422 0
31 -1547.11611221 0.782506226123 1
7 -137982.468557 0.0452669004318 6
47 -1410.84152347 0.242494738942 7
26 -1762.05931936 0.679230698367 3
51 -1380.1157383 0.238824401382 5
25 -1883.36304251 0.156432833687 1
51 -1375.41913615 0.531226511477 7
12 -16188.0820544 0.382648144371 3
52 -1362.50864951 0.895656506746 7
27 -1654.57324407 0.251834690272 1
11 -27569.4596525 0.925844413444 6
55 -1327.71255028 0.175956861154 7
19 -4311.40210086 0.670443725601 3
54 -1340.81617842 0.931971750719 5
12 -22037.8894177 0.274173879233 6
52 -1367.26707673 0.408729589472 0
62 -1219.73462718 0.545522683108 2
22 -2355.18259791 0.694646585043 3
65 -1175.66024101 0.472319688951 5
58 -1293.41216139 0.497619841155 2
44 -1439.56996711 0.0840237100856 6
48 -1401.96034105 0.717898873317 7
54 -1329.7379213 0.98528512735 2
61 -1170.6342316 0.287130595826 4
48 -1408.52081909 0.721700317608 7
28 -1632.95400728 0.977758587833 1
61 -1215.73491858 0.530375729365 2
50 -1377.69909302 0.946126791207 7
67 -1155.89744435 0.27105920784 5
59 -1241.20045268 0.796362092888 2
65 -1155.51075797 0.0264686375062 5
60 -1259.3226293 0.221365472564 7
70 -1075.56543228 0.584097358301 4
54 -1305.85748541 0.915722326797 6
70 -1101.80023703 0.138393770613 5
68 -1107.21934443 0.200063988796 5
66 -1169.91364999 0.192143098984 7
58 -1294.6939885 0.8159402135 2
55 -1335.65008402 0.961520714488 0
57 -1302.90885479 0.588261853092 6
64 -1155.81542386 0.0730498671897 5
66 -1166.64755424 0.0501477938835 5
61 -1249.42152499 0.987227448742 0
29 -1555.80121422 0.921984597467 1
64 -1199.41038492 0.0503765669405 7
30 -1569.31892452 0.176841208366 1
70 -1098.58297028 0.0930723385672 4
29 -1590.37499765 0.546156124481 1
46 -1410.92188944 0.927042558118 0
69 -1113.80904716 0.947463882101 4
65 -1189.02840908 0.0403258445888 7
71 -1084.59382644 0.769481821957 4
32 -1515.47109456 0.00714154548416 3
64 -1173.85411168 0.0557305327462 5
52 -1355.96568656 0.137285728856 6
63 -1202.9135708 0.4757150476 5
53 -1352.16542764 0.891949242042 6
48 -1408.96418715 0.137606234513 6
52 -1368.33917525 0.0327866763314 6
70 -1076.31403166 0.889227662216 4
60 -1251.15703264 0.0483464988889 2
66 -1162.56597249 0.101638398203 0
71 -1079.11190672 0.317530082818 5
59 -1253.42738716 0.128112092065 2
56 -1292.27270392 0.274793423362 7
70 -1100.15131698 0.591547711549 4
71 -1098.75827153 0.78869796685 5
67 -1152.11704588 0.122943415116 5
69 -1124.18555367 0.792005192387 4
67 -1133.59045115 0.114977136915 4
48 -1404.38006253 0.50207687598 3
71 -1087.14725313 0.92264489747 5
44 -1436.23363358 0.244522419946 1
68 -1098.70891465 0.760558234878 0
53 -1308.72807921 0.284908101092 6
68 -1136.22515941 0.511517592897 5
67 -1153.86818722 0.554622682815 7
66 -1146.84554911 0.546133487529 0
69 -1120.4512714 0.15536495016 2
55 -1333.68745926 0.505147528853 3
54 -1344.94047815 0.133727094228 6
39 -1465.91885706 0.594285840551 1
45 -1434.73039084 0.923228087686 1
56 -1322.4344386 0.734765199303 2
62 -1223.8746136 0.849591199568 7
70 -1107.89016201 0.0905687167745 7
66 -1171.59532128 0.371398647182 2
67 -1139.1391298 0.697193431884 2
69 -1081.32605045 0.133155383768 7
70 -1081.29166622 0.728208488474 0
69 -1113.77361468 0.791492734488 2
58 -1266.15610496 0.730425359135 3
59 -1277.85665469 0.791313733144 3
66 -1169.24583308 0.0387624553252 7
57 -1306.28107039 0.186228577193 6
59 -1269.77171366 0.286878882841 5
70 -1108.93029878 0.582474548716 0
59 -1277.87137035 0.647907795657 1
70 -1103.61776227 0.309794385322 0
72 -1077.49800267 0.00692219810487 0
65 -1183.57687034 0.453000045472 7
66 -1159.46904923 0.176859684006 7
66 -1153.4972489 0.728143548338 0
62 -1203.33800516 0.604533910973 4
63 -1213.20012578 0.118053124574 6
70 -1086.31880073 0.41671636942 2
32 -1507.59978909 0.0890920346509 5
69 -1066.67808492 0.156511247963 7
71 -1098.83868385 0.979982563713 4
41 -1442.25803853 0.703758311818 5
