# gamma_0, K, T, phi, ecc, omega, sigma_0, 
-1000.62  26.5437 73.999 0.0225242 0.753964 4.49885 21.9248 
-98.6758  15.8016 36.4455 2.85008 0.130568 3.93043 0.0142033 
360.599  30.6434 2.84744 1.05016 0.322638 2.54053 0.0379849 
837.006  64.9465 1.39042 5.28005 0.224783 5.76206 0.153022 
-134.512  42.7057 3.21241 0.452928 0.0307491 5.89363 0.0268807 
1274.55  60.9846 466.509 1.40861 0.645843 3.21187 44.3305 
173.635  81.5724 1.7162 4.66463 0.0138511 0.62276 0.196206 
613.259  94.965 5.52683 1.67733 0.127572 5.43919 0.0778908 
-566.177  91.8706 205.149 0.76013 0.12919 3.0542 0.297474 
385.403  66.1525 82.5531 3.30095 0.239468 0.980957 1.63305 
741.564  69.2245 16.812 3.86611 0.229162 4.92117 5.3608 
-9.97684  64.2587 1.26099 0.41953 0.4225 5.3751 7.21182 
-365.617  37.7023 4.5807 3.8627 0.123542 3.31517 46.8017 
-1225.3  4.23685 110.499 2.99488 0.0851235 5.6628 19.0654 
1000.34  30.197 33.4378 1.48166 0.746899 4.51071 3.58372 
-12.9366  41.7278 446.376 2.84947 0.794418 4.31773 11.8069 
542.439  64.8779 12.2986 4.05445 0.283073 2.32009 90.2353 
1161.1  60.1156 308.952 2.29025 0.818393 4.65303 1.07525 
-701.96  48.3244 351.076 4.2185 0.415081 2.97972 21.5364 
-91.9164  9.06726 32.8708 0.39558 0.118995 1.34012 9.94807 
-15.0944  76.7135 393.284 3.36788 0.492 2.56323 16.4736 
-89.7458  72.0554 12.2711 1.79348 0.151219 2.70206 3.3714 
-26.5899  61.626 4.74096 2.26959 0.580021 4.22187 0.0219048 
-27.551  75.5991 506.772 2.68997 0.651803 4.40378 33.6412 
1030.11  23.7871 27.9476 0.751308 0.0701527 2.83582 90.5653 
216.974  81.6386 65.1834 5.72997 0.572843 4.88446 28.2061 
721.098  92.4127 9.56367 3.64342 0.320438 1.73418 75.8486 
-582.96  83.9588 3.14663 5.55506 0.159372 1.42707 74.7151 
32.236  32.8626 187.353 3.19898 0.845549 5.43358 70.4141 
326.15  63.9404 221.59 2.19767 0.442657 0.243797 76.7245 
-101.689  18.1701 27.1766 3.55611 0.441978 3.72989 89.8556 
-148.16  33.4468 190.566 0.641718 0.707381 1.77759 54.4607 
-129.938  88.4701 3.08538 4.32303 0.3583 4.22778 0.22376 
-176.037  35.0147 395.669 2.32484 0.250003 0.515207 1.99621 
207.305  81.4905 362.233 0.744166 0.13426 6.21397 46.5108 
-104.238  58.3261 5.50678 4.80862 0.669498 0.360034 81.0243 
-69.8075  12.1538 35.1707 5.18205 0.325524 4.16022 18.8196 
-596.387  85.5696 8.91711 1.68944 0.0549367 1.88226 92.1131 
-14.3425  85.1845 181.437 4.40506 0.347155 1.28727 73.0329 
283.784  60.3541 37.9195 2.32114 0.562679 0.0895424 54.5079 
0.293718  99.6214 1.59003 6.0341 0.444892 2.84904 34.2712 
15.5585  41.1018 37.1351 1.98373 0.820247 4.83836 54.535 
-164.336  52.625 21.2594 1.92692 0.526344 3.0112 23.8696 
-2407.51  88.6336 15.6205 2.34574 0.280977 4.80161 51.6417 
-63.0265  4.43301 10.1916 3.99183 0.753192 3.10545 92.086 
1141.99  29.3472 1.19064 2.30773 0.0341317 6.0453 0.246455 
-89.5835  86.1078 76.9726 1.64213 0.116133 2.2238 34.0998 
46.856  7.37832 2.14282 1.35361 0.872711 0.58314 74.7492 
-93.8722  42.2526 196.132 4.23079 0.694499 3.89118 7.24385 
0.816153  14.7165 606.721 1.89142 0.0118711 3.6304 31.4468 
1069.15  44.7238 207.093 1.89304 0.757777 1.90776 0.996453 
-326.909  4.97898 3.75148 4.8157 0.122956 2.91666 1.67011 
516.089  25.6372 8.83364 5.16171 0.038004 1.7885 92.4031 
33.2806  51.1761 354.77 1.39738 0.409795 5.81752 53.0902 
287.578  40.5938 52.2565 2.64661 0.257384 5.56646 0.0180713 
-174.936  71.1541 398.057 0.783599 0.156426 2.05068 74.135 
13.4613  15.4491 3.24761 1.18653 0.372956 4.56065 52.124 
-36.297  90.9833 472.313 2.74657 0.055181 4.03769 54.176 
-57.7666  61.9985 36.1798 3.74123 0.0109863 1.22109 50.9692 
10.8339  8.62536 267.939 2.72558 0.636941 3.16248 82.1273 
23.313  26.6655 2.59267 5.98957 0.390041 1.32999 76.9847 
-53.5546  14.8899 1.10234 0.472297 0.109658 1.408 91.267 
39.0009  89.3167 197.498 2.39532 0.32679 3.60004 93.0135 
-34.28  66.2544 188.906 6.11615 0.690269 4.29101 41.4983 
-163.487  26.9822 481.789 4.09159 0.802074 4.94222 55.4958 
143.657  68.7437 317.145 0.528906 0.25395 1.67968 62.668 
47.2149  49.8928 2.20874 4.41384 0.475588 2.69204 19.517 
109.193  99.9113 65.5406 6.19157 0.525356 5.96389 27.6023 
-105.092  12.1499 3.47143 3.07222 0.523432 1.0282 80.602 
-58.4661  7.18966 89.1467 2.48767 0.394491 4.81912 72.2793 
137.177  76.4401 66.8744 1.9665 0.362201 1.03879 36.0873 
1396.56  47.4559 1.8817 1.12534 0.647726 5.20543 66.3402 
91.1653  8.32071 1.63148 6.25881 0.161224 1.75476 68.4627 
-11.2955  4.15288 56.7609 0.0338724 0.440169 4.22755 6.71026 
44.8477  3.34846 28.4567 1.33052 0.22882 2.87372 66.9472 
12.4325  48.6503 16.3634 2.52652 0.437519 1.06473 65.5083 
-149.115  42.6688 2.47102 5.28907 0.044971 1.64691 10.5209 
-44.5493  94.0489 96.0759 2.57713 0.790653 3.337 44.423 
9.92458  19.3386 186.959 1.23108 0.781766 5.21755 89.0695 
-0.205703  64.6839 191.123 1.42823 0.521569 3.75362 38.932 
-20.2721  48.8098 1.98191 1.32242 0.123698 2.03719 6.92267 
-8.9428  65.8973 376.247 2.58946 0.460047 5.86999 29.9901 
-37.7823  53.0052 719.566 2.80449 0.518977 2.56765 71.7068 
-74.3534  80.9106 402.305 4.1661 0.0812957 6.086 0.340752 
11.4019  44.522 195.162 4.56798 0.449053 1.3748 42.7789 
-32.0856  65.4812 23.0787 1.43538 0.181711 6.02124 89.9035 
-62.4237  87.9614 194.029 5.99252 0.442291 5.73653 53.8484 
-424.893  98.4409 537.886 3.32806 0.532645 1.7993 80.5484 
-22.5935  12.0767 102.419 5.67252 0.488246 1.64903 63.2782 
948.701  33.4497 58.6076 0.231952 0.89316 5.42263 14.7578 
40.7024  94.7515 171.147 3.11455 0.678881 4.97919 55.6774 
194.392  43.9379 202.359 1.6439 0.895553 3.65999 0.0109631 
-34.8363  27.8982 175.963 1.00948 0.753241 4.08053 70.0048 
1.15026  6.06976 124.573 0.876201 0.011288 5.07622 59.8155 
-63.3647  79.1793 339.695 3.78062 0.350304 4.40276 99.0915 
38.6372  4.14381 5.17946 3.55909 0.55838 2.66438 46.0254 
-12.4487  34.22 164.906 5.47457 0.489695 5.0341 42.1161 
11.6073  67.8553 22.3424 3.51253 0.724431 0.922252 72.6817 
-27.2527  25.1864 614.579 2.84461 0.892017 2.85204 0.160527 
-18.3412  54.2928 33.2384 3.83877 0.458958 2.91261 96.8348 
4.10583  36.6521 5.27512 3.60561 0.352837 5.96513 69.8923 
-22.9852  33.2982 60.8632 0.261667 0.349939 3.32886 69.148 
15.1421  76.6414 239.209 6.00485 0.870753 1.95877 80.5182 
28.2997  73.906 10.105 0.236826 0.129829 2.85499 42.624 
-6.69268  72.3419 16.8667 1.73792 0.49583 1.59643 95.5057 
-16.8573  21.2789 204 4.45529 0.0884555 2.64961 73.3172 
-27.2125  96.3199 1.12553 6.11856 0.718964 4.83834 84.7014 
-1.69795  87.2207 542.732 0.0588344 0.707302 2.31547 63.3467 
-65.6285  54.2345 95.7513 1.58509 0.589005 0.424248 61.6224 
-59.21  24.9787 234.404 3.85437 0.0486153 1.8576 77.1953 
-28.9064  60.348 84.6406 5.57302 0.241746 2.77082 59.3256 
-13.4433  48.0104 27.2867 3.1331 0.331708 4.57462 47.81 
317.173  70.2199 357.308 5.08607 0.545835 5.2495 89.0025 
-41.0583  89.6245 1.45678 1.48238 0.745563 5.98646 48.754 
598.874  90.0152 1.1049 1.69897 0.256811 5.73551 74.261 
-60.0799  87.2067 48.7459 1.50366 0.372372 0.23809 2.35983 
19.0025  83.9338 1.67578 3.17265 0.748788 3.44579 91.5544 
7.64885  67.9632 673.599 2.19675 0.716524 3.08713 57.5215 
-142.797  7.16839 81.8238 2.15251 0.34483 0.590191 43.438 
-265.065  93.1245 54.294 0.922919 0.605509 0.788001 67.0088 
-33.6622  43.4084 385.556 3.79252 0.252719 4.53498 69.3496 
-21.4465  31.5375 9.00657 0.476627 0.867127 4.85307 75.7422 
-14.6504  19.1608 95.8416 6.0486 0.622509 0.253659 86.4773 
11.7667  24.9265 420.621 5.49453 0.485315 0.233168 90.6603 
24.6363  77.9915 710.8 5.87938 0.641756 3.34072 65.8195 
-118.418  28.7712 16.4073 1.7527 0.00535048 3.05199 0.0868119 
35.391  63.1784 2.61912 0.811139 0.52659 5.8422 43.6207 
-40.1117  41.5272 199.977 4.29713 0.52214 2.57857 70.1774 
-11.353  35.1819 2.15414 1.71848 0.648156 1.69467 76.1124 
-7.30658  73.0421 10.3833 0.661211 0.643335 1.47033 41.9776 
-386.328  0.298856 92.2682 1.3114 0.884294 5.64942 31.7389 
38.2447  99.7066 186.721 2.88391 0.00124336 1.56571 92.1937 
-11.0104  69.2544 13.5634 3.03989 0.240338 2.7498 69.2583 
-50.6454  71.6567 382.049 4.36177 0.208218 4.33429 51.1 
19.5515  26.4728 950.518 0.846697 0.521432 4.92541 96.0229 
355.751  78.3925 2.63226 5.82804 0.569678 1.77296 14.4608 
-4.54498  15.5633 1.12875 2.8891 0.562745 4.85509 87.1098 
24.9937  57.8354 339.547 4.90093 0.673362 2.79424 50.5941 
-45.9319  71.768 380.393 2.82648 0.280049 0.167145 27.3672 
-46.6394  91.0272 368.047 6.27706 0.189129 2.08 22.4504 
-22.52  37.1093 894.359 0.944285 0.268859 3.26808 70.1931 
178.804  79.0151 32.5215 3.29493 0.168288 3.08729 67.86 
28.6571  46.0218 322.055 6.11715 0.212148 1.24644 66.5618 
-21.6536  16.586 1.67522 4.46166 0.230163 4.57078 53.9748 
5.44928  4.02003 23.1459 3.2412 0.201516 1.54524 63.8983 
-73.7902  91.8331 641.451 4.69539 0.245745 5.70678 40.9037 
561.978  41.6424 909.391 4.51969 0.188195 4.26774 0.0739977 
-112.272  33.1894 4.76314 1.38511 0.493433 3.80876 3.17159 
-34.8327  9.89031 49.3536 3.56321 0.679357 1.03643 50.1917 
-45.9401  96.2517 7.28913 1.27083 0.165833 3.40886 70.5454 
-18.385  30.3983 366.368 5.96326 0.40958 3.32071 56.388 
10.3278  6.73543 8.22151 4.00444 0.708227 1.57652 86.2675 
-1355.87  59.2483 1.78967 6.08841 0.401849 4.51404 9.68806 
121.717  93.7574 364.811 6.08178 0.860737 1.11658 71.4172 
2.48463  70.783 191.017 2.36735 0.114546 3.07982 17.8148 
-19.1893  41.5487 191.668 6.11217 0.787523 5.91643 59.8592 
-103.403  21.9929 18.9801 2.31359 0.592902 5.53235 71.561 
-45.2408  53.6415 379.092 2.26612 0.0339567 0.776413 62.7017 
-17.264  59.6701 127.558 3.62091 0.234167 3.35973 33.4481 
-8.09822  80.3837 190.47 3.66685 0.293313 1.09202 58.679 
12.6847  78.8427 2.26728 5.66857 0.288547 6.21633 59.8978 
-19.9325  87.9028 191.622 1.71001 0.265962 3.23442 24.7261 
21.5396  29.3206 880.839 4.49572 0.00575102 0.109251 55.326 
37.5351  51.4656 48.1558 0.206896 0.0754397 3.80818 52.4899 
-16.0903  99.9534 191.271 5.08374 0.389605 0.187043 47.6335 
-7.48293  27.9621 1.08854 5.60094 0.566168 2.33566 96.4305 
-9.82473  63.5878 7.93983 2.94812 0.149811 3.21877 55.0002 
-127.592  50.6321 2.78465 0.466637 0.845635 2.15683 0.23251 
-11.5615  34.3628 1.03778 1.64611 0.0674328 2.71767 86.1233 
227.567  66.6545 14.0026 0.0131145 0.138055 1.66152 80.4953 
198.121  54.0256 520.351 5.62147 0.819757 0.65914 42.1446 
14.932  56.6898 1.47767 0.895277 0.580751 3.81561 59.076 
1026.35  73.2003 21.9679 1.77934 0.145125 6.01719 28.1419 
79.4424  27.2552 352.146 4.76888 0.500289 4.1891 59.9177 
-26.4868  88.6935 196.493 3.47922 0.100242 2.55864 60.6609 
-17.858  4.07386 271.359 2.57827 0.113124 4.77958 96.0507 
5.12152  44.5333 185.58 5.89223 0.388289 4.42064 41.9187 
3.02953  87.1693 368.374 0.206993 0.493248 2.75039 27.6027 
-25.1726  84.1566 141.069 1.91902 0.421845 5.45078 0.901847 
-5.34725  47.3416 6.75305 5.06058 0.635628 2.56696 85.0718 
-72.1633  54.099 1.3519 1.40457 0.322635 4.16141 28.4531 
-32.5109  86.7019 91.3032 5.68983 0.258491 5.00986 70.2878 
-12.0842  90.7991 401.903 2.42143 0.18192 1.97856 42.9468 
32.2246  76.6905 167.949 1.81865 0.0488635 4.60758 56.4665 
-4.93667  0.0823923 2.19368 3.61027 0.461541 2.26672 82.3921 
-155.03  41.8289 17.2876 4.36739 0.26938 6.1226 0.0246387 
-23.9853  67.3439 190.609 1.47082 0.222644 3.63349 28.9265 
-140.329  94.4219 1.60684 0.631032 0.821374 4.96994 66.5999 
-90.0807  68.7527 18.8319 4.64519 0.768469 4.18863 0.210729 
-35.9806  46.2997 64.4462 0.590756 0.675711 0.345477 75.2588 
-1470.87  50.4222 632.299 3.37536 0.0857773 1.09491 0.717808 
67.5763  18.3917 9.21819 1.14096 0.22342 5.03099 0.034872 
4.42746  8.0996 485.591 1.2767 0.279853 4.50908 61.1934 
5.98218  63.2572 27.237 3.03043 0.645237 5.26149 85.5347 
-114.689  15.8249 886.205 3.08562 0.726329 1.98841 0.262463 
-21.348  50.8322 377.031 0.0780733 0.271536 3.14201 58.0159 
-724.353  42.7116 8.16669 1.34139 0.0796386 0.575834 0.184448 
-71.9008  20.1361 882.126 5.94253 0.617338 1.03416 54.6918 
1067.43  63.9765 290.233 5.11586 0.663878 1.36601 0.0284458 
-10.4493  47.1793 426.1 0.376199 0.479462 5.64098 69.9288 
1.87729  71.509 187.201 1.11743 0.0386248 3.3642 42.7303 
32.6288  43.2805 2.42819 3.38175 0.0527468 4.45931 42.5156 
5.33774  60.509 108.078 3.50705 0.764888 3.71773 65.5109 
-30.3855  79.3211 359.252 0.0911586 0.155221 1.93712 29.3038 
-62.2025  92.7019 369.96 6.18158 0.549642 2.39257 0.0789849 
-6.17602  62.3767 197.17 3.18084 0.144028 3.64478 43.6493 
-133.312  13.5527 6.47915 5.11243 0.787003 0.314821 88.3597 
147.852  97.4587 370.117 1.01598 0.610299 5.1776 33.9834 
92.8294  83.9313 39.7758 5.51286 0.874787 4.36467 77.0064 
-7.22544  90.006 191.96 0.846664 0.392489 4.29464 38.7463 
-21.9716  61.7201 188.206 6.19265 0.0626605 4.47722 22.1043 
4.30723  83.8643 192.532 2.51808 0.418601 2.9833 26.3894 
-417.269  34.3972 23.869 0.298846 0.0437566 6.27298 85.9896 
13.8525  16.1029 501.459 2.21198 0.666215 0.845859 73.6067 
-10.3851  37.8575 770.387 0.541165 0.452433 2.43901 73.7411 
9.97094  63.4348 14.5469 5.21849 0.449125 3.66984 44.2176 
10.6037  57.5277 6.87754 3.44538 0.105362 3.00576 68.5979 
53.3932  64.1573 16.6911 1.55053 0.570585 3.02518 74.0529 
-67.3258  84.0864 388.206 2.04987 0.443421 1.21669 21.438 
134.392  34.4764 14.5187 0.703159 0.281525 2.75116 59.5788 
8.27512  82.1359 57.5741 5.26537 0.841956 1.19988 79.7114 
5.45646  67.9641 1.05436 0.0210269 0.0302185 4.40372 70.9494 
-31.7645  63.2976 193.192 5.82725 0.112442 5.78547 54.7924 
767.63  8.02351 92.4322 4.35865 0.398646 3.87553 21.3385 
-3.77546  99.1707 1.61045 3.11679 0.81919 0.899863 63.0927 
0.994298  94.7139 188.042 1.96297 0.154495 2.48402 41.7761 
-12.8044  88.2968 190.614 5.7156 0.0128978 5.50439 20.139 
7.20763  85.6307 190.824 1.28222 0.560588 4.04008 14.7537 
-17.9438  39.2011 184.199 5.46977 0.472678 4.83205 49.936 
-309.018  41.1636 790.073 6.22653 0.867527 2.58319 55.9445 
-370.05  7.78772 14.2505 1.01619 0.3032 4.56883 61.9165 
14.6986  42.5422 1.84337 4.83145 0.855214 1.97865 57.717 
-31.5944  82.366 128.364 0.780379 0.452973 0.615453 53.0198 
-8.67622  7.89923 115.609 2.2765 0.482926 4.92771 71.5522 
-66.0418  75.1606 353.759 2.77032 0.105798 5.21771 89.7998 
-32.374  81.7053 393.82 2.62936 0.397302 1.1661 35.8161 
-41.79  76.4382 383.17 2.26539 0.498253 0.525622 34.498 
-14.0328  78.9805 392.48 1.09172 0.141545 2.83401 40.6893 
-10.5437  86.811 191.018 2.58233 0.226668 2.60798 25.5382 
14.7456  46.3226 258.964 1.97209 0.676408 4.27087 76.0701 
10.0839  70.9384 336.889 0.459363 0.265454 1.06805 91.2473 
-426.111  82.5082 74.5236 3.11766 0.051213 2.27419 0.0852929 
-23.9481  82.0397 1.23028 4.23664 0.361772 1.23093 66.3387 
-65.8885  89.4166 389.274 2.27934 0.202 0.742757 34.8937 
0.385702  71.015 2.30397 2.60188 0.75589 1.68433 87.5447 
174.447  9.03026 5.80562 4.90732 0.131865 2.40447 18.748 
-40.4087  92.5262 188.313 3.53754 0.251275 1.2158 39.8152 
-44.926  94.6018 365.599 1.14309 0.164057 0.971033 55.6861 
-4.45557  63.5956 1.18989 6.04745 0.487791 5.33368 62.4783 
-3.84223  99.824 189.352 1.32989 0.367732 3.79288 6.29345 
9.37209  87.5943 186.878 0.770833 0.260024 3.637 12.4761 
-31.8111  93.1315 376.963 1.15384 0.394106 1.92128 19.8018 
-267.033  72.327 5.07449 5.14044 0.437089 2.26656 1.3704 
-3.92332  95.3713 520.248 2.69425 0.815565 2.79638 95.0857 
-26.1942  79.5916 190.279 5.03411 0.165198 6.1106 29.0582 
-22.0467  79.9703 192.549 5.17282 0.0554245 0.0953616 28.3516 
-18.9238  92.6159 362.051 0.0893539 0.59678 2.4128 62.8484 
12.3296  11.681 2.33599 5.72445 0.293015 5.49505 73.651 
47.7361  43.2665 70.9591 2.94509 0.574084 5.35738 93.8374 
83.6117  31.276 269.064 0.477877 0.549178 5.44511 26.5379 
-22.886  44.4849 381.405 3.25705 0.401194 5.5331 32.1947 
-419.191  93.8994 4.50396 4.09542 0.438717 2.64933 41.6585 
-38.5018  86.7003 191.687 2.11764 0.249229 3.37466 30.7697 
-27.3144  69.7868 197.699 4.2962 0.424242 1.95717 58.7383 
0.86947  99.3536 380.09 1.19696 0.539294 2.46503 12.9231 
-12.4921  40.0056 464.946 2.77237 0.894024 4.68893 74.787 
-9.18287  79.1495 195.22 1.08098 0.155985 4.65907 82.3678 
-18.3428  67.1974 133.495 2.39986 0.114258 0.681835 59.7736 
-59.0075  25.4865 5.05918 0.487001 0.356286 5.16332 0.0935547 
7.75715  80.8159 187.376 1.49527 0.516762 3.23286 55.4758 
-140.188  10.1266 7.39346 0.0989523 0.472257 4.44341 71.4609 
-20.4358  76.9142 190.525 1.88929 0.0182169 3.57318 22.3872 
0.776157  13.5644 4.49674 5.13518 0.660747 5.38004 70.5982 
2.74799  21.2116 436.933 1.03724 0.678029 4.52344 83.6319 
-10.5795  92.6854 189.303 1.69056 0.256945 2.9317 44.2558 
31.3984  80.4136 183.054 0.417616 0.0988746 3.20518 84.6888 
-72.0825  89.0177 364.456 2.67407 0.459159 5.08576 47.6255 
-15.2396  87.3517 1.06168 5.78833 0.392097 6.23628 12.4082 
-5.62904  91.1594 191.343 1.90777 0.301811 3.31296 10.5635 
-7.81379  98.6011 188.035 1.44393 0.289079 3.10915 0.0510919 
13.8975  4.8766 40.4606 4.98271 0.775114 0.904919 93.7609 
-20.2862  88.6137 191.265 4.50191 0.0698495 0.495728 12.4255 
0.918313  92.215 191.471 1.62154 0.125368 3.93135 19.286 
119.317  93.4855 1.48508 5.8055 0.685058 3.1831 50.0767 
-110.427  8.58765 13.5626 1.73618 0.340291 2.45814 25.6305 
-28.4258  93.9211 200.025 2.23403 0.116386 4.47467 29.8897 
-26.3287  84.9897 128.809 2.40939 0.46684 4.88848 23.1681 
-6.8584  70.271 193.148 5.50171 0.0589283 6.14452 39.0213 
857.301  16.7678 1.40876 1.0747 0.69429 1.75507 31.5495 
27.5633  13.1099 27.5642 0.0672787 0.498365 4.15867 76.0856 
-16.3783  84.6698 188.365 1.66294 0.181509 2.83356 5.77196 
-41.2382  29.1908 794.421 4.63242 0.858295 5.92696 51.3488 
-10.0132  92.2349 187.112 0.862901 0.243312 3.49981 20.3635 
-37.6235  12.9351 1.39133 4.36807 0.839005 2.51872 0.355624 
-6.65117  42.3664 23.3079 2.47748 0.397254 2.6909 46.1813 
-7.67449  92.5776 191.551 1.56653 0.308712 3.83837 0.0500052 
-7.92043  48.9678 462.985 4.17029 0.570098 3.41821 89.9267 
-20.5472  70.2878 200.675 5.22627 0.108893 1.58904 44.9105 
12.4137  92.8477 130.874 3.14555 0.666145 4.41258 34.5953 
-7.56084  94.5988 189.059 1.11369 0.182117 3.66648 0.0179752 
-3.43824  84.8808 185.158 0.642458 0.287728 3.34959 20.5591 
-1248.88  82.6025 68.9578 5.5123 0.432742 0.0874442 58.9101 
23.1583  84.9364 183.81 5.42942 0.118073 4.52562 19.5496 
-24.5373  97.3774 189.111 6.01981 0.0706742 4.84549 15.9041 
-35.3678  79.1148 383.142 1.76758 0.455643 1.31188 12.5853 
46.6979  49.6538 2.93796 5.95704 0.341734 2.31463 10.3046 
-16.7242  52.4512 713.574 2.71648 0.356822 2.63173 77.3428 
-26.3585  7.78808 9.26652 3.77219 0.806256 4.68894 89.6378 
-11.8735  73.6219 127.316 2.55019 0.58858 3.8823 47.1547 
-5.91526  88.4118 191.263 1.86154 0.193462 3.43806 37.684 
0.241148  98.735 191.412 1.55829 0.486044 3.60341 22.3186 
-53.1548  83.7299 2.46607 3.58349 0.210746 4.88625 38.4217 
-11.9429  95.6464 191.685 1.55269 0.213898 3.83536 0.206921 
-155.05  89.2468 27.9463 0.25335 0.334185 2.06324 86.1658 
-62.8452  99.3282 379.026 2.4012 0.180565 6.26664 11.4212 
-57.9411  70.3591 360.046 2.79486 0.346725 4.94615 75.1451 
-10.5024  76.253 192.471 3.3644 0.102328 2.04709 17.8035 
-77.6951  54.7878 1.99613 0.504997 0.120448 2.64322 36.3275 
-14.9015  96.2895 194.72 2.31787 0.137049 3.58881 1.70177 
235.939  14.0066 1.28214 2.78375 0.823774 4.25367 89.3549 
-0.245743  65.0305 403.563 3.28914 0.50855 0.72162 46.0919 
-42.9504  94.9687 376.581 0.635714 0.271426 2.264 28.5015 
-0.305454  82.7516 187.8 1.64256 0.377305 2.91787 20.9426 
-0.617885  97.2294 186.679 1.29644 0.284701 3.06676 11.1452 
-5.73481  98.4576 190.976 1.23516 0.39694 4.19256 17.3495 
-42.7745  95.5479 362.917 5.85923 0.0524875 2.40203 23.9234 
-11.3964  89.7609 191.134 4.01523 0.0319902 1.25475 16.8901 
-40.1402  84.9337 32.9053 3.15077 0.479946 0.498802 17.5927 
-42.1974  69.5926 1.23384 4.15779 0.497521 5.04147 59.621 
2.91867  97.8907 185.316 0.478692 0.447451 3.73218 18.4187 
-21.6902  96.8394 365.984 5.43578 0.134739 3.14075 44.3506 
-48.5595  95.6409 385.425 1.97889 0.286414 1.33131 16.3278 
-3.761  11.2006 1.49709 0.386847 0.191511 4.61592 96.2811 
-67.6106  96.1895 386.046 2.6146 0.413188 0.126233 16.039 
-12.647  90.2753 189.332 2.39699 0.177103 2.5291 18.5242 
-39.8597  93.3055 377.669 1.25516 0.358954 1.59618 8.98413 
-4.84338  65.351 184.774 3.1126 0.0712718 1.05084 29.1993 
-19.6469  16.8278 260.623 2.5818 0.848419 4.88362 78.5959 
40.4302  6.23759 55.8284 1.48765 0.663914 0.591054 70.6285 
20.2898  64.9064 15.8958 2.49549 0.88682 3.0246 68.2482 
-13.4634  60.5735 24.5359 3.13122 0.130149 4.6877 49.7871 
12.016  96.7439 121.535 5.97522 0.772445 4.6687 49.2143 
16.0789  87.2351 206.097 4.29937 0.171471 2.06933 0.0329738 
-1.0618  97.1255 268.976 2.64046 0.62598 2.62578 40.6521 
1585.8  89.3472 452.573 5.76884 0.430507 0.239714 81.7481 
3.1319  87.1279 188.616 1.35921 0.200136 3.367 35.952 
-20.886  88.1788 45.059 1.877 0.862191 5.80427 73.7356 
-18.9576  49.8647 14.3112 6.05997 0.632654 1.68249 62.9068 
-27.8289  99.2087 2.19209 5.37495 0.246846 5.20433 88.9665 
-285.611  13.4734 880.051 2.9253 0.785328 3.09916 3.43629 
-0.190792  97.6901 187.386 1.06869 0.358132 3.50195 0.106882 
-14.3796  98.6756 188.14 0.830102 0.308191 3.8489 51.1894 
-3.09716  94.1983 186.963 0.552146 0.115156 3.7224 2.18516 
-15.7544  86.4666 370.226 0.960963 0.572543 1.66962 10.8496 
6.00444  98.6015 187.68 1.28374 0.342097 3.39598 6.51336 
-1.43707  98.0834 186.207 1.1577 0.14065 2.95851 14.0203 
-18.8318  80.0996 193.072 3.02349 0.257034 2.30871 45.34 
-22.0095  91.276 192.089 3.19004 0.0166192 2.05059 16.014 
-42.9696  94.8197 376.823 1.17734 0.348193 1.67736 8.17745 
-18.4485  93.4402 189.709 1.7445 0.121132 3.07395 22.5418 
-5.60342  97.8714 190.728 1.86478 0.32613 3.36492 15.575 
-47.1782  94.6303 375.926 1.58686 0.224257 1.05013 10.7552 
-14.8591  83.562 189.626 2.15426 0.223502 2.63619 11.855 
-16.2177  93.8831 188.873 1.63981 0.234101 3.10295 18.8917 
-36.08  97.8504 376.925 1.32253 0.307172 1.50446 1.35724 
-43.9551  97.7256 378.066 1.43753 0.346673 1.43562 15.8789 
-9.78164  98.5692 194.596 0.798499 0.284777 5.24345 42.3403 
-17.9676  90.7092 190.287 2.20551 0.17057 2.71909 17.0349 
-52.3228  91.5307 382.327 1.79272 0.29134 1.23621 19.1656 
-51.5608  98.9547 378.088 1.62433 0.242696 1.0355 8.4084 
-42.2442  93.327 382.603 1.65829 0.342945 1.48407 6.57476 
-10.3661  85.5916 188.525 3.08057 0.584154 1.26889 43.0473 
-11.5577  91.5759 187.837 1.77327 0.224494 2.69189 1.50853 
0.499792  95.6561 188.635 0.973275 0.345401 3.98896 9.7813 
-27.752  92.2923 194.71 3.94693 0.085535 2.09388 26.6069 
-12.3641  6.96047 137.837 5.22771 0.677129 1.12245 75.6277 
14.3704  43.5017 190.38 3.25462 0.139962 2.17845 46.0269 
-1.24867  97.2207 188.37 1.49477 0.343825 3.27573 14.887 
-3.69339  99.2269 187.644 0.938455 0.395129 3.72908 2.4269 
54.3951  67.1746 15.7037 5.07055 0.424562 1.37133 47.4769 
-15.5886  96.0972 192.819 1.76756 0.141388 3.71237 7.28819 
-15.3698  96.8698 190.464 1.53017 0.216422 3.5519 0.639365 
-4.91649  87.6549 189.497 1.36899 0.373113 3.48347 20.3781 
-13.8595  71.6128 190.737 1.07634 0.0603591 4.0197 15.9565 
-14.5424  93.9966 188.939 1.7855 0.228316 2.91527 12.3961 
-1.85286  93.7728 189.768 1.6851 0.255783 3.37493 10.367 
17.7312  99.3997 193.186 2.31081 0.458454 3.44511 63.5146 
-43.2928  91.3021 379.609 1.68084 0.319658 1.19326 7.47148 
-3.86737  69.6778 7.67037 5.95724 0.513924 2.61549 80.6083 
-56.3159  96.3244 383.395 1.78076 0.236544 1.20462 11.0628 
-2.00163  92.612 186.082 0.972025 0.314114 3.33217 4.79976 
-4.47878  90.789 186.511 1.37298 0.219299 2.82072 11.8878 
-5.87714  49.174 1.44748 5.80855 0.0844943 5.07095 52.6782 
-68.5337  96.0275 382.152 1.98343 0.358477 0.664143 15.757 
5.27305  93.9823 185.59 0.865926 0.363587 3.34224 0.0202374 
22.7247  3.51695 43.1038 3.6285 0.48773 2.79276 83.4092 
-6.92453  92.3767 190.12 1.54149 0.191099 3.47978 7.37609 
-55.5816  97.602 381.101 1.93108 0.185561 0.888343 37.1207 
-13.7132  97.4795 188.794 1.41964 0.335271 3.37058 8.1519 
-10.0389  77.5002 1.1681 1.81781 0.872947 3.21166 64.0949 
-4.3085  88.2192 188.486 1.59739 0.281841 3.13879 2.24581 
-20.2672  86.9417 197.074 0.868366 0.188976 5.21408 16.5924 
-21.8574  70.8836 235.32 2.66951 0.387748 3.08449 59.6472 
2.35256  30.0655 5.4874 3.49227 0.108988 4.92993 23.2159 
17.7169  3.2188 176.497 4.16793 0.219906 3.48909 49.3383 
-95.7346  27.3751 17.4315 2.67655 0.20637 2.5002 32.2974 
-27.0294  67.3155 360.774 2.06837 0.41313 5.49586 57.274 
-24.0845  96.4475 190.39 1.32228 0.0480142 3.67262 18.9339 
-29.3265  93.5534 380.274 0.188449 0.20643 2.89406 25.1697 
-12.0214  41.6615 133.142 5.55445 0.165313 2.70963 55.6893 
-34.1209  99.2368 382.291 1.67527 0.21837 1.51551 14.1624 
176.253  99.0868 77.2888 4.76273 0.697244 5.87036 2.58803 
-33.6476  81.0636 383.416 1.75257 0.365871 1.54602 23.0643 
-3.03527  96.8741 191.383 1.66292 0.257116 3.75811 10.5939 
-9.27173  97.3784 191.052 1.73602 0.219466 3.56588 0.116841 
-46.5326  96.8603 383.737 1.92686 0.243214 1.15408 9.02282 
35.3111  2.28837 2.79363 4.71413 0.409089 2.89514 99.7164 
-58.1621  98.1342 381.322 1.7004 0.266631 1.15015 9.82508 
-0.383066  98.6074 188.452 1.27497 0.290867 3.57676 0.0274413 
-5.07894  92.4901 188.201 1.39462 0.162994 3.24712 7.72832 
-65.2217  99.5724 381.312 2.04042 0.308642 0.642328 5.86099 
-56.3513  96.085 383.827 2.03341 0.343734 0.945955 6.23581 
-54.5203  95.3578 382.974 2.03548 0.351977 0.852395 7.0276 
97.4983  77.6309 26.9222 2.45365 0.486869 4.91513 60.393 
338.708  93.5772 28.5651 6.02574 0.644706 4.25778 71.0007 
-798.928  82.0885 2.46357 1.607 0.0107969 1.36652 88.1218 
-63.6117  97.8276 387.801 2.45329 0.431568 0.504304 12.9591 
-1.88787  95.5405 374.954 2.49436 0.774687 6.2063 53.0713 
-54.8626  99.8549 382.451 1.97306 0.333854 0.946808 5.38839 
-81.6312  35.6718 779.72 1.49087 0.898877 1.87407 77.7599 
-59.0178  98.8923 381.635 1.89894 0.323849 0.888483 3.50192 
-52.915  98.5318 384.019 2.12011 0.290739 0.893415 12.1002 
31.3077  87.8495 181.756 3.55266 0.15714 0.136503 52.175 
-45.7226  95.8853 386.619 2.08639 0.430372 1.15699 12.0315 
-53.1727  90.6991 390.154 2.43164 0.507596 0.711421 27.38 
-4.00747  94.3254 188.15 1.27149 0.220325 3.40126 0.100201 
-13.4511  94.4822 193.109 4.22689 0.0188604 1.18224 13.8536 
-43.6222  87.1129 368.89 0.511879 0.665147 2.08505 45.2389 
-5.25604  96.8835 188.352 1.19143 0.28193 3.65731 20.5669 
-6.77748  90.09 188.396 1.45299 0.292516 3.28886 11.2816 
-7.24192  27.2381 1.65984 0.499443 0.668469 3.95619 79.5026 
-5.48098  92.2999 188.454 1.81392 0.206159 2.83887 10.9268 
1460.53  11.2778 12.3493 1.26366 0.0173887 3.34765 23.1143 
-34.2326  6.97556 75.69 3.1671 0.795873 4.68231 62.6641 
2.12061  89.0162 182.506 6.12116 0.352599 3.84015 47.645 
-1.94064  90.3324 344.682 5.3196 0.617689 2.67298 58.5108 
-5.64896  97.2708 188.919 1.43722 0.239515 3.40277 4.21972 
-28.1966  57.9208 203.353 4.84787 0.710022 2.76908 57.9055 
10.6595  79.1308 27.03 4.92789 0.07398 4.93487 19.6174 
-75.3858  31.588 835.012 1.28329 0.159823 3.14057 62.9771 
101.966  22.3297 6.693 4.91378 0.220256 4.12609 23.2424 
-5.99394  97.6503 189.078 1.36036 0.257812 3.44707 8.69009 
-8.968  96.8027 187.676 0.967037 0.292879 3.69006 11.6776 
-2.25477  97.3759 187.548 1.2955 0.257723 3.19897 10.1148 
16.6258  83.9955 6.12949 5.63933 0.676716 2.55242 42.0175 
-5.72018  80.6088 189.336 1.82718 0.267683 2.84983 44.4119 
2.23991  95.7907 188.4 1.44478 0.30959 3.3943 0.411086 
-52.6151  99.7204 384.406 2.08275 0.307247 0.935551 6.95082 
-6.16443  86.9999 188.973 1.87032 0.219289 2.83418 9.56493 
-4.47039  85.1936 188.906 1.86142 0.235774 3.01143 10.4906 
-1.05318  93.0202 187.763 1.27999 0.335073 3.38765 8.38883 
-39.6876  71.6749 384.895 2.19942 0.29118 1.16414 31.4294 
-55.6417  99.8896 392.979 2.6776 0.324683 0.7308 18.296 
-16.0984  1.88173 261.15 0.453183 0.655843 2.29171 4.18939 
-15.093  99.035 189.38 1.49359 0.210661 3.26909 0.157278 
-24.0956  91.8783 191.575 2.87404 0.0557537 2.1764 13.5199 
-5.69827  53.8983 348.692 3.49543 0.261388 5.28875 50.9544 
-20.7009  97.0582 190.775 1.96681 0.27697 3.16731 9.60991 
-28.532  97.6939 129.648 2.12352 0.270455 5.65354 40.9349 
85.4465  0.202619 20.3207 2.76207 0.104092 4.42003 83.9506 
-14.9277  58.8567 196.437 4.96006 0.16766 1.78426 47.5571 
-48.6555  86.8461 398.525 3.38883 0.379926 6.15431 38.2761 
39.1099  8.57873 183.694 3.56605 0.345203 3.6809 22.792 
1.4069  75.8671 696.169 3.49677 0.848664 1.37258 62.0137 
-138.44  20.7091 710.439 2.48869 0.587328 4.7291 43.3322 
-3.0335  42.935 185.95 2.55248 0.0587917 1.99928 58.841 
-41.6837  97.1839 384.353 2.00459 0.377769 1.14199 10.9834 
-11.0355  95.0514 189.919 1.46637 0.227415 3.38474 3.93816 
-27.6608  82.9776 371.871 0.683434 0.540315 1.4995 60.3899 
-7.55927  91.6785 187.076 1.71649 0.338172 2.66546 12.2187 
-3.73039  85.2217 360.838 0.128735 0.628306 2.07013 20.3689 
1.73026  88.9444 369.493 0.751602 0.666616 2.00341 47.6023 
-52.4727  98.9045 384.143 1.82242 0.350371 1.29578 11.5638 
-6.42551  90.7438 190.081 1.72552 0.256912 3.30206 9.81586 
16.0681  94.3587 196.565 2.10269 0.155684 4.43069 29.9763 
-48.6222  98.4343 379.872 1.58496 0.342158 1.30032 0.116394 
90.8758  66.3706 1.00261 4.36814 0.29271 5.91831 7.89056 
-67.7697  92.6709 388.751 1.93975 0.336758 0.815372 45.0093 
-399.114  87.8002 386.449 5.4059 0.837985 5.44668 50.5242 
-14.3831  26.364 3.23053 2.51486 0.0489323 2.3283 8.50103 
-46.8298  98.3126 377.74 1.49124 0.331235 1.27396 0.0174916 
-45.5801  99.1699 377.653 1.59251 0.278866 1.11993 6.08966 
-29.1028  88.0497 374.44 1.24634 0.459089 1.40315 0.127027 
-49.918  99.6176 377.6 1.4982 0.341846 1.21371 0.128686 
222.652  16.05 4.68584 3.44217 0.296948 2.37384 79.3442 
-37.9203  98.3227 373.718 1.15913 0.336088 1.48698 4.07066 
-45.3105  94.487 190.785 3.66935 0.287163 1.22848 36.2717 
199.796  50.2886 495.484 3.02027 0.395865 1.9285 14.5842 
-57.9429  99.5614 385.863 2.08432 0.292279 1.03 12.8184 
-211.109  1.6713 19.159 3.62374 0.47614 4.23867 72.4908 
-8.48648  96.617 188.392 1.29669 0.328074 3.40302 11.2136 
-57.7124  98.6628 387.694 2.48825 0.348678 0.623637 23.2039 
13.397  84.8306 693.374 3.06723 0.64474 1.49725 73.6218 
40.6358  49.5551 373.821 2.51588 0.233143 4.17493 59.7043 
-42.3282  96.4568 375.652 1.38642 0.337394 1.29228 15.0705 
-39.7027  91.4443 389.831 2.5396 0.413567 0.74288 24.0114 
-7.37925  96.5872 189.717 1.70105 0.287717 3.24464 8.40118 
-45.3449  95.7417 375.041 1.38858 0.283993 1.20915 11.0003 
17.3605  14.6787 1.68926 3.34932 0.73379 1.53689 63.4946 
21.2653  45.9227 23.0254 4.40024 0.0290839 3.17201 95.4499 
97.6958  28.147 4.55216 0.641843 0.515012 2.94293 44.2116 
993.41  39.2283 130.599 3.35523 0.858001 5.71936 90.311 
-3.63071  62.1994 186.077 2.62534 0.0655747 2.25622 53.4265 
-49.0907  98.1362 380.588 1.69886 0.346715 1.16952 5.14843 
-33.1943  93.5075 371.308 0.916084 0.314572 1.65466 12.3743 
-50.2968  98.0818 380.506 1.64216 0.357423 1.32309 11.2558 
-3.98678  60.9871 735.1 3.54065 0.83996 1.93418 85.8461 
-37.9253  97.0628 376.98 1.26399 0.312346 1.57283 7.28842 
77.0317  44.587 3.70395 4.93747 0.409863 2.39242 13.8484 
-1.71417  96.5345 189.847 1.53172 0.314855 3.50566 10.7456 
-40.0767  97.8928 378.588 1.37153 0.33283 1.53488 0.812161 
-48.9875  99.3045 378.504 1.64892 0.303351 1.13977 7.97119 
-11.8101  77.0817 388.037 1.90127 0.414313 1.68751 25.2037 
-56.3444  99.3121 390.635 2.37973 0.287146 0.853769 18.3906 
-31.42  95.585 373.754 1.14514 0.331096 1.6241 3.39393 
-65.5422  92.9254 388.333 2.79385 0.169827 0.258959 38.9345 
-49.9094  99.4387 378.837 1.5103 0.317408 1.30237 1.21007 
-1.7635  97.4717 188.515 1.32703 0.348605 3.45035 11.2691 
-45.7386  30.4727 8.2301 3.11524 0.655434 5.05528 29.1228 
13.1723  97.2039 379.884 0.827259 0.169938 3.36833 42.5515 
-41.0559  99.485 373.362 1.0229 0.421123 1.60117 9.12656 
-31.5858  90.572 374.808 0.144435 0.213657 2.81411 29.9469 
-43.6954  99.5458 369.545 0.662149 0.462132 1.68987 27.9265 
-60.4605  98.6652 384.776 2.15897 0.345006 0.815362 7.74163 
-9.91456  99.5941 191.539 1.79263 0.240623 3.52858 0.276709 
-7.47305  90.1218 188.943 1.34261 0.203625 3.46949 5.41588 
-3.18237  97.4108 188.693 1.39503 0.300165 3.42552 6.43516 
-11.763  67.1636 196.628 5.57291 0.25128 0.819165 27.5499 
-42.7245  94.2783 375.903 1.37498 0.3217 1.37093 11.4251 
-5.78553  94.5032 190.28 1.75826 0.347613 3.37696 17.7192 
-49.8688  98.28 376.712 1.38618 0.330381 1.28023 3.33771 
-48.8339  98.4635 382.278 1.75748 0.28454 1.26495 4.78714 
-47.2054  89.372 381.372 1.79632 0.359281 1.19048 12.4846 
-13.1408  98.9718 189.735 1.59862 0.257985 3.42079 9.08598 
-7.02526  95.467 188.515 1.35988 0.27186 3.39672 7.25784 
58.5507  99.8365 385.201 4.35072 0.479301 5.82657 69.3753 
2.05984  92.9205 43.2218 4.20806 0.43946 3.58011 10.1016 
12.4317  48.6188 674.395 3.30601 0.467925 1.36093 21.4073 
-79.8663  91.4335 83.0961 0.906132 0.18135 3.99878 76.398 
68.2244  11.0145 3.63143 1.31005 0.618874 5.45012 35.7302 
-6.83556  98.3419 188.904 1.38181 0.380704 3.49968 8.06775 
-49.6419  95.9185 379.378 1.61691 0.336505 1.19937 0.0706245 
-49.9322  98.9404 378.417 1.65149 0.308872 1.0851 0.569558 
-185.912  85.7538 127.647 1.82244 0.192783 3.36308 71.9111 
-7.83019  97.9541 190.157 1.65472 0.320227 3.39274 6.50344 
9.10468  69.9399 65.8748 0.461135 0.786813 4.2425 55.4174 
-57.915  94.6067 381.99 1.92722 0.388856 0.848961 7.98345 
-53.6076  98.3588 378.029 1.69379 0.312037 0.974893 8.51991 
-57.3352  99.7557 379.137 1.78453 0.290064 0.947648 9.0537 
-12.4037  78.1729 193.067 2.00968 0.19642 3.67738 19.5144 
-9.2958  99.472 188.613 1.75273 0.0997963 2.92281 19.5057 
-11.6899  99.8615 188.014 1.46865 0.314946 3.13847 13.4876 
-47.6765  99.6756 378.977 1.55067 0.302382 1.24795 7.25507 
5.01005  87.7794 185.09 1.11673 0.265931 3.01104 20.2667 
-4.16303  93.712 187.575 1.19874 0.229982 3.33701 9.6056 
-54.3245  99.5076 381.33 1.98779 0.303613 0.853813 3.44523 
-1.73107  89.0003 187.713 1.42235 0.30217 3.21471 11.1289 
-12.5119  99.9386 189.439 1.52918 0.238823 3.33394 9.65951 
-6.44511  98.534 188.177 1.23992 0.307729 3.38222 9.96153 
-2.95315  96.88 188.845 1.56108 0.297737 3.29622 5.41164 
-7.66481  99.3636 189.149 1.55937 0.280345 3.33113 7.95645 
-56.0064  97.0191 381.494 1.70049 0.335641 1.17706 14.3922 
-6.27296  99.1026 189.066 1.49622 0.278059 3.39207 5.80772 
-51.475  98.2931 381.725 1.87763 0.271334 1.02411 8.02748 
-4.38634  95.5893 188.464 1.35496 0.37096 3.51416 0.111688 
-10.4833  98.7022 189.711 1.73129 0.290132 3.23098 4.98646 
-54.8263  98.3875 380.477 1.76187 0.289541 1.07039 7.2946 
-48.7292  95.7596 380.963 1.78037 0.350249 1.08763 11.5484 
-55.7606  99.0801 380.706 1.91391 0.294972 0.868795 8.05191 
-55.1084  99.9358 379.078 1.70776 0.243456 1.03602 11.9166 
-11.0627  91.1852 189.515 1.55602 0.246584 3.24675 15.7353 
-56.4597  97.9843 381.708 1.80974 0.32098 1.07194 7.73466 
-51.4911  95.7736 381.42 1.90365 0.32277 0.95949 8.15316 
-54.9088  99.9498 380.497 1.75264 0.287203 1.05575 5.98162 
-11.7425  94.7444 188.44 1.12027 0.209185 3.35821 9.26103 
-53.9923  97.0447 379.622 1.71913 0.316554 1.0894 0.0192875 
-42.968  98.5293 378.137 1.24917 0.329217 1.65915 7.5761 
-47.6349  98.6859 378.89 1.63863 0.314775 1.16083 7.40443 
-23.798  39.3882 74.4898 0.480013 0.872944 3.69556 83.1466 
-43.0482  96.126 374.893 1.20759 0.362265 1.49207 3.29029 
28.4552  90.6364 5.45876 1.16898 0.0453654 4.92583 93.0943 
-36.2466  97.3044 377.538 1.44169 0.379061 1.407 7.92173 
-41.2325  97.7586 376.307 1.38796 0.32862 1.35297 5.09544 
-44.47  99.7131 378.605 1.46918 0.248402 1.38165 11.0357 
-46.3314  99.4351 374.494 1.30847 0.311243 1.25822 1.7208 
-7.10856  98.3663 189.837 1.63861 0.319366 3.37675 8.04179 
-7.18914  99.4275 190.37 1.64304 0.315264 3.50422 7.93771 
-3.6844  98.0239 189.322 1.47781 0.289157 3.4133 11.8145 
-3.61014  94.5583 190.631 1.66545 0.369091 3.48 11.7613 
-0.736727  98.7326 187.467 1.34092 0.399929 3.22307 10.6196 
-6.96085  99.9169 188.805 1.38746 0.318935 3.43461 9.39637 
-56.3838  99.6725 382.034 1.95115 0.285613 0.940504 8.57409 
-4.28585  97.8727 189.144 1.44599 0.318189 3.42427 7.27897 
-7.68656  90.2316 188.431 1.52552 0.230202 3.13731 7.60616 
-25.9708  86.6774 193.652 3.29274 0.0308445 2.22262 11.1624 
26.6314  86.0571 189.128 2.33221 0.573731 2.43123 39.2097 
-59.2659  99.5239 382.403 1.96364 0.290116 0.922173 10.2778 
-1.6201  80.7638 189.65 2.38384 0.263012 2.49704 13.8886 
-7.76671  98.3221 188.894 1.48372 0.32579 3.32297 11.9006 
-59.4416  98.3727 383.079 2.00026 0.311705 0.869943 8.71604 
-50.2712  98.964 378.619 1.59962 0.307122 1.15403 7.73878 
-3.97042  94.082 188.595 1.37789 0.253789 3.40211 5.91175 
-60.7106  98.7651 383.639 2.07682 0.316199 0.829608 6.80158 
-6.73882  98.2711 188.871 1.45621 0.295602 3.33367 7.67997 
-51.3408  99.9147 379.433 1.63762 0.323338 1.15181 5.38683 
-53.876  95.2124 383.944 2.02992 0.310345 0.955295 10.3649 
-6.74141  99.2503 189.865 1.49418 0.271325 3.55707 6.68803 
-6.62483  96.7322 189.238 1.5481 0.283938 3.3543 1.97547 
-10.1212  94.4214 189.195 1.52499 0.249019 3.32814 7.52997 
-8.21163  98.3999 189.873 1.49738 0.325339 3.57175 0.011937 
-6.53911  93.3094 187.138 1.31407 0.274699 3.11117 8.99772 
-64.883  96.8002 374.554 2.09265 0.0761199 0.418895 19.8844 
-142.842  12.8294 42.6547 3.34405 0.277267 2.07003 64.3198 
-8.33575  99.1677 190.051 1.52912 0.333638 3.51267 9.29987 
36.7019  45.0123 10.9352 5.20525 0.482126 5.11514 89.9224 
2.87984  82.5306 186.015 1.02746 0.239394 3.03519 19.8448 
-19.3041  89.7314 187.462 0.838885 0.0792196 3.30008 31.0451 
-57.6653  99.5565 379.371 1.88637 0.272364 0.809433 7.85124 
-49.3309  99.2654 378.416 1.56282 0.301523 1.20889 2.33143 
-49.4105  98.9012 378.315 1.54259 0.315557 1.23732 6.5527 
0.680093  58.6269 193.705 4.89364 0.531581 0.652334 60.2852 
1.37492  96.1641 189.253 5.2148 0.0296717 5.99928 47.2619 
6.00296  75.2201 190.688 0.921182 0.176246 4.32463 18.2441 
-50.4191  99.4985 381.14 1.71847 0.304823 1.2 8.06126 
-50.5522  97.6813 380.709 1.7387 0.313695 1.17141 10.0633 
-51.1504  99.434 378.44 1.56123 0.32158 1.20998 8.34547 
-7.25321  98.658 190.431 1.80008 0.339671 3.27302 13.1547 
-5.53815  91.4026 190.715 1.81842 0.133231 3.39639 12.4531 
-3.38499  99.66 189.945 1.60096 0.315915 3.49352 9.85058 
-17.6029  14.6767 35.8206 2.72267 0.375139 3.92578 60.8008 
-52.9945  96.8943 378.431 1.58364 0.3447 1.18576 8.0706 
-33.4514  84.6974 721.03 3.22825 0.678501 2.17875 78.7165 
-57.2319  98.3532 382.055 1.9128 0.311717 0.957641 6.63401 
-8.90293  98.2286 189.811 1.66505 0.238559 3.29095 0.485155 
-19.0913  28.3022 1.36945 5.07742 0.694721 2.94612 33.7229 
-1138.66  87.5688 110.093 4.67705 0.661995 1.5498 2.19072 
-6.57754  96.8837 189.826 1.53627 0.2872 3.46334 10.4416 
-47.625  99.9406 377.758 1.50716 0.30919 1.24776 6.04236 
-53.7605  98.1048 383.38 1.96941 0.334184 0.991861 7.18226 
-50.4411  99.8782 380.15 1.69004 0.30358 1.14288 6.56224 
19.1438  11.6863 52.1139 0.125398 0.6368 3.22419 38.1424 
-13.3408  30.7027 78.1614 5.72705 0.301815 2.4744 33.5195 
94.1041  50.7312 37.5055 5.961 0.255144 2.65603 2.95586 
-6.72722  98.1048 188.958 1.43082 0.344714 3.41868 9.63695 
-55.3812  99.9232 378.96 1.66153 0.304628 1.08687 7.92696 
-65.7158  39.9748 172.077 5.18598 0.847693 4.71197 93.6507 
-53.9955  99.8988 379.664 1.66437 0.321784 1.12283 8.62204 
51.324  38.899 1.36655 5.38252 0.819629 1.35213 97.5505 
-6.83295  97.9186 188.967 1.48051 0.270137 3.33892 6.29805 
-19.8805  57.7448 379.771 4.87451 0.160424 4.55097 53.1651 
-40.5883  99.62 378.145 1.49184 0.302886 1.38482 0.114445 
-41.6239  96.999 378.398 1.46197 0.335327 1.39644 6.50996 
-4.64532  94.9056 189.748 1.34541 0.202488 3.61613 0.0152734 
-48.1303  99.9483 376.987 1.42727 0.322491 1.28591 3.58368 
-50.5657  99.2004 379.641 1.70305 0.306533 1.10471 5.57639 
-8.61764  99.0105 189.629 1.40599 0.29154 3.54411 7.03435 
-50.0565  99.7517 379.466 1.65929 0.330365 1.15315 4.14033 
-49.8613  97.6877 376.607 1.41687 0.332763 1.27003 11.225 
-50.6206  99.2662 379.128 1.58079 0.310685 1.23252 4.55354 
11.5774  81.7339 189.754 0.857366 0.307438 4.02088 39.0442 
-44.5814  95.6939 378.783 1.5755 0.361075 1.27555 1.03495 
0.509797  42.2009 1.65612 3.26081 0.792305 2.66154 50.2612 
-2.77207  25.6971 109.499 5.68799 0.324615 5.92897 55.6969 
-49.2338  98.1904 379.672 1.65354 0.312509 1.18598 5.64228 
-3.69326  87.8868 189.507 1.40066 0.314032 3.71445 13.1917 
133.809  58.2405 1.37605 5.30191 0.0477298 5.05188 0.0106695 
-51.611  97.8591 377.744 1.66015 0.296444 1.00155 6.79413 
32.4628  91.1476 27.1351 1.09466 0.623995 5.58306 75.3722 
-50.7283  99.7919 379.28 1.65017 0.30479 1.14828 7.81561 
-45.8872  98.3194 378.085 1.62971 0.228495 1.19676 10.1001 
5.44563  27.5176 10.8127 0.775567 0.879607 1.65478 42.3809 
-53.5169  99.6444 379.461 1.67301 0.273747 1.09752 8.32648 
-6.3577  97.9481 189.337 1.50607 0.328311 3.44429 5.80637 
14.1865  95.2965 187.596 1.0213 0.439132 3.60985 18.7547 
-317.508  49.9075 10.7108 3.006 0.313595 3.63601 99.6132 
-51.2946  99.7717 380.214 1.69207 0.27287 1.16331 8.97784 
-51.4343  98.5119 379.693 1.68621 0.301899 1.12929 6.62348 
-48.5022  99.5884 379.224 1.63876 0.306571 1.17906 10.6079 
-51.4738  99.3042 378.871 1.6734 0.282835 1.09991 8.07306 
-52.5144  99.0613 379.282 1.65118 0.311703 1.13811 6.45383 
-23.5558  89.7763 192.281 4.89046 0.00129597 0.364034 12.0895 
-22.5668  83.5398 191.877 5.61489 0.00787123 5.87587 24.9571 
6.17747  94.542 187.307 1.37795 0.304597 3.12547 5.11087 
-52.1314  99.2495 378.37 1.51856 0.285243 1.20609 8.7176 
-16.7256  88.9591 191.677 2.32638 0.138421 2.92309 3.42094 
-9.04869  98.8851 189.251 1.48501 0.382763 3.40682 22.683 
-85.4746  37.8808 28.3505 1.75004 0.602235 0.642623 11.4739 
-21.8639  89.7606 193.982 2.37877 0.0602146 3.34108 14.3851 
-86.7873  49.2173 1.31079 1.26401 0.866771 4.68562 60.2898 
0.331031  44.8536 40.302 1.0027 0.219224 1.41639 50.846 
-50.7714  99.3526 379.565 1.66492 0.293528 1.15617 5.79951 
-33.0409  85.38 344.161 2.74699 0.343058 4.35833 64.4409 
-50.784  99.8418 379.175 1.6215 0.308215 1.20231 6.06903 
-48.291  98.3362 379.498 1.66956 0.364124 1.16543 7.42747 
-5.77937  99.3691 189.1 1.46067 0.31429 3.441 7.70494 
-2.6895  98.3344 189.717 1.58368 0.284121 3.47366 8.34174 
-48.3194  99.2744 377.621 1.51068 0.296284 1.22534 6.71159 
-49.4366  99.8893 377.499 1.50856 0.293855 1.21318 3.9154 
-38.577  92.798 377.7 1.48007 0.352722 1.34587 10.353 
-56.2673  99.0201 380.52 1.973 0.313781 0.770518 8.97446 
-51.9429  99.9952 377.951 1.60022 0.29716 1.1124 5.62087 
-61.7887  99.8948 380.914 1.82053 0.276695 0.974907 10.9784 
-46.471  97.4908 378.856 1.52126 0.27704 1.31002 13.7657 
-29.3772  88.4994 377.011 1.36634 0.343361 1.50253 13.1079 
-7.13024  99.7474 190.091 1.60865 0.300353 3.47502 9.28536 
-6.95768  93.969 187.829 1.36979 0.272437 3.20325 6.77302 
-4.34568  97.3164 188.175 1.3059 0.287023 3.27681 16.9122 
3.87769  89.0021 187.322 1.46546 0.196897 3.05935 9.20723 
-50.0386  99.5365 376.931 1.30045 0.241927 1.43333 11.4758 
0.47422  99.8591 188.593 1.20093 0.29572 3.73004 4.07431 
-48.3314  99.8401 378.81 1.58215 0.310495 1.24525 8.09866 
-134.753  1.51494 14.6621 0.796551 0.810846 3.92699 52.5535 
-51.0599  99.7304 378.844 1.68855 0.293114 1.05777 6.1226 
-39.5997  95.2673 377.75 1.44122 0.317294 1.40279 9.83055 
1.13053  92.6946 188.732 1.65246 0.306927 3.17297 8.83907 
-48.0945  99.3744 379.749 1.52197 0.309522 1.41299 7.78577 
-49.5894  99.2444 378.172 1.53339 0.307927 1.23107 6.39596 
-6.72355  94.8087 187.32 1.25923 0.200382 3.21467 7.25963 
-2.61852  92.3534 186.659 1.08261 0.383108 3.39317 14.3002 
-46.1463  96.1312 377.252 1.45427 0.361819 1.2988 0.0514525 
-10.9023  86.5365 192.962 1.43837 0.0957209 4.22659 19.4112 
-23.2767  55.3467 378.862 1.5718 0.369529 1.02409 41.7544 
-46.231  98.4222 378.497 1.52413 0.321863 1.31252 0.131531 
-10.3236  74.6961 364.471 5.92452 0.276146 2.67187 47.6819 
-51.2801  99.9676 377.472 1.54467 0.296658 1.14312 5.35845 
-0.225042  99.2296 188.906 1.33332 0.374434 3.60323 7.82213 
-46.2337  98.9889 378.597 1.583 0.312607 1.2321 7.52024 
11.231  64.0974 12.5112 5.20524 0.469908 1.68291 51.3835 
18.1725  29.2332 363.497 1.13888 0.293825 0.447498 63.1106 
104.665  34.2487 2.06618 3.01183 0.875196 5.52862 64.2435 
-52.883  99.8349 379.092 1.67052 0.300394 1.10199 7.50671 
410.774  52.7338 15.8235 0.678499 0.237004 2.08471 77.8514 
-59.9363  99.0454 383.836 2.02126 0.337977 0.875138 7.6292 
-40.0927  95.1037 380.598 1.5037 0.436124 1.47137 15.0442 
-49.8913  97.0151 379.674 1.69021 0.307327 1.12455 8.32949 
-42.6229  99.4802 378.375 1.52015 0.34275 1.35243 0.0819132 
-44.8082  98.9868 378.058 1.47715 0.29835 1.35175 9.98285 
-53.7863  97.7649 380.74 1.77615 0.30702 1.05488 10.3648 
-12.1844  95.3969 194.417 3.20816 0.385474 2.38135 29.8292 
-6.22196  96.8401 188.276 1.47778 0.338257 3.17853 0.0473401 
-61.3262  98.2811 382.455 1.92198 0.329724 0.928068 6.96186 
-6.01318  97.9769 188.489 1.42505 0.262507 3.28571 0.483919 
-4.07552  99.7295 188.423 1.35977 0.339918 3.39876 7.95994 
-21.5057  89.0429 193.766 2.74002 0.0331474 2.81875 12.6948 
-3.41853  98.4826 188.744 1.32875 0.326742 3.49472 7.88635 
-7.67667  97.105 189 1.35924 0.263275 3.46365 7.0893 
-11.0061  76.4699 189.087 1.42281 0.241323 3.38667 11.2433 
-50.221  99.6037 380.722 1.69645 0.321324 1.19983 6.64014 
-15.4063  89.5277 188.652 2.38637 0.0915891 1.70635 33.0078 
-59.087  98.6203 382.498 1.97378 0.37324 0.895854 9.22089 
-48.0051  99.883 378.556 1.55015 0.303351 1.26274 6.71636 
-29.5212  86.1563 375.792 1.84181 0.319434 0.550409 18.8962 
-51.902  98.7304 380.631 1.75626 0.328154 1.0961 8.51647 
-46.4354  95.4444 384.04 1.93341 0.338404 1.16164 16.3805 
-47.4595  96.711 384.743 1.83278 0.408079 1.3478 9.79698 
-7.77432  96.7638 189.719 1.46738 0.27273 3.52733 1.97896 
-56.7846  99.2039 383.12 1.97346 0.303906 0.961614 11.0684 
-50.8546  99.501 378.238 1.5285 0.295941 1.23776 7.237 
-45.739  94.0614 389.718 2.1762 0.385308 1.3473 17.1181 
-37.7399  75.989 388.403 2.13199 0.179463 1.34967 36.3026 
-7.24891  99.7407 189.954 1.46398 0.319611 3.57837 10.4726 
-53.5857  98.7634 381.898 1.82076 0.304667 1.09049 6.13589 
-5.61411  98.92 189.726 1.62915 0.280833 3.35455 8.16124 
-53.3397  99.4533 380.404 1.76408 0.313316 1.06994 8.46958 
-45.0505  99.0688 379.346 1.51763 0.305812 1.29853 8.98052 
-5.86673  95.6591 189.624 1.39527 0.266358 3.59202 7.66377 
-55.6471  99.8823 381.192 1.89913 0.310034 0.910148 8.38201 
-50.7445  99.3297 377.579 1.53452 0.296945 1.16835 5.92876 
-53.7151  99.9103 380.316 1.78947 0.289521 1.04016 8.57419 
-56.9354  99.3314 382.587 2.02177 0.307797 0.869117 10.3241 
-7.15407  99.3336 190.262 1.59397 0.324673 3.51911 9.54349 
0.732113  97.346 188.088 1.34387 0.292605 3.35579 13.8669 
-50.8278  99.024 379.54 1.61974 0.317239 1.21226 9.79915 
-55.007  99.5942 379.961 1.76459 0.30381 1.00814 7.87317 
-57.8393  99.9889 382.784 1.9406 0.314 0.96489 7.76882 
-55.3357  99.8858 379.771 1.77308 0.287284 0.978746 8.52737 
-6.4048  98.2402 189.999 1.66228 0.287298 3.40063 4.94195 
-53.687  99.7618 379.85 1.7283 0.293413 1.06625 7.71387 
-55.4681  99.7958 381.487 1.8106 0.309212 1.06827 8.25474 
-55.0812  98.8285 382.175 1.87311 0.302363 1.03114 8.50945 
-54.6641  99.6451 382.006 1.89399 0.306723 1.00869 9.0942 
-55.924  99.9741 381.819 1.9073 0.304613 0.97865 8.38834 
-53.5491  99.8802 380.847 1.77186 0.300312 1.10835 7.92775 
-7.87608  97.4358 189.221 1.56963 0.298872 3.34677 11.3352 
-8.41856  97.6742 189.093 1.50378 0.293776 3.34619 7.88223 
-55.625  99.6423 381.788 1.85237 0.299924 1.03393 7.46817 
-0.713937  96.9654 187.28 1.37348 0.278111 3.13163 8.67871 
-52.9088  88.0792 382.03 1.53695 0.239012 1.30432 20.8063 
-8.67598  98.7407 189.927 1.56733 0.31246 3.45339 8.8034 
-50.1483  96.9719 381.323 1.87845 0.332623 1.01559 10.4371 
-56.1479  99.6724 381.449 1.86607 0.3008 0.985662 7.82077 
-53.0038  99.3742 380.612 1.80846 0.303585 1.02118 8.13748 
-4.69206  97.2752 188.491 1.30001 0.31129 3.44091 8.44644 
-56.484  99.5784 381.174 1.80384 0.29332 1.03094 8.56866 
-5.39501  97.3458 188.118 1.40406 0.221142 3.20652 1.81877 
-5.91909  93.4391 188.453 1.30888 0.308535 3.47414 14.2966 
-59.2491  99.9055 382.136 1.93075 0.302305 0.922652 8.58106 
-4.07048  94.3197 188.149 1.24628 0.247414 3.41855 5.3541 
-2.97997  97.4875 186.557 0.992466 0.298942 3.28418 6.51856 
-56.3706  99.8577 382.534 1.95328 0.310096 0.946777 6.95605 
-17.6776  91.117 189.149 2.82487 0.0712468 1.80098 9.65477 
-55.7158  99.987 381.728 1.89637 0.307116 0.97038 6.99199 
-55.2886  99.8466 380.888 1.80614 0.299412 1.043 8.30739 
-14.7872  66.9317 190.794 2.52661 0.190803 2.68892 14.3363 
-58.6463  98.2555 382.145 1.91415 0.306958 0.936821 10.0531 
-55.54  99.9091 381 1.79207 0.307736 1.06261 8.0781 
-27.656  91.9932 192.893 4.87303 0.075023 0.371393 10.9251 
-53.2989  99.4448 380.323 1.7702 0.298395 1.05402 7.00256 
18.1343  94.1807 183.147 0.179922 0.422863 3.56566 10.3376 
10.6941  88.3575 185.291 0.268493 0.0251336 3.84688 21.4679 
-7.30554  82.5842 186.394 0.819734 0.250675 3.469 11.349 
-0.510426  97.2001 186.845 1.20867 0.260821 3.11747 2.99611 
-54.5473  99.811 381.018 1.79243 0.323495 1.05942 7.49098 
-56.2707  99.886 381.604 1.87278 0.306318 0.998982 8.02297 
25.5824  30.4018 1.38447 6.04407 0.363585 5.14924 36.5069 
14.6435  62.9265 480.912 0.954811 0.567684 0.429489 67.6113 
-56.5629  99.9934 381.467 1.80292 0.335239 1.05331 8.56133 
-16.0772  61.0378 34.9943 4.30148 0.425961 2.93207 64.0217 
-55.1847  99.3429 381.107 1.82532 0.296163 1.01825 7.1102 
-4.36835  3.39419 96.289 3.99794 0.12937 3.23797 66.4546 
-56.6341  34.8959 680.46 4.3413 0.848516 3.19045 75.3661 
-56.7963  99.877 381.097 1.86155 0.300846 0.965485 7.95852 
8.99273  9.57124 49.2811 3.90625 0.7903 5.64457 73.5655 
-51.4032  98.9829 380.049 1.71217 0.3158 1.11855 6.23118 
-270.983  10.1889 1.31941 1.46367 0.472554 0.455906 0.0117756 
-55.8853  99.8705 381.455 1.8592 0.30551 1.01329 7.47472 
-9.28782  95.3905 190.702 1.61517 0.264741 3.57984 0.344218 
82.0195  70.3704 48.9589 5.4072 0.863504 2.29885 4.36132 
-52.0105  98.8025 379.736 1.74828 0.317603 1.04855 8.41826 
-4.01643  75.9648 404.918 3.38459 0.143079 1.10746 60.147 
4.15432  94.4451 184.739 0.778697 0.317216 3.26649 16.6447 
-53.8467  99.9972 380.076 1.76759 0.302423 1.02291 7.91403 
-54.4217  99.6376 380.328 1.79018 0.303387 1.01813 7.77888 
5.67846  80.4346 184.016 5.69056 0.194897 4.34663 21.3938 
-18.056  91.4207 190.136 1.29819 0.129242 3.75494 13.7011 
-52.735  99.8681 379.535 1.71998 0.296156 1.05517 7.69433 
-54.4716  99.901 380.351 1.76582 0.299353 1.05173 7.26121 
-53.4841  99.9114 380.32 1.76786 0.305626 1.05591 8.04181 
-33.5542  68.383 5.01979 5.67647 0.208209 5.14215 24.6073 
3.57248  37.4619 79.1375 4.94904 0.86135 1.22148 75.1942 
-54.5291  99.9889 381.228 1.81474 0.300199 1.0524 8.01011 
-6.63959  51.9364 26.8086 0.655353 0.471761 0.23774 65.1536 
-55.683  99.6969 380.274 1.76421 0.309019 1.03248 7.30474 
-50.6471  94.9941 380.57 1.75362 0.300132 1.11393 6.47621 
-4.32608  99.2931 189.099 1.49479 0.308979 3.42675 7.16259 
-54.0618  99.3832 380.909 1.747 0.294876 1.10891 8.60303 
-2028.56  91.0521 477.971 0.513794 0.145343 3.01536 0.349821 
-55.6636  99.9977 381.449 1.86831 0.311316 1.00333 6.9461 
-5.823  97.4771 189.211 1.34077 0.351569 3.63026 10.6543 
-54.1558  99.7585 381.689 1.88008 0.304603 1.0019 8.30703 
-6.06248  99.3729 189.12 1.46841 0.358651 3.40337 7.3769 
-55.952  99.9825 381.685 1.85308 0.302172 1.01455 6.97129 
-53.5959  99.4053 380.171 1.77802 0.3059 1.01391 7.31779 
-54.4104  99.5766 380.031 1.81658 0.293106 0.982477 10.4495 
-51.1664  99.8841 378.776 1.63666 0.300049 1.12824 6.24007 
-52.2464  99.64 378.835 1.57917 0.294445 1.17498 7.91995 
-38.0231  91.0093 380.835 1.67274 0.37489 1.34955 10.3504 
-57.3322  99.8962 381.615 1.88599 0.302123 0.962112 7.18564 
-6.48143  97.7069 189.924 1.57359 0.297288 3.4962 5.04389 
-57.4942  99.6443 381.614 1.91613 0.308412 0.923655 7.08547 
-57.5028  99.8447 381.532 1.90494 0.310149 0.947594 6.44056 
-51.4979  99.6369 380.718 1.70033 0.336045 1.18338 5.53829 
-3.9366  97.4076 188.877 1.40807 0.338698 3.47155 10.5338 
-56.5444  99.9584 381.737 1.90936 0.302779 0.942646 7.83121 
-6.56508  99.4315 188.814 1.47919 0.273788 3.30691 0.443181 
-52.3026  99.2427 379.552 1.69775 0.324979 1.11435 4.69558 
-54.8005  99.9295 380.416 1.79789 0.305649 1.0101 6.61295 
-62.5371  99.6549 382.233 2.00686 0.330937 0.792231 10.063 
-62.4344  98.4379 381.513 2.02068 0.279374 0.69683 14.1061 
-54.6803  99.7055 380.894 1.79328 0.306196 1.04415 7.51903 
-12.1428  93.6934 188.301 1.36475 0.234791 3.29511 9.92971 
-54.0898  99.998 379.783 1.7256 0.303636 1.07011 6.95795 
-4.54494  97.4863 188.614 1.44894 0.285832 3.33576 4.1092 
-71.0215  99.9253 385.768 2.50962 0.343317 0.313487 16.0661 
-67.4335  98.9213 383.925 2.34576 0.331671 0.46054 8.14764 
-54.8785  99.6064 380.191 1.78309 0.299513 1.00531 7.02706 
-8.52027  98.9014 189.598 1.61641 0.305877 3.42577 9.15986 
0.219214  95.3534 189.608 1.78714 0.308625 3.32169 19.377 
-52.4864  98.7463 379.493 1.77629 0.320918 1.01624 10.4424 
-55.4485  99.943 380.399 1.79568 0.306086 1.00123 7.62975 
-4.24291  99.661 189.295 1.32893 0.304973 3.6115 1.58989 
13.5582  29.9167 365.205 5.39575 0.193406 3.10701 46.4656 
-56.0982  99.6621 381.675 1.89526 0.319558 0.95651 6.77638 
-36.0497  95.9988 378.39 1.64303 0.120822 1.35901 17.4788 
1.08631  57.066 184.481 0.22629 0.496324 3.56251 23.3225 
-54.8149  99.8675 381.011 1.82807 0.295251 1.0152 7.79636 
-56.6458  99.5079 381.798 1.90215 0.311629 0.957347 7.83728 
-56.0177  99.9665 381.828 1.91067 0.302314 0.957754 8.66593 
-53.4404  99.991 381.083 1.81792 0.304181 1.0413 7.72634 
-12.5762  92.3303 192.374 1.91836 0.193001 3.62119 10.2357 
-56.7785  99.9945 381.475 1.86112 0.316353 0.983609 8.5615 
-56.2931  99.9638 381.71 1.87343 0.303897 0.993806 7.56598 
-53.3623  99.3728 379.318 1.73289 0.307511 1.03443 2.77624 
-64.2833  36.987 1.02032 4.16941 0.157419 2.92817 83.0136 
-42.8003  91.7636 363.693 0.567151 0.24162 1.44571 23.0791 
-56.7034  99.826 381.034 1.86439 0.299538 0.946766 7.29157 
-2.7331  66.8926 188.978 1.81835 0.358923 3.16825 12.8731 
-7.23414  97.3124 190.52 1.69812 0.317051 3.48073 8.48173 
-53.6313  99.9345 380.261 1.72779 0.307548 1.09864 6.5072 
-58.9856  99.6872 382.099 2.01119 0.306747 0.812233 8.0668 
-59.4788  99.6027 381.696 1.98905 0.296991 0.828341 7.37602 
-55.0668  99.7835 380.591 1.83585 0.291236 0.975573 8.04077 
-20.6  93.4527 381.047 3.32092 0.896758 5.61066 79.2364 
-59.9014  99.675 383.415 2.02184 0.311736 0.892825 8.56612 
-57.6558  96.9913 388.521 2.03528 0.229832 1.23765 20.9119 
-57.2715  99.6815 381.756 1.88637 0.302811 0.977753 8.49045 
-58.6254  99.9405 382.839 1.99544 0.306866 0.903849 7.65482 
-56.8059  99.9926 381.601 1.86289 0.296805 0.9923 7.55467 
3.59387  78.3635 33.8507 4.8762 0.632447 3.54359 73.5599 
-54.7812  99.9762 379.361 1.7008 0.294501 1.05096 7.8737 
-56.5814  99.8854 380.688 1.81728 0.299585 1.00467 7.73122 
-59.6997  99.3657 381.975 1.9367 0.301136 0.894834 7.64917 
-59.0742  99.7358 382.258 1.95405 0.316705 0.919736 8.16098 
-58.4401  98.801 382.197 1.93642 0.287129 0.925821 10.6124 
-55.8009  97.0584 382.323 1.97694 0.291968 0.889205 8.67789 
-10.7701  47.8101 186.361 0.278192 0.518256 3.66969 57.0571 
-8.56082  98.3681 189.755 1.63266 0.327534 3.39067 9.4123 
1.60843  97.2561 188.631 1.29121 0.390073 3.58677 12.5272 
-52.7555  99.7444 380.582 1.76676 0.307304 1.08053 7.18823 
-54.7945  99.9232 380.247 1.7775 0.298455 1.02195 6.86683 
-54.3763  98.8697 379.907 1.75614 0.299685 1.02008 6.45608 
-7.96126  97.4696 190.41 1.64617 0.288733 3.4537 8.42363 
-54.4197  99.7863 380.266 1.75489 0.304301 1.06002 8.68907 
-14.7166  88.8833 191.747 2.71972 0.171537 2.57818 12.8463 
-1.76882  94.8521 190.453 1.72572 0.234029 3.45754 0.991624 
-56.0006  99.982 382.447 1.94165 0.306347 0.960138 7.75252 
-52.9877  99.9524 380.603 1.75845 0.30606 1.09657 6.83201 
-6.74418  99.3652 189.048 1.46738 0.317669 3.39375 8.46372 
-19.8701  98.9908 192.537 1.54556 0.188192 3.79177 11.4775 
-54.3354  97.4172 381.598 1.94057 0.3238 0.913427 12.8075 
-54.2528  99.1987 382.843 2.03575 0.272484 0.936227 11.2704 
-53.2744  99.8148 380.391 1.76639 0.292246 1.06142 7.84399 
-58.5692  99.6232 382.637 1.99856 0.303709 0.874208 7.66404 
1459.95  70.5872 1.05807 4.636 0.515715 3.18451 38.037 
-51.8972  99.878 379.298 1.6518 0.300552 1.14092 7.04006 
-54.0506  99.9315 380.414 1.78556 0.296348 1.03384 6.58805 
-7.98683  72.8675 375.872 1.27348 0.430353 1.82611 26.823 
-4.50351  99.9894 188.826 1.35495 0.364936 3.49364 11.2229 
-5.94017  77.5671 4.38022 5.66451 0.795192 3.08656 53.4014 
-53.1805  99.7846 378.902 1.67973 0.292203 1.07575 7.44752 
3.64525  60.2399 121.759 2.34598 0.897367 0.942129 71.3055 
-57.2598  99.8408 381.638 1.9093 0.304385 0.937003 8.57182 
-51.7374  99.6521 378.882 1.61863 0.301703 1.15115 7.22046 
-54.0092  99.9978 380.106 1.77016 0.297712 1.03154 6.85335 
-59.1339  99.7042 383.111 2.01578 0.307213 0.909005 6.54871 
-54.8144  99.9911 380.096 1.76868 0.299815 1.02513 6.83216 
-24.7012  78.6024 129.86 3.8301 0.428726 3.37855 45.3355 
-56.4651  99.9816 381.815 1.90692 0.304764 0.960633 7.54763 
-5.15073  99.7588 188.734 1.48346 0.310834 3.33067 8.12154 
-6.72751  97.0662 188.398 1.42481 0.31318 3.29235 7.06677 
821.563  70.5388 1.54149 5.23856 0.765879 1.45358 67.6712 
-14.1819  73.8852 388.944 2.62826 0.328173 0.908614 21.4572 
-57.1362  99.7429 382.301 1.97757 0.315392 0.888112 8.12152 
-56.9264  99.7091 382.076 1.96241 0.291305 0.893718 8.1795 
-3.16657  93.1465 189.275 1.65615 0.226227 3.22711 0.0368577 
-52.9823  99.9941 379.7 1.72099 0.304439 1.07497 6.88176 
12.6131  63.4154 186.332 1.53762 0.324627 2.84697 34.8527 
-52.931  99.9144 382.465 1.84595 0.341812 1.13788 9.96541 
-61.2042  99.7649 381.962 1.992 0.299958 0.798929 6.12988 
-56.5148  99.9134 381.62 1.87334 0.288152 0.990427 6.45902 
-55.0215  99.4532 382.81 1.90627 0.319924 1.04827 6.84047 
-26.1177  81.6171 189.112 2.21972 0.163403 2.48369 14.1305 
-50.709  99.8598 378.645 1.57521 0.309695 1.21025 5.25145 
-57.0477  99.3747 381.772 1.96511 0.290478 0.855797 6.18346 
-22.2287  89.252 194.296 3.0242 0.0420285 2.67388 30.787 
-46.4204  97.403 378.094 1.54591 0.320159 1.19185 7.67307 
-60.9144  98.7287 382.011 2.10329 0.29242 0.715866 13.5742 
-61.681  99.8965 383.448 2.11221 0.300446 0.758145 8.56718 
-53.4048  99.8293 379.788 1.71119 0.30336 1.093 8.36373 
-28.1813  83.0203 202.054 3.62304 0.286495 3.61368 46.9951 
-56.7769  99.8582 381.444 1.88188 0.295644 0.96674 6.99624 
-62.9618  97.1627 384.704 2.17719 0.272316 0.827403 11.3538 
-13.9302  87.2256 196.009 1.39335 0.244528 4.78048 61.2405 
667.876  76.7853 93.6095 2.59274 0.147324 1.75685 24.1521 
-59.0486  99.2315 384.096 2.10823 0.317305 0.838906 9.2287 
-56.1886  99.914 381.152 1.87651 0.296374 0.969218 7.17025 
-36.4151  92.7178 382.781 1.73676 0.312626 1.43624 9.77444 
-54.6636  99.1736 382.511 1.85579 0.318737 1.07839 8.95663 
-56.2245  98.4675 384.149 2.10507 0.326874 0.882753 5.73455 
-50.3627  99.1676 379.933 1.68373 0.308887 1.16815 6.27475 
-52.6169  99.8182 379.449 1.69152 0.305618 1.09945 7.86761 
-52.0412  99.4594 379.824 1.72036 0.290448 1.09137 8.22482 
-53.4365  99.5878 380.105 1.67526 0.302386 1.15765 7.93846 
-52.5326  99.312 379.657 1.71877 0.311339 1.07702 7.56102 
-53.9165  86.3007 193.505 5.3216 0.227111 5.81814 21.0812 
-52.4532  99.8274 379.817 1.68041 0.304309 1.15126 6.30045 
-50.7074  99.5619 379.387 1.66431 0.29578 1.14294 7.96122 
-54.5097  99.9013 379.164 1.67885 0.303753 1.05937 0.0258167 
-56.9129  99.8493 381.888 1.91518 0.302954 0.952648 8.46049 
-52.7009  99.6989 379.386 1.68942 0.297481 1.08841 6.51423 
3.03906  69.0495 190.196 5.62756 0.606987 5.3326 47.2328 
-51.5336  99.8027 379.229 1.63101 0.305608 1.16539 6.16893 
-55.4674  99.9361 381.756 1.89501 0.299053 0.991212 7.0565 
-54.7748  99.9746 380.412 1.77653 0.295071 1.03837 7.12199 
-53.1648  99.9351 379.46 1.70749 0.311357 1.07934 7.39976 
-8.63833  76.6977 181.697 1.8694 0.803019 2.31403 57.5928 
-52.5397  99.9399 379.353 1.65745 0.299683 1.1413 6.93094 
-52.7413  99.9875 379.412 1.65067 0.303713 1.14272 6.89538 
1387.54  74.3845 1.70801 0.993607 0.157485 3.87775 1.48592 
-54.1639  99.5372 380.086 1.75622 0.304048 1.03807 5.48188 
-57.9507  97.3096 382.024 1.94307 0.330506 0.902935 6.02967 
-57.658  99.6098 382.289 1.96754 0.327457 0.924122 6.87201 
-57.5271  99.933 381.557 1.92084 0.302366 0.911631 7.20672 
-52.108  99.7547 379.617 1.69585 0.300743 1.10479 6.48566 
-54.7412  99.5917 382.401 1.94183 0.297203 0.957529 7.88559 
-53.6385  99.9445 380.51 1.76564 0.30585 1.06821 6.72701 
-52.4156  99.7838 380.507 1.75595 0.301401 1.09307 8.15309 
-61.7994  99.7859 384.002 2.12133 0.320114 0.798189 8.11079 
-50.3266  99.9467 379.124 1.69509 0.287111 1.09045 7.89528 
6.48917  33.637 4.73342 4.17297 0.0431728 1.87573 52.711 
-53.6917  99.4588 379.761 1.7719 0.30001 1.01808 4.36059 
-53.7817  99.8252 381.305 1.84971 0.310894 1.00089 7.21837 
-57.394  99.957 382.212 1.94007 0.303149 0.924844 8.80773 
4.0629  38.1692 3.82498 5.59121 0.125881 1.40184 52.3204 
101.028  54.3445 236.193 0.610572 0.675714 1.37394 71.8796 
-52.2401  99.1941 379.982 1.6929 0.303405 1.13414 6.94664 
-63.6993  98.0317 381.094 2.13831 0.313974 0.562538 7.58527 
-58.154  99.5627 384.737 2.13417 0.298776 0.848211 10.101 
-57.6398  98.451 384.886 2.07852 0.311099 0.920429 8.03082 
-53.6534  99.9546 379.874 1.71332 0.304556 1.09603 6.63157 
-53.7882  99.9499 380.08 1.76098 0.301842 1.04214 7.64888 
-57.3136  99.8733 382.107 1.91544 0.303103 0.95896 8.21907 
-54.2832  99.9677 380.301 1.76543 0.297276 1.0514 7.25835 
-57.6894  99.9253 382.249 1.91997 0.302992 0.957652 9.32107 
52.175  87.448 1.41537 3.08068 0.819545 0.963644 60.3159 
-50.3952  94.1065 384.205 2.01662 0.361686 1.04248 10.0333 
-54.0764  99.7688 382.218 1.89513 0.314249 1.01305 7.16351 
-55.4897  99.9304 381.004 1.83292 0.299136 0.995766 6.14892 
-55.3814  99.8252 380.387 1.76714 0.297038 1.03845 7.66997 
-49.8342  99.3468 381.814 1.79286 0.323535 1.16924 6.64544 
-54.44  99.9484 379.994 1.75312 0.295511 1.03952 7.23516 
-56.2683  99.9274 381.114 1.8644 0.30194 0.966098 8.18243 
-55.1245  99.8962 380.877 1.82014 0.303913 1.0145 7.55102 
157.893  88.2191 3.80219 4.56842 0.466199 4.09045 61.5989 
-55.2979  99.2671 380.643 1.7964 0.293091 1.00719 8.9557 
-56.1997  99.9874 380.699 1.8261 0.304776 0.986597 6.85424 
-53.8887  99.8467 379.804 1.7325 0.309243 1.04894 6.10437 
-52.3779  99.7404 380.005 1.71292 0.309972 1.09674 7.97856 
-53.798  99.9002 380.01 1.69562 0.307664 1.11912 7.75036 
-52.8627  99.9213 379.624 1.69744 0.302787 1.09484 7.46484 
-43.4596  99.0034 378.004 1.50131 0.306724 1.3004 5.83885 
-54.7238  99.9864 380.928 1.81268 0.305462 1.03052 7.86081 
-48.2709  97.1064 379.103 1.62 0.316837 1.19398 5.58344 
-55.132  99.9903 380.686 1.80974 0.297773 1.01441 7.28868 
-54.3586  99.9499 381.351 1.8904 0.302083 0.94994 7.93846 
-48.9857  98.2003 379.658 1.61382 0.366084 1.23263 9.81347 
-54.2597  99.9535 380.757 1.80068 0.30248 1.03137 7.08411 
-45.1475  99.2388 379.366 1.55997 0.323289 1.31116 0.367664 
-55.1066  99.9319 380.612 1.79905 0.306127 1.02371 7.17317 
-56.207  99.8733 380.981 1.84944 0.302908 0.970858 8.04812 
-54.6613  98.109 380.621 1.82711 0.319866 0.965204 9.63669 
-45.8769  98.9513 377.372 1.42291 0.318965 1.35419 0.199525 
-44.3669  99.1349 377.331 1.41387 0.325212 1.38357 6.59581 
-55.4541  99.8942 381.018 1.80302 0.30063 1.05529 7.37939 
-53.0402  99.912 381.007 1.81377 0.288616 1.06209 6.5707 
-55.7181  99.8208 380.264 1.81719 0.305589 0.966955 6.81454 
-55.9449  99.8412 381.601 1.87018 0.306446 0.993322 7.50309 
-55.4759  99.9649 380.972 1.83904 0.299816 0.989983 7.50468 
-55.6841  99.9631 381.007 1.83593 0.303871 0.991603 7.18927 
-55.1322  99.9944 381.221 1.84763 0.306477 0.996697 7.52457 
-54.1971  99.763 380.464 1.78026 0.310676 1.03298 7.14719 
-54.4823  99.9873 380.585 1.78219 0.297583 1.04968 7.19497 
-25.6307  26.1737 4.62531 1.27825 0.480615 5.52051 57.823 
-55.2449  99.9999 381.186 1.83329 0.309202 1.01948 7.44318 
-55.5094  99.984 381.249 1.84287 0.30281 1.00568 7.06588 
-55.354  99.9771 381.249 1.83011 0.303939 1.0247 7.55326 
-54.7518  99.9364 381.285 1.84101 0.301141 1.01853 7.84244 
-55.3856  99.9792 381.148 1.82901 0.303505 1.02226 7.24901 
-54.6385  99.9749 381.061 1.83337 0.292961 1.01623 7.40439 
-54.8241  99.9881 380.572 1.78302 0.306962 1.03845 7.21872 
9.80554  34.6004 3.49561 4.52859 0.116957 1.77189 42.1885 
-43.2151  44.2716 386.299 3.18666 0.389584 5.60844 43.709 
-54.4414  99.9532 380.675 1.79037 0.304194 1.04231 7.77679 
-56.0491  99.9789 381.527 1.86451 0.30479 0.995343 7.57689 
-18.1986  83.5665 191.346 5.21931 0.157279 6.01738 10.2402 
-55.1232  99.9541 380.699 1.81336 0.299463 1.0069 7.49431 
-54.5857  99.9223 380.463 1.78046 0.299784 1.03694 7.246 
-5.81241  97.647 188.968 2.92589 0.0182658 1.712 31.475 
-15.641  98.2867 191.693 1.6676 0.252304 3.59542 1.30644 
-5.76716  91.0662 191.11 2.43907 0.48906 2.8363 45.6048 
-55.0304  99.9558 380.648 1.80079 0.300871 1.02428 7.62849 
-55.1341  99.9883 380.885 1.83174 0.300778 0.998736 7.4117 
-54.7078  99.9639 380.948 1.81323 0.308201 1.03235 6.56591 
-43.0554  94.8263 195.37 3.19823 0.0584913 2.52771 40.5606 
-55.3833  99.9491 380.784 1.81313 0.301079 1.01667 8.1708 
-54.4833  99.9988 380.679 1.80829 0.303238 1.01776 7.28495 
34.5036  19.8591 61.3977 2.36385 0.510266 5.26366 17.7451 
-55.3985  99.955 380.837 1.80716 0.302828 1.02363 7.39706 
-55.2158  99.9948 380.82 1.81226 0.30165 1.02144 7.82561 
-55.1096  99.9777 380.836 1.80778 0.302189 1.02628 8.14874 
-56.6971  99.9101 382.15 1.93248 0.302623 0.952737 7.36974 
-55.4312  99.993 381.021 1.82587 0.307119 1.01603 7.55052 
-54.5891  99.8498 381.013 1.80518 0.302574 1.04349 7.3901 
-53.7138  99.9598 380.905 1.79228 0.308314 1.05494 8.09813 
-56.2456  99.9253 381.927 1.9074 0.304879 0.967971 7.41631 
-55.7189  99.8061 381.77 1.89853 0.297393 0.974977 7.50338 
-38.527  75.1004 385.905 1.89594 0.389491 1.56064 30.0781 
-54.685  99.7808 380.509 1.80793 0.296478 1.01019 7.49271 
-53.84  99.9331 380.816 1.80553 0.30608 1.03767 7.27392 
-55.8129  99.91 381.065 1.83935 0.305375 0.993981 6.89911 
-55.8314  99.5827 381.388 1.88811 0.305018 0.937292 9.71907 
-55.4979  99.9475 381.111 1.84158 0.302178 1.00185 7.80376 
-53.2504  99.6772 380.345 1.77764 0.301111 1.04275 8.59969 
-55.2739  99.9566 380.935 1.82609 0.302541 0.998974 7.36235 
-57.1099  99.5013 380.511 1.87005 0.314856 0.928729 9.03585 
-54.3276  99.991 380.965 1.82673 0.308452 1.02522 8.22664 
-54.7442  99.7769 381.081 1.83351 0.306398 1.00963 8.14717 
-17.4597  94.0228 366.794 0.519521 0.452505 2.08691 31.2298 
-53.9836  99.9986 380.237 1.76816 0.300145 1.04417 7.07667 
-56.6402  99.8006 381.202 1.82893 0.309195 0.998406 7.58563 
-54.2664  99.9721 380.567 1.79391 0.288545 1.03739 7.30078 
21.5467  59.4168 378.505 1.11286 0.284194 2.48158 42.4618 
-54.6943  99.852 380.829 1.81758 0.301751 1.01096 7.13668 
-53.9223  99.9629 380.471 1.76841 0.303526 1.05743 7.25226 
-54.916  99.9571 380.904 1.7995 0.303312 1.04968 7.36799 
-6.19561  97.3804 188.738 1.40809 0.327788 3.457 14.3111 
-5.37113  99.7389 189.206 1.4156 0.307834 3.48385 7.07863 
68.0413  67.1431 338.115 3.7313 0.432264 3.50053 18.5646 
-54.3665  99.9909 380.528 1.77445 0.305253 1.05442 7.05495 
-54.8867  99.9594 380.552 1.79077 0.299855 1.02947 7.32793 
-6.71708  91.3105 189.754 1.48659 0.20584 3.47612 0.659193 
60.4589  94.0393 1.02209 6.27785 0.189109 1.21931 56.6348 
-54.8802  99.9532 380.473 1.80791 0.303171 1.00129 7.43977 
-11.7817  52.6353 187.585 3.46583 0.861976 1.49608 61.9863 
-16.9127  99.4269 193.32 2.15305 0.167188 3.37244 1.991 
-54.3245  99.9749 380.618 1.78933 0.30277 1.03977 7.07497 
-28.9089  83.004 192.761 2.2988 0.0863606 3.01756 19.7623 
-55.8939  99.7075 381.545 1.87826 0.323228 0.977217 8.8349 
-54.2952  99.9966 380.445 1.77741 0.301608 1.04437 7.66817 
-55.9081  99.7034 381.712 1.88774 0.303724 0.979088 7.66544 
-55.6017  99.9675 381.336 1.81961 0.305984 1.04561 7.08574 
-55.2626  99.4338 381.508 1.84474 0.326858 1.03686 9.51126 
-55.2095  99.1663 381.451 1.89497 0.308489 0.944918 7.72031 
-56.1327  99.9742 381.123 1.82581 0.300616 1.01997 8.10019 
-54.5594  99.986 380.72 1.78148 0.307995 1.05644 7.64836 
-56.5786  99.9949 381.711 1.89473 0.305686 0.965008 7.27054 
-24.5741  99.8409 194.681 4.97584 0.551972 0.700753 31.1178 
-55.1008  99.9863 381.04 1.82682 0.301506 1.01787 7.58218 
-55.1901  99.9887 380.834 1.80966 0.302674 1.01994 7.43846 
-55.3809  99.985 380.959 1.82186 0.304576 1.01506 7.43278 
-56.3227  99.2898 381.434 1.91322 0.316643 0.914393 6.782 
-9.16163  2.45794 111.489 3.01191 0.0805834 0.108562 57.8925 
-55.3801  99.9946 380.962 1.82669 0.30053 1.01382 7.55921 
-53.6327  99.9465 380.621 1.77422 0.303761 1.06185 7.74687 
-56.5631  99.9879 381.587 1.8951 0.308795 0.955543 7.44634 
-56.5085  99.7059 381.692 1.89211 0.311762 0.957383 7.82021 
-56.6957  99.986 381.827 1.89596 0.308654 0.95928 7.6366 
-39.4687  91.8078 375.122 2.97127 0.235712 5.86386 28.7103 
-4.9752  97.7325 189.493 1.42792 0.322747 3.56627 6.08186 
-6.72492  99.5168 189.5 1.45838 0.326129 3.50669 8.32563 
-56.2475  99.9445 381.381 1.87296 0.304928 0.972111 7.69436 
-54.4916  99.9842 380.555 1.78683 0.302099 1.04021 7.694 
-55.5724  99.7779 381.582 1.85355 0.306029 1.01544 7.37077 
-22.295  95.8732 190.712 0.381512 0.142546 4.60168 24.6954 
-55.5  99.4732 381.131 1.85906 0.307921 0.978323 7.22444 
-55.6675  99.8703 381.151 1.84762 0.30489 0.988373 7.43918 
-55.9019  99.9582 381.666 1.90389 0.30334 0.959869 7.95142 
-44.9086  94.5854 384.817 2.03086 0.359495 1.08991 10.4675 
-55.0932  99.9976 380.703 1.80594 0.306878 1.01702 7.29281 
-54.9934  99.9797 380.692 1.80523 0.304265 1.01861 7.30806 
-54.8886  99.9864 380.639 1.79639 0.298951 1.02357 7.56231 
-19.6059  96.2119 19.7956 1.6714 0.153707 6.19969 60.5199 
-6.65236  68.4626 19.9282 3.44322 0.249825 6.00673 64.0439 
-5.69185  99.9911 188.889 1.37343 0.325328 3.46138 7.54721 
-54.6232  99.9862 380.775 1.80245 0.303203 1.03263 7.6578 
-56.1111  99.6973 382.72 2.08873 0.320007 0.829839 4.7039 
-5.56178  98.8458 188.58 1.15969 0.340438 3.74921 9.79704 
-4.0707  99.8705 188.46 1.22751 0.340047 3.58362 8.64899 
-8.98185  84.904 189.181 1.09249 0.0625004 3.62523 0.0138016 
-54.6867  99.9852 380.8 1.79683 0.302219 1.04179 7.33141 
-54.4138  99.9937 380.797 1.79577 0.303988 1.04567 7.47414 
-59.6016  99.1568 385.914 2.16974 0.366574 0.869087 8.29481 
-14.1069  98.3117 190.169 1.75561 0.204241 3.27921 0.578966 
-4.02737  99.2996 188.117 1.30812 0.33587 3.41634 11.9244 
-54.6773  99.9721 380.893 1.81085 0.303949 1.02937 7.46118 
-54.7593  99.9797 380.778 1.80377 0.299794 1.0295 7.50727 
-54.6869  99.9956 380.833 1.8035 0.302427 1.03383 7.47609 
-54.9796  99.9887 380.859 1.8031 0.303729 1.03391 7.44169 
-55.6537  99.8397 381.077 1.85389 0.300953 0.978477 7.74853 
-59.3267  99.5486 383.39 2.04308 0.288474 0.864674 7.99117 
-55.5384  99.1749 382.594 1.93912 0.308436 0.98262 6.86222 
-3.1271  95.3242 189.229 1.75124 0.385958 3.23905 12.4655 
-55.56  99.1767 383.126 1.95897 0.314813 1.01427 8.59808 
-61.3869  99.154 382.839 2.02739 0.297562 0.797011 6.58195 
-55.252  99.9806 381.548 1.83585 0.315842 1.04309 6.84128 
-54.4554  99.3855 381.518 1.8389 0.312183 1.04185 8.0643 
-59.6311  98.9135 382.331 2.0382 0.312659 0.792952 7.43505 
-13.0141  99.5043 189.4 1.43026 0.291316 3.42364 8.38478 
-56.3485  97.536 382.114 1.96815 0.32734 0.879905 8.95055 
-55.4157  99.8522 380.53 1.81891 0.291973 0.990062 7.11149 
-54.7506  99.9541 380.853 1.80298 0.303209 1.0325 7.5918 
-55.1286  99.9702 380.815 1.80891 0.303175 1.02473 7.46817 
-58.0897  99.2979 382.224 1.9754 0.290877 0.90048 9.37051 
-56.2425  99.7331 382.456 1.92601 0.314215 0.984712 7.87323 
-55.4303  98.5665 382.351 1.91676 0.337457 0.987328 8.11274 
-54.6237  99.8876 380.671 1.79822 0.302969 1.02709 7.5522 
-17.1392  89.658 189.532 2.07023 0.293592 2.66129 10.0711 
-55.8534  99.9985 380.964 1.83122 0.300736 0.994088 7.50766 
-81.829  72.2498 437.668 2.66907 0.404695 1.93953 0.325657 
-58.2471  99.6347 382.874 1.9941 0.293272 0.921523 7.09346 
-57.6125  99.3237 381.232 1.87859 0.299671 0.940053 8.01263 
-54.8455  99.9921 380.586 1.79062 0.304914 1.03382 7.45369 
2.75121  97.1361 189.284 1.415 0.411213 3.61356 11.3174 
-56.1074  99.9539 380.789 1.83578 0.302604 0.973882 7.3866 
-57.0686  99.5174 382.639 1.98045 0.307575 0.922286 8.07499 
-54.5263  99.8926 380.479 1.78456 0.299745 1.03433 7.77804 
-6.15784  99.185 189.463 1.60223 0.294848 3.33061 0.0962237 
-54.7626  99.9851 380.694 1.79713 0.303766 1.03137 7.60209 
-57.1751  99.7423 381.599 1.91167 0.300603 0.937146 8.23556 
-55.8935  99.3767 383.322 1.97255 0.314176 0.97011 7.60069 
-54.3088  99.7403 380.685 1.80684 0.302365 1.02257 7.79037 
-58.604  98.8388 381.989 1.96781 0.304222 0.867003 8.60181 
4.96477  48.3666 140.706 1.44817 0.864325 4.84678 0.142873 
-29.2605  67.6532 35.2398 2.71058 0.203734 5.39886 8.40668 
-57.5707  99.6202 381.072 1.89977 0.311905 0.887819 10.7853 
-54.2195  99.9791 380.485 1.78062 0.299954 1.04515 7.42861 
-55.4806  99.9849 380.98 1.83597 0.300167 0.996996 8.26275 
-55.5385  99.9968 381.104 1.83788 0.302659 1.00336 7.7325 
-54.8001  99.9527 380.727 1.79848 0.301029 1.03121 7.16863 
-5.21118  98.0906 188.282 1.15127 0.398127 3.53305 10.0885 
-56.7553  99.9949 381.524 1.91034 0.299878 0.933646 7.5022 
16.1258  84.6554 1.87403 4.25093 0.875966 3.58612 82.3771 
91.761  39.3115 27.4713 4.55535 0.52743 5.06309 90.6734 
-54.524  99.9974 380.59 1.78341 0.303214 1.04676 7.55356 
-55.1944  99.9906 380.964 1.82489 0.301534 1.01164 7.32714 
-55.2283  99.9935 380.961 1.82424 0.303859 1.01536 7.50189 
-54.3774  99.9923 380.528 1.776 0.299737 1.05298 7.55237 
-40.195  89.518 191.366 3.028 0.221266 1.98798 18.5592 
-55.8959  99.9504 380.783 1.90012 0.285544 0.908285 7.04381 
-54.077  99.9963 380.311 1.76925 0.303081 1.04738 7.11732 
-53.9579  99.2534 381.397 1.89437 0.299217 0.975501 7.87544 
-198.891  92.1885 9.73825 2.11845 0.66108 1.27746 0.0321121 
-232.653  10.7851 45.1567 3.96206 0.325009 0.560655 1.92701 
-55.5933  99.9754 381.331 1.83331 0.303832 1.02305 7.37611 
-54.4152  99.927 381.11 1.82193 0.303406 1.03454 6.85302 
-55.6852  99.9999 381.154 1.86293 0.304525 0.973068 7.09827 
-55.1542  99.8334 381.224 1.81147 0.314719 1.04303 7.03873 
-54.6786  99.9897 380.89 1.80959 0.302142 1.0325 7.35152 
-53.8648  99.9932 380.229 1.7552 0.299437 1.0607 7.18704 
-54.19  99.9735 380.639 1.77948 0.304274 1.05621 7.43222 
-6.81613  99.543 190.21 1.4026 0.508458 3.75312 17.4188 
-54.7437  99.9846 380.759 1.80471 0.303255 1.02539 7.12631 
-56.0597  99.9256 381.324 1.87598 0.303258 0.9612 7.83637 
-53.3607  99.9907 380.434 1.769 0.301828 1.0655 7.27855 
-54.8934  99.9974 380.624 1.79853 0.302429 1.0235 7.36989 
-54.8817  99.9888 380.618 1.79933 0.301091 1.02156 7.52844 
-55.0646  99.9926 381.115 1.83025 0.304462 1.01735 7.35632 
-19.4432  63.8012 129.905 1.29228 0.556404 0.345636 54.1978 
-53.9335  99.6589 379.903 1.75897 0.304201 1.03291 8.43383 
-55.5126  99.897 381.096 1.83444 0.306987 1.00404 8.04224 
-53.8687  99.9627 380.106 1.75203 0.300349 1.05407 7.0757 
307.203  10.4939 13.698 4.84667 0.405623 4.31991 3.0666 
-54.6407  99.9893 380.652 1.79834 0.301161 1.02842 7.15876 
-55.0914  99.9724 381.147 1.84144 0.301905 1.00789 7.56546 
-54.3212  99.9987 380.521 1.78693 0.301225 1.03631 7.28033 
-54.5534  99.9976 380.55 1.78847 0.300941 1.03396 7.28813 
-54.9002  99.9929 380.673 1.80385 0.301814 1.02189 7.42484 
-24.62  81.1489 194.039 5.3995 0.494971 0.171643 52.3888 
-154.664  46.109 1.12854 0.769291 0.0103053 0.811536 55.8881 
-56.3728  99.9596 381.215 1.84395 0.297776 0.992491 8.03354 
-55.8882  99.9801 381.069 1.84516 0.299988 0.98846 7.4107 
-1.89888  99.3594 191.647 1.78452 0.26295 3.6835 5.31026 
-55.1136  99.9961 380.656 1.80267 0.301695 1.01832 7.16981 
-54.9546  99.9966 380.718 1.80586 0.304801 1.02087 7.39987 
-54.8548  99.9402 380.836 1.81764 0.301977 1.01377 7.30843 
-18.5514  88.9637 198.407 5.5082 0.297448 1.01649 21.8263 
-53.0246  99.9401 380.38 1.77925 0.297881 1.04866 6.89076 
-54.7029  99.9248 380.281 1.76841 0.296107 1.04139 7.11273 
-54.8663  99.9739 380.732 1.79795 0.303553 1.0352 7.54677 
-54.5742  99.9963 380.669 1.79719 0.301848 1.03177 7.65277 
-48.8785  98.6482 378.276 1.5454 0.304875 1.23202 7.42921 
-46.7571  98.4559 379.388 1.58485 0.327758 1.28837 5.49572 
-54.8332  99.9864 380.871 1.80825 0.300615 1.03201 7.07621 
-54.8223  99.9995 380.825 1.8074 0.303665 1.0295 7.46892 
-53.9878  99.9972 380.393 1.75772 0.299983 1.07001 7.16215 
-52.0917  99.9319 379.8 1.71599 0.298582 1.0969 6.31582 
-56.3274  99.8399 380.335 1.78706 0.286412 1.01222 9.83083 
-54.9141  99.8993 380.387 1.79136 0.29821 1.01691 8.49888 
230.443  63.0919 90.1339 4.85581 0.0360715 2.53866 31.8575 
95.327  35.3275 7.29656 1.74099 0.333013 1.13932 86.4033 
-54.3057  99.9204 379.977 1.74884 0.301615 1.04829 7.36184 
-54.6847  99.8126 380.187 1.7515 0.300258 1.0593 6.14358 
-56.5098  99.849 381.325 1.84484 0.303783 1.00103 7.64633 
-54.1135  99.9927 380.155 1.74187 0.301453 1.06862 7.57474 
-169.576  22.9073 1.62706 3.41642 0.0134881 1.47396 97.3443 
500.779  53.7926 1.35453 2.2902 0.127477 0.562527 90.8098 
-49.3519  99.4052 377.305 1.45518 0.328396 1.29109 7.72301 
-54.4817  99.9929 380.622 1.78078 0.303738 1.05447 7.22306 
-53.8741  99.9171 380.327 1.73581 0.299657 1.09425 7.42748 
-53.8184  99.9381 380.326 1.7353 0.306403 1.09496 6.2218 
1.0795  22.2486 563.025 0.539223 0.86425 4.00237 64.8943 
-53.8559  99.999 380.194 1.7436 0.300364 1.07167 7.21871 
-54.189  99.9889 380.373 1.75418 0.303118 1.06958 6.94603 
-54.9639  99.9977 380.835 1.8051 0.303838 1.03042 7.46293 
-5.55158  87.4417 361.437 0.20905 0.276879 2.11039 21.1999 
-2.33581  73.4505 359.602 5.97914 0.254311 2.20197 54.2386 
-53.6864  99.5883 380.327 1.73728 0.307861 1.08941 5.81671 
-54.4935  99.9239 380.06 1.75776 0.297659 1.0383 7.05872 
-54.9825  99.9902 380.876 1.80963 0.301943 1.02816 7.75441 
-54.9202  99.9999 380.755 1.80884 0.302509 1.02071 7.3469 
-55.2633  99.9846 380.713 1.80668 0.300908 1.01912 7.46782 
-51.8724  99.6398 380.25 1.70291 0.29574 1.14659 6.89851 
-55.2949  99.2164 380.924 1.87849 0.29034 0.942918 6.66908 
-8.83723  98.9795 194.371 2.42558 0.107863 3.55304 20.6141 
-53.7631  99.9868 380.034 1.73895 0.300778 1.0666 7.34199 
-3.23079  98.2858 188.602 1.37579 0.34665 3.46593 5.71233 
-4.48327  99.0724 188.035 1.31444 0.337614 3.33468 7.81877 
-55.3017  99.9985 380.898 1.81334 0.30326 1.02332 7.28561 
-55.0847  99.9766 380.713 1.80625 0.301392 1.02086 7.69884 
-0.641102  98.1926 188.627 1.35666 0.352546 3.39352 5.79834 
-53.903  99.9716 379.966 1.72669 0.304248 1.07694 7.28393 
-53.5316  99.974 379.954 1.73511 0.302311 1.07025 6.92936 
488.051  43.9971 964.655 4.56687 0.155222 3.72555 81.897 
-11.2973  72.4224 29.1348 0.213173 0.549565 3.51681 71.488 
-58.2615  98.1301 383.327 1.99088 0.357445 0.970715 10.0475 
-3.89262  94.666 189.039 1.53889 0.264463 3.37561 7.16535 
-54.8927  99.9743 380.67 1.80117 0.302484 1.02588 7.38376 
-4.17582  92.4151 188.153 1.46316 0.279256 3.17817 5.7895 
-54.9124  99.998 380.794 1.81148 0.302899 1.02143 7.39885 
-2.78992  91.6886 186.892 1.10495 0.350432 3.37704 0.0234993 
-2.81218  95.1289 186.986 1.02223 0.373809 3.45725 9.36263 
-52.8969  99.6807 379.34 1.69929 0.290932 1.06076 7.39399 
0.0694228  97.1089 187.96 0.705753 0.493412 3.9421 13.5945 
8.37423  99.0101 184.254 0.366971 0.397172 3.72708 14.6103 
-0.529366  92.7581 187.074 0.163687 0.257693 4.30445 26.9501 
-51.43  99.6979 379.045 1.66088 0.318541 1.10787 7.49583 
-54.8447  99.9951 380.609 1.80257 0.301625 1.0189 7.28097 
-55.1981  99.9872 380.605 1.80278 0.299496 1.01419 7.69882 
-44.0847  97.3855 379.428 1.78434 0.287096 1.049 4.24731 
-54.9887  99.9967 380.901 1.81301 0.304162 1.02656 7.45365 
-52.2191  99.7669 379.668 1.68783 0.302459 1.11834 7.43706 
-50.9066  99.0087 379.294 1.66435 0.339367 1.14963 5.71967 
-51.6133  99.7289 379.445 1.63622 0.293813 1.17961 6.77393 
-49.1609  95.9284 379.39 1.67053 0.3276 1.16417 6.15449 
-53.9705  99.9979 379.985 1.72741 0.301201 1.07334 7.02148 
-52.049  99.948 378.994 1.62687 0.304236 1.15153 7.16261 
-55.2972  99.9966 380.879 1.8237 0.304826 1.00783 7.18865 
-53.1818  93.6802 373.337 1.23319 0.286152 1.19275 1.9669 
-10.6446  89.8185 189.547 1.90218 0.262423 3.004 2.25028 
-54.296  99.9072 380.136 1.75521 0.303412 1.04547 6.90385 
72.5339  73.8659 7.15836 4.67325 0.281831 5.63336 92.4482 
-11.8369  94.6216 194.857 2.2638 0.182397 3.80244 12.2697 
2.30228  93.7145 184.495 0.652662 0.427499 3.37175 13.2277 
-54.1759  99.9692 380.362 1.76275 0.301806 1.05797 7.28438 
-6.37154  64.8132 192.522 3.59072 0.516272 1.90009 27.8437 
-53.7359  99.4561 380.308 1.8085 0.306568 1.00678 7.71657 
49.9017  85.6279 21.597 1.93495 0.747972 6.1211 53.5104 
-55.2373  99.9599 380.878 1.7965 0.301839 1.04721 6.94807 
-9.51718  99.98 189.684 1.5573 0.28945 3.37504 6.00773 
-19.2027  77.045 192.679 4.28825 0.0522318 1.02787 30.1386 
-54.7842  99.9828 380.745 1.79003 0.30397 1.04703 7.27764 
-49.3826  99.862 379.378 1.64791 0.279037 1.15624 0.633683 
-54.1643  99.9961 380.204 1.75935 0.300612 1.04915 7.05516 
-7.22326  99.1181 189.204 1.53336 0.305134 3.34828 9.82531 
-52.7298  99.9218 379.668 1.68324 0.303525 1.11916 7.35811 
-54.1579  99.9893 380.2 1.75413 0.300553 1.05731 6.93123 
28.3346  45.282 379.587 0.638199 0.348471 2.88008 63.1664 
-55.053  99.9907 380.852 1.8142 0.300811 1.02285 7.54115 
108.021  12.1922 500.408 5.234 0.254407 5.0471 20.9041 
-34.2433  76.3471 389.743 2.42998 0.445527 0.67409 18.8739 
-54.5407  99.9898 380.825 1.80955 0.30482 1.02892 7.08155 
-55.0095  99.9977 380.687 1.8032 0.300715 1.02133 7.4187 
-54.964  99.97 380.747 1.80364 0.304888 1.0269 7.35651 
-4.83008  99.6975 189.398 1.80382 0.326772 3.11505 12.752 
8.01738  42.5059 410.292 4.85866 0.310213 4.15853 75.0747 
-53.9662  99.9124 380.266 1.76018 0.305588 1.05852 7.17014 
-54.5311  99.9975 380.78 1.79944 0.301989 1.03677 7.46249 
-54.721  99.9985 380.788 1.79846 0.30434 1.03744 7.41962 
-54.1448  99.9849 380.213 1.75653 0.303389 1.05477 6.77375 
-55.0916  99.9371 380.51 1.8055 0.305217 1.00674 7.46368 
-53.4474  99.9125 379.69 1.71013 0.300471 1.08394 7.46252 
-53.9703  99.9906 380.22 1.75955 0.298689 1.05146 6.93519 
-54.9747  99.9364 380.874 1.80095 0.306692 1.03981 7.42261 
-3.62837  96.7813 188.97 1.63358 0.273263 3.22699 6.56792 
-55.2949  99.7997 380.769 1.81494 0.306445 1.00572 6.7321 
-52.1883  99.2672 379.876 1.71055 0.297131 1.10456 8.45919 
-53.7292  99.994 380.151 1.74788 0.300326 1.0647 7.62122 
-48.0641  98.9849 378.091 1.5329 0.315614 1.23779 6.36146 
-48.7493  99.9415 378.319 1.5392 0.309656 1.2504 6.89512 
-53.5826  99.9967 379.998 1.72939 0.30422 1.08078 7.35087 
-53.8717  99.9461 379.365 1.69367 0.307056 1.07263 7.17978 
-55.1512  99.9977 380.759 1.81782 0.300924 1.0081 7.32887 
-2.1946  99.5752 188.747 1.31526 0.312787 3.53812 7.66429 
-55.7424  99.9581 380.777 1.81479 0.297888 1.01053 7.67764 
-53.8991  99.9446 380.213 1.72564 0.308269 1.0894 7.33326 
-38.8487  99.2781 374.885 1.24887 0.348518 1.44077 1.3373 
-22.0535  91.5467 24.9245 1.51201 0.70465 1.90152 36.4174 
-55.8465  99.534 379.86 1.71156 0.298727 1.05556 7.55608 
-54.9823  99.9966 380.811 1.8107 0.304572 1.02078 7.43591 
9.8888  31.8725 190.713 5.84147 0.574805 5.72703 59.2733 
-52.3758  99.9417 379.676 1.72337 0.290779 1.07739 7.2036 
-54.5546  99.9911 380.751 1.80673 0.301096 1.02663 7.30232 
