# level assignment, log likelihood, tiebreaker, ID.
0 -15556.4847324 0.893081686697 5
0 -1475.65001675 0.759178609411 4
0 -15913.2247636 0.241037581001 4
0 -83201.4784303 0.87753256413 2
1 -2569.72854031 0.37516046721 6
1 -7357.86480855 0.682669126395 0
1 -4924.40448296 0.817570722523 5
0 -44449.9518825 0.382591913964 1
0 -44548.0786361 0.65346444948 0
0 -16416.6808718 0.873888986861 6
0 -48921.763552 0.321685068866 6
2 -390.231122586 0.344259035455 7
2 -626.870519743 0.681365994423 0
0 -29134.8560285 0.83883242028 3
0 -94364.1329416 0.406769578838 3
2 -286.339726759 0.993219303254 5
3 -425.885520724 0.640598302596 0
0 -149364.014682 0.554077217402 5
1 -7495.11213694 0.938668714147 0
2 -691.748240166 0.125131119756 1
3 -423.151096223 0.295895120245 1
1 -1057.13640518 0.427799004957 6
0 -851.417499898 0.700375670761 1
2 -132.083596762 0.335803178224 2
2 -1241.59500941 0.925825327451 4
2 -644.543758529 0.00063767410529 6
2 -942.512865427 0.217187482898 0
2 -625.568010131 0.8214995421 4
4 -105.091362948 0.339894346293 6
3 -254.4980187 0.32491018738 2
4 -113.861981321 0.0900189105856 3
4 -168.535181769 0.217403218326 2
1 -2536.48149334 0.846474194326 5
1 -2574.04625168 0.114516458897 1
2 -373.164465632 0.995711427913 7
3 -117.964747806 0.178651100379 3
3 -257.548430235 0.512581820319 3
3 -460.457773647 0.64162254313 3
4 -110.92437133 0.644166520818 2
1 -387.383470379 0.883574838549 5
3 -135.004712025 0.708517060555 2
6 -102.470796221 0.148855961171 1
3 -449.197661485 0.471695891742 2
0 -18483.5119202 0.0838316549217 7
6 -106.885577748 0.250684296603 0
0 -151059.274342 0.702290161782 1
3 -232.460209733 0.853115790664 4
6 -105.255661316 0.850985205261 0
0 -1117.21348181 0.333849165986 1
5 -118.227930557 0.029949060042 7
0 -127149.297151 0.214102896204 2
0 -12079.7743205 0.513182253392 3
3 -382.194093869 0.165439081709 6
6 -107.200179315 0.434348884858 2
1 -9963.24776435 0.829916583294 3
1 -123.252689349 0.107281557379 5
6 -105.059452056 0.826574961685 1
4 -120.241527301 0.310065564189 0
5 -116.548582351 0.957293351921 7
7 -102.384092358 0.437416864586 0
7 -103.351245704 0.63917429758 2
6 -106.258443974 0.895624009751 0
7 -103.229629191 0.225899921769 1
7 -97.8115815226 0.0562255776443 4
4 -176.886629912 0.0994842874268 4
3 -159.369655403 0.25829908919 4
3 -195.900750726 0.154223635069 5
0 -292.338177263 0.114057085399 0
4 -116.384720072 0.413735303934 5
5 -107.572565359 0.0720539821751 2
0 -227.057247431 0.135512512022 2
0 -4013.30908846 0.0302215414281 7
5 -116.969340597 0.846235176577 0
3 -353.09460277 0.272654477967 0
6 -106.027722846 0.321202248311 5
5 -100.604941305 0.307253090295 1
1 -1360.40397253 0.960976322167 2
4 -123.538094772 0.776203576897 1
7 -103.618131528 0.105445809289 6
8 -90.2134377969 0.466822848282 6
3 -399.888778903 0.820469766362 1
9 -100.508374341 0.184512470458 5
7 -100.779246365 0.441412738482 1
3 -431.890912223 0.866400448249 1
9 -96.3383893294 0.755361817165 7
4 -106.474178432 0.33424951204 6
8 -95.0994050689 0.986747386687 5
3 -367.881097467 0.0322459706253 1
7 -102.798273117 0.251072517216 1
0 -25720.9852284 0.233023951873 3
7 -103.037184557 0.492793488696 5
0 -5251.75848045 0.503698078498 1
6 -103.825495764 0.613767974173 1
9 -101.168844162 0.601195130126 6
5 -107.348075996 0.772040087155 6
5 -111.164876887 0.209632056007 6
5 -105.943512393 0.969768726539 1
6 -102.753712785 0.753782776208 5
1 -605.490800645 0.51810573192 7
6 -107.229519726 0.499866007404 4
7 -100.604431438 0.871679432082 6
8 -100.642980655 0.0745490814373 3
6 -104.34780451 0.304305391181 6
9 -100.832300214 0.644727001182 5
6 -105.101135856 0.614300757458 5
10 -100.028284878 0.547298437473 3
4 -104.73705581 0.623843892833 3
10 -99.7415432483 0.836199965794 0
3 -113.763283328 0.205381180535 2
5 -105.064789442 0.87451512923 5
7 -101.174036225 0.745198988614 4
10 -99.6329426353 0.366679029094 3
3 -193.531486521 0.354280881645 4
4 -118.290185432 0.0725616006788 3
1 -736.826244307 0.358662003898 4
1 -1552.10971063 0.786094083948 4
7 -103.029939404 0.815656818167 3
8 -100.469334807 0.527453577011 4
3 -195.818836602 0.35479177255 7
3 -258.885571092 0.606109830937 0
10 -99.6554925194 0.468301108302 5
8 -101.81850466 0.135658480757 6
7 -103.143426182 0.226265437864 0
6 -102.908737311 0.451335645434 0
9 -100.79937729 0.0250483144383 3
1 -2428.3513679 0.390259863117 3
4 -128.097375764 0.612920259349 4
10 -100.109862087 0.820396063163 1
7 -102.511024206 0.589831509195 5
10 -100.076059477 0.980862876048 2
2 -1316.6992717 0.320119398581 5
8 -100.889212694 0.754504216295 4
5 -107.871211393 0.928529511192 3
11 -95.7180862644 0.259452003369 3
7 -103.548991091 0.327091621506 5
1 -4165.04747398 0.115291131747 4
7 -102.13508594 0.532531707915 0
10 -98.1035899774 0.0660175908858 7
10 -96.0528350301 0.414772524056 3
10 -95.1372359369 0.570141265896 7
9 -100.803177323 0.0221164114666 3
4 -159.094452719 0.230974343847 2
8 -101.321973437 0.655661139736 6
5 -104.970708196 0.118338666183 4
8 -101.675295975 0.844296023687 0
0 -118.532516587 0.561300218944 3
0 -38990.3652845 0.808840225221 5
1 -1799.8664818 0.375279392809 2
6 -106.446124485 0.529397358549 7
9 -98.0436632541 0.914693978343 6
11 -98.4391522092 0.147458905539 1
7 -102.867689423 0.930737821942 3
0 -91063.2626786 0.341629348947 0
4 -146.89876963 0.755148265153 3
12 -89.8230431773 0.264595965659 7
9 -100.612932391 0.11805741038 7
4 -121.64147768 0.846930121511 5
11 -96.879423879 0.906892223699 7
10 -96.8728965191 0.663884646076 4
13 -92.6911810996 0.494729322531 4
7 -100.198444869 0.135488161357 2
12 -85.1101561625 0.820068826397 5
7 -103.351554284 0.242872801268 0
5 -110.613376193 0.777539788063 1
13 -91.894059506 0.241662783401 5
7 -103.198260576 0.702004319552 3
9 -98.9824700706 0.0527433135861 4
1 -2597.28829602 0.257813277424 6
9 -100.748050647 0.202149388565 1
4 -177.935996285 0.480301489579 6
3 -310.538316502 0.473288680555 3
9 -100.948569276 0.0042588617663 7
1 -11552.2140028 0.530994372359 7
4 -112.904907602 0.269796339483 5
12 -92.0245420938 0.26095543283 5
5 -103.491836189 0.541350726456 1
12 -94.4049823107 0.290989430434 6
12 -85.4626762035 0.566222467088 7
2 -586.680735355 0.955217753012 1
7 -102.403349896 0.869937655311 4
3 -203.432129083 0.655759197577 5
8 -101.717604206 0.837028172615 2
13 -93.1951410824 0.129339576335 7
8 -99.1265086473 0.459693338819 1
6 -102.221417875 0.952845625787 6
1 -2287.65388903 0.37458093728 3
14 -86.7434757273 0.540399052229 1
3 -136.1119683 0.766633525493 5
2 -1353.59347605 0.680060413207 4
6 -105.63547787 0.237507512585 7
0 -238330.472657 0.260944560135 3
2 -1166.5895755 0.387404064336 0
8 -102.148250171 0.755898146002 7
9 -101.34514142 0.111096664725 4
1 -2205.18323258 0.246739226081 4
12 -95.7955675905 0.58230160146 7
0 -62084.6052753 0.876301908295 6
5 -120.2759579 0.0205589334833 6
0 -135575.392101 0.661973174297 5
8 -102.258969464 0.22718669559 4
13 -88.1990381375 0.562678936187 5
3 -123.521827952 0.508408271199 6
7 -102.005899761 0.743657685348 6
14 -89.9425174496 0.0613519776225 1
3 -451.222142886 0.102060755523 7
11 -94.7940909217 0.129322318886 5
4 -122.583323944 0.546350293366 5
3 -394.734563817 0.1643544357 7
5 -115.43167898 0.831478276733 7
11 -89.0486223924 0.389824518131 5
14 -90.0070326885 0.721463552448 2
13 -89.7611259259 0.396842614836 4
3 -308.370067557 0.852638165488 2
8 -101.876214843 0.70139682136 5
9 -100.487252075 0.652697348484 5
10 -100.125439413 0.26296194472 2
9 -100.746745898 0.177619680219 3
5 -112.773922869 0.366791634665 4
15 -86.0652156849 0.777588479099 7
4 -149.399536377 0.416149113416 5
9 -101.13040455 0.828061042392 7
10 -99.3880934183 0.0913355126844 5
12 -91.6585796548 0.214201482953 5
1 -9680.97387347 0.564770478183 3
6 -104.77654348 0.0541532529155 7
15 -87.0086360551 0.335572870236 3
16 -80.7312888453 0.751655289573 5
12 -93.624682727 0.585031989452 0
9 -96.8104755075 0.900740589713 0
2 -359.368870153 0.831416814152 1
3 -411.730727844 0.574884402469 1
10 -100.167689312 0.195775823579 1
11 -98.3826116116 0.593227473026 5
8 -101.247578285 0.131580190592 5
8 -102.155089376 0.835614410476 7
15 -87.2600687004 0.537867591352 7
15 -85.4836673556 0.345511199091 1
13 -91.1158796962 0.617885670584 2
16 -81.3902062863 0.615400374023 4
7 -101.386141426 0.83628330123 2
6 -101.969133724 0.0579675127303 5
0 -21894.3707749 0.691610076322 7
11 -98.4890080801 0.67399672799 2
15 -85.8479968982 0.649480560495 3
7 -103.224862932 0.181697704276 4
1 -789.39360296 0.803495259747 7
11 -97.5138277038 0.263658081366 2
13 -91.161759715 0.142036063944 4
9 -99.7072576729 0.925466061061 6
17 -78.8673406718 0.0539301031793 0
17 -82.0059615148 0.658108843133 3
16 -79.0236480941 0.374345178858 4
1 -9183.85052261 0.113705687697 3
6 -103.766588874 0.0597499425097 6
15 -84.7578505362 0.686446878715 3
16 -82.5042544501 0.429753855623 3
13 -93.2627545147 0.705312216722 5
7 -102.099570577 0.789624266714 1
6 -104.813355775 0.545212749016 2
3 -213.853488073 0.786586938029 3
9 -99.8103700597 0.284883274787 6
0 -1062.22605596 0.211445556382 6
14 -90.1059265601 0.470542126663 5
11 -94.3896655269 0.599756094833 5
11 -87.3317747134 0.106240432515 6
8 -102.205303317 0.0715436789152 7
11 -97.2261429414 0.348979847503 1
11 -97.7407763195 0.614512959501 6
2 -883.365547462 0.840174715288 4
13 -92.4770643894 0.17601708905 3
4 -135.389044626 0.204975331261 4
12 -94.3607712208 0.295030254386 2
9 -101.409137526 0.521906487517 7
8 -102.098865893 0.972475643162 0
15 -87.2168707539 0.33089775439 3
11 -98.4422768599 0.835919913061 3
10 -97.7051587509 0.103957211876 6
1 -339.189251547 0.0588691050587 6
18 -79.4173540478 0.456357675538 5
17 -78.6353760758 0.272298627904 3
7 -103.507628421 0.997582349096 7
16 -81.3490019102 0.114810626532 5
16 -84.1693909936 0.666732470977 0
4 -167.05912544 0.329907333898 4
3 -272.901462139 0.22307849156 1
10 -88.8358231224 0.0285816981066 0
15 -83.3751024959 0.672357504722 0
13 -87.7960199415 0.283695160573 5
1 -6158.38588569 0.310208037175 3
6 -103.157786455 0.7322025553 2
16 -82.1608517132 0.973213372086 1
7 -103.175727334 0.168289624955 3
17 -78.5544708474 0.566213255837 1
2 -669.639658851 0.347163472149 0
7 -102.259680554 0.914660429258 7
15 -87.3508694877 0.167389658671 5
6 -102.446670939 0.433035337836 3
13 -92.0064485145 0.561571707161 0
9 -100.57301709 0.376761548408 4
17 -79.4620970024 0.675421297627 5
19 -79.4435980937 0.87642288457 4
1 -3878.0053183 0.228781050542 7
11 -98.3146814192 0.774008229596 5
17 -82.558287729 0.875100768479 5
18 -81.0029809089 0.351850064635 7
2 -304.910226002 0.361218824583 2
7 -100.603553476 0.702431815186 6
6 -103.544252044 0.940139948773 7
13 -92.9346637458 0.348417746617 0
16 -84.608645249 0.299038343751 2
15 -84.6527329686 0.46916948339 2
4 -143.087941505 0.239643905715 7
18 -80.6411976147 0.870338574165 2
4 -130.679961349 0.174317946312 1
14 -89.415748365 0.90582181799 3
9 -99.0700161163 0.18741603449 3
16 -82.1496024933 0.614396319494 0
4 -150.263024333 0.555893676157 6
15 -87.4034376258 0.200715199929 0
4 -165.471757242 0.396345873812 6
11 -96.6766395131 0.686389030649 3
16 -83.9834889183 0.612334307063 6
17 -81.7876293557 0.284072521771 7
19 -74.7564347368 0.907957891705 0
18 -79.7578214416 0.274730368405 1
14 -88.2544356179 0.777019428894 5
15 -83.3933085026 0.530759045578 3
3 -216.706740527 0.0617120265854 2
6 -104.924209761 0.708545843733 1
18 -77.573065596 0.468563365751 0
11 -91.0329878664 0.214171563317 7
19 -79.2705829212 0.0669027668917 6
7 -103.101398518 0.106645194464 4
19 -78.9850499654 0.1284977514 6
18 -80.8932195657 0.153438706405 3
18 -77.3641693571 0.436151936919 5
13 -92.1737477579 0.0283071583159 3
5 -102.301327064 0.874838392804 2
6 -104.569089818 0.366785409273 0
6 -102.325086617 0.327487110686 4
10 -98.5119028467 0.465298790628 3
10 -96.1306170205 0.0138246691345 3
2 -1165.20122012 0.854994322959 5
3 -121.481012755 0.0947792954633 4
1 -3512.02341925 0.276141855168 4
16 -84.4935883959 0.366725712449 3
9 -101.30457444 0.19298922241 0
11 -97.9437888669 0.676611827886 1
5 -107.564102035 0.271456669636 1
1 -8334.66159502 0.192802468324 6
21 -76.5454211637 0.039204374499 3
14 -89.2721768788 0.770898284021 6
14 -89.1682700747 0.00896745292219 6
16 -81.5714994756 0.69368520541 5
21 -76.8374520735 0.688802175742 7
17 -81.136599541 0.525703195674 3
13 -88.7245236434 0.197323596682 7
19 -78.7055780322 0.030415846623 1
19 -77.2979996414 0.758030975972 2
18 -79.1061885602 0.609029102401 7
21 -75.6048171489 0.610183541355 0
20 -77.0935031511 0.00456544677921 6
19 -79.2414380493 0.179285892507 7
20 -77.2521666893 0.338808060655 0
21 -76.3730505491 0.106759706613 3
22 -75.1755409156 0.342856142373 3
14 -88.3217266709 0.587884178353 4
20 -77.2842381023 0.175870315798 7
19 -77.6843893367 0.00905478921381 2
22 -75.2791412292 0.390294920073 3
21 -76.0292823971 0.582156462426 2
13 -93.1050004464 0.953664718439 5
16 -80.6177914667 0.914812744907 1
19 -79.1009460726 0.423817333122 6
14 -85.3436315106 0.120662250606 7
8 -101.835431223 0.36108145206 0
10 -95.1438784396 0.308245816221 5
22 -75.1324729725 0.0885467458139 1
17 -82.6091897414 0.0260328368707 6
3 -113.083955155 0.292642941971 5
17 -78.4849983921 0.722642762887 6
17 -78.1461582309 0.0500472692866 1
19 -79.3582396934 0.378871875544 1
14 -83.0621340483 0.396364693739 1
22 -75.6576283751 0.35266214736 0
22 -75.7775719419 0.618024389778 0
12 -94.8777086704 0.0858319649903 3
16 -74.5754989044 0.102482397999 4
6 -103.394137371 0.51886375223 5
20 -76.9786023048 0.841722473553 4
21 -76.8860953288 0.315920515483 3
20 -77.4878562142 0.932287365325 3
6 -106.614715148 0.228753891407 6
17 -79.4313911082 0.234267810859 2
17 -79.0242924764 0.0835599980151 7
7 -103.024942682 0.612515063244 6
22 -75.908133082 0.223266183717 3
15 -84.1706274658 0.0409548643767 2
21 -76.5085190167 0.071093929881 0
10 -99.3126074162 0.502820073042 4
20 -77.5857324731 0.159475034363 7
14 -88.3395692508 0.0645409660475 5
9 -100.97921405 0.178433668578 1
4 -138.980725596 0.237246179175 1
5 -104.505991741 0.804925687188 5
2 -197.693191289 0.641521861214 6
9 -98.3597404264 0.331369246278 6
18 -80.6191105922 0.557187641311 1
14 -89.2959404763 0.169906137908 3
7 -99.4033333258 0.425270156926 5
17 -79.4509955529 0.199044782232 3
0 -3589.67681144 0.00816841213163 5
18 -80.1862486785 0.880793432633 0
21 -76.1605236794 0.981694687924 7
20 -77.4892342448 0.779268752544 7
22 -75.9608646193 0.0222780750104 0
6 -104.965325512 0.266360061943 4
23 -74.9815566663 0.268310824169 0
20 -77.1303762285 0.0850576152838 6
21 -76.844425649 0.607812225731 7
23 -75.0740335075 0.0278005498216 0
24 -73.6422068743 0.294981918433 3
24 -73.6919066219 0.433685201928 3
4 -135.490663843 0.815983027918 1
3 -322.170937558 0.00915969125811 2
1 -798.96424625 0.207222229121 1
22 -75.9307652902 0.332513198073 3
10 -96.8441057808 0.37592748563 4
23 -73.5311441661 0.790991668954 0
5 -114.665969974 0.535062985773 4
21 -74.5776629648 0.740891846931 0
24 -73.911527253 0.490406596626 0
11 -96.1546468266 0.387159443641 4
21 -76.4258321767 0.247329087951 0
18 -80.9758453441 0.306016038845 0
22 -75.9649195709 0.117252775022 6
16 -84.7016228722 0.202324767739 4
12 -94.4494624995 0.0418642081767 1
19 -77.9156330453 0.6852626903 6
20 -74.5041886341 0.365237652458 7
7 -102.178563109 0.574606086139 3
21 -76.2450789016 0.716879786819 5
0 -30390.1403292 0.486515159339 3
6 -104.021943552 0.108754514652 2
13 -88.7541103115 0.077001026978 3
10 -96.5448375627 0.0772527849722 3
24 -74.392287845 0.955158523717 5
9 -100.580680091 0.559655916116 2
3 -220.489937863 0.0149715584158 4
5 -113.987197181 0.284127839044 2
3 -295.32648941 0.0810785311266 1
25 -74.03176683 0.417946867073 6
20 -77.611980725 0.753535410793 2
23 -74.5282520146 0.90417215546 5
10 -98.4003123306 0.525891661458 4
15 -87.6087527454 0.948765037572 6
19 -77.9975548182 0.113206525097 6
25 -73.6489590841 0.861750617988 1
19 -77.7136394956 0.025226956414 5
17 -78.7585551765 0.285842588957 3
24 -74.0500354101 0.968807736624 6
15 -87.6094659986 0.297889357076 1
18 -79.0101631221 0.616998117226 0
3 -450.031399768 0.316046195756 5
20 -78.1026774776 0.660168046669 7
18 -78.903508867 0.593876525606 3
8 -99.3789008353 0.489352586744 4
20 -77.4202261415 0.751562218176 6
14 -89.7073988152 0.200715603608 4
5 -111.749841847 0.730079714851 6
11 -96.1158333318 0.0718214632545 5
14 -89.7489500919 0.125804337471 4
4 -172.126324757 0.132250019287 2
10 -99.8436689013 0.166888233654 4
2 -196.196085337 0.566747138161 5
12 -95.3041174529 0.739684692732 5
21 -76.7395768245 0.694726425676 0
16 -80.3863494567 0.0998374932106 3
9 -97.3839977283 0.597738193918 2
15 -79.2746015699 0.811906527972 4
13 -92.7687006673 0.425067624908 5
13 -90.4261986343 0.0776253364782 5
24 -74.5748816992 0.729956484214 7
23 -74.9198024796 0.254752847046 3
13 -90.4701868307 0.457254739621 6
24 -74.4076874283 0.917556466793 0
2 -917.284227384 0.326081911075 3
12 -92.8367015845 0.0323446106802 7
0 -661.97089064 0.411248954086 5
3 -354.286295359 0.21197854154 5
26 -73.3522405826 0.0854619831669 1
24 -74.2319892358 0.535609214002 1
16 -85.0480080275 0.115376150613 0
25 -73.8775422526 0.424773437482 1
2 -172.423358076 0.662102041924 6
24 -74.2063707687 0.431670695194 0
13 -90.9213638364 0.478884885129 4
0 -1438.46594041 0.404898892228 2
25 -74.0215889235 0.590873832111 7
4 -176.185224449 0.755960480395 4
24 -73.818681171 0.0403827085741 3
19 -78.5840714915 0.219113438388 2
8 -100.173183574 0.571557630646 3
4 -117.882597933 0.707807622614 3
23 -74.9872611605 0.815379537966 0
17 -81.7620927581 0.885150570821 2
25 -73.6686299605 0.499561615548 5
23 -74.6145729319 0.816030166117 0
7 -103.223410739 0.258512791952 3
6 -104.880966991 0.150624101823 6
4 -148.338939368 0.273730262552 4
1 -1184.29578716 0.897437749913 6
12 -95.5880590324 0.881523336899 6
25 -73.7507252677 0.714545323835 7
21 -76.4580697785 0.936997438794 0
23 -74.8407044591 0.149944546446 1
8 -100.590953222 0.765438453887 4
23 -74.7712419622 0.860057175366 0
3 -454.371477081 0.812893585072 4
24 -74.3801990042 0.199880778181 5
21 -76.5177954909 0.139282492423 7
27 -73.0370426254 0.912203559576 1
14 -85.4770156644 0.284148914471 6
17 -78.9969574103 0.232591175309 6
18 -79.8117363422 0.357668903906 0
14 -86.5412031007 0.313316418208 6
25 -73.7381897525 0.726927483549 1
27 -73.333035054 0.0882697483582 3
2 -125.503032371 0.271560201555 6
10 -99.5747097501 0.670578725725 4
19 -78.8610730558 0.165998717853 7
15 -87.0513239291 0.103717693091 4
14 -86.1566922303 0.124406378984 7
28 -73.0809492314 0.802137021146 2
22 -75.9161107885 0.386061816404 5
22 -75.8813829122 0.356311951652 3
28 -72.9526718252 0.519487837717 3
9 -92.6112327613 0.72260258789 6
23 -75.0250527715 0.416075461114 1
21 -76.3872665237 0.661347322612 0
23 -74.9950695348 0.503891429138 1
24 -74.3602466155 0.684767053533 7
22 -75.751822714 0.683216598125 7
23 -75.0340972092 0.39396921369 0
27 -73.3638789169 0.930182105666 3
6 -104.326119299 0.0831514621502 6
1 -426.112119219 0.77747685636 5
3 -144.091526954 0.649822475592 4
3 -124.943814843 0.147481832517 5
4 -140.405842178 0.892524462387 4
24 -74.066512592 0.494065072464 0
24 -74.5223279506 0.396711556522 1
26 -73.52306499 0.718049616286 1
3 -175.816670436 0.228121270737 4
25 -73.7842603647 0.980936872334 6
7 -101.630620599 0.352042675023 3
21 -76.4665305177 0.0630885591565 7
27 -73.2737639513 0.548148842598 7
27 -73.2152353455 0.301777962341 7
17 -82.0173721178 0.950111733351 4
18 -80.0109523217 0.394911268383 0
22 -75.4755897538 0.357453631503 0
18 -73.3190830568 0.316677673303 5
17 -80.2475127369 0.19557385926 6
24 -74.4223040405 0.607457528056 0
22 -74.5473684788 0.492335067446 2
19 -75.4441275583 0.954989315113 4
25 -74.0588925523 0.190974915534 4
25 -73.8405338434 0.305058732238 0
22 -74.318161898 0.00107131365873 6
27 -73.1668592735 0.364370964684 6
23 -75.1163332837 0.828571525841 5
27 -73.3644417661 0.112973999027 6
27 -73.270716035 0.559793638505 2
17 -82.2576688951 0.708822992014 0
23 -74.4737415304 0.980104045538 4
28 -72.7495908943 0.38358813606 1
22 -73.6735479747 0.191777680376 2
30 -72.6074073473 0.379658507922 5
25 -73.6856934282 0.716837279859 2
21 -76.2124247908 0.613002818713 6
28 -72.9569403816 0.582819210056 5
24 -73.1020351502 0.626630980721 5
30 -72.6162554328 0.964964162679 2
18 -80.7439185917 0.267582486122 4
22 -75.9208111903 0.228882104913 2
22 -75.8040332891 0.407849290645 7
30 -72.6838472727 0.341958177666 2
7 -103.351402924 0.680327329273 6
19 -76.1510889636 0.684461423987 7
6 -105.223453818 0.768811977347 0
22 -75.127768477 0.585315516401 7
24 -73.4585397918 0.505501218845 7
23 -74.5280045111 0.145387338733 2
25 -74.0402592278 0.472430271301 7
28 -72.8779323796 0.697118738686 4
28 -72.6598550625 0.870661295775 3
25 -73.9568071033 0.672293718031 0
20 -77.0218676732 0.99533215109 4
21 -76.0081781138 0.201994261874 6
30 -72.7100789688 0.663338915034 0
31 -72.5619467271 0.738705586883 5
28 -73.0192734826 0.453486078142 0
22 -74.2951367204 0.409922548738 6
17 -79.6540861373 0.855842547809 4
10 -99.6853016253 0.145414151562 4
27 -72.727833022 0.564165559264 5
16 -84.6270117934 0.243762242778 4
24 -73.3277837664 0.738578754111 0
29 -72.918840817 0.722124987683 2
31 -72.529901399 0.934478066811 7
24 -73.8163733318 0.713266077993 6
29 -72.7814581363 0.773590758784 2
28 -72.8559618086 0.541152385166 6
30 -72.7449507028 0.233698688017 7
27 -73.3271010556 0.818437794037 2
27 -73.2150799346 0.0277562259707 3
24 -74.0367526179 0.585828254045 0
26 -73.5216336263 0.882251173214 0
21 -76.1795006241 0.1000472258 0
24 -74.4359060923 0.0389628697803 3
15 -87.6447486221 0.0559140885504 5
4 -145.43702521 0.1579518973 4
27 -73.2278142384 0.340927305098 0
7 -103.380862349 0.735325620014 4
16 -80.8728650009 0.200622723251 3
14 -85.4709742225 0.850727340549 6
27 -73.3245875501 0.231103981024 1
29 -72.8782856609 0.899516854192 7
31 -72.4991105945 0.330294524727 7
12 -95.3111842084 0.226031412959 6
14 -89.9859499095 0.0709746087107 2
14 -87.5848246076 0.117331614995 3
27 -72.6215853959 0.787016740027 1
28 -73.0519359617 0.582490505029 1
31 -72.5654184725 0.0844325970768 7
23 -75.1275493834 0.325011568181 3
19 -78.8580465778 0.98534260163 3
27 -73.2114456546 0.771065863462 0
8 -101.882363768 0.419349484601 2
24 -74.4899421156 0.0526468823698 7
10 -99.5022275564 0.216504946584 4
30 -72.6139198932 0.756811616762 5
22 -74.7810190718 0.472105436928 0
5 -110.526277269 0.251864970972 4
0 -134667.030137 0.879408078104 2
22 -73.2426202378 0.760522385732 0
33 -72.3855515169 0.380120601637 7
28 -72.9071385754 0.684559104792 5
29 -72.7040435922 0.261427516758 1
5 -110.275322202 0.583421487526 2
5 -112.784239371 0.812661344729 4
1 -1413.0693126 0.0272896264621 2
29 -72.9118237909 0.501909732743 0
31 -72.5264607413 0.0147052080978 7
6 -106.74550596 0.706967805397 4
31 -72.5324517304 0.789326282169 7
4 -105.698515332 0.308023876236 3
28 -72.9860413425 0.478215295897 6
12 -95.6436772714 0.00428844847632 3
22 -75.3405851674 0.307002329736 4
26 -73.5541604489 0.872661444127 4
19 -78.9166095053 0.054420753236 0
28 -72.7883247871 0.661592203242 4
30 -72.4597796045 0.226363625961 7
25 -73.4088550365 0.671286451047 6
29 -72.8445901278 0.822832203686 7
25 -73.9355125943 0.146974159727 4
27 -72.6630483537 0.507725032147 7
13 -88.9302713437 0.981943024638 3
22 -75.0285895275 0.348833306927 4
10 -99.3738281785 0.481144638892 5
8 -102.289010743 0.546920018777 5
29 -72.6114216729 0.966095937067 1
20 -77.9606041218 0.958868216704 6
1 -3020.56651372 0.47931923735 3
26 -73.3589817911 0.572423303141 4
6 -104.747694404 0.973807443899 3
32 -72.2491259545 0.941638675408 7
21 -76.3470272314 0.364089375225 1
6 -105.503936474 0.234337490649 5
30 -72.727049172 0.638040286331 7
27 -73.1020213494 0.686116226351 2
18 -80.7852602884 0.772389124032 6
1 -183.873088897 0.201966748476 3
30 -72.7374655048 0.674618804091 4
31 -72.4360866891 0.00517363992053 4
26 -72.856440238 0.863775074492 7
31 -72.5879043811 0.413274340449 4
32 -72.3976779531 0.691062450386 4
19 -79.0182183531 0.924631870221 6
17 -81.0288156838 0.362981952578 6
18 -80.8133642557 0.074042422648 2
26 -73.5775662114 0.839083245975 1
16 -79.4455190596 0.803238792611 2
20 -77.6161768909 0.923472852838 0
2 -527.118425894 0.184814340285 3
19 -78.7701882194 0.5111983234 2
5 -119.346849284 0.103734784961 6
8 -102.239395926 0.457218699248 5
32 -72.4147373668 0.0297904787354 4
10 -98.2853349731 0.0830320351068 3
30 -72.4660030112 0.163477370281 4
24 -73.6277177607 0.408400295006 4
31 -72.5265687123 0.810322528205 0
25 -73.9499626199 0.0658790691871 2
31 -72.5111265874 0.387140865418 7
31 -72.5883185002 0.169928764756 1
24 -74.2477472393 0.65584611341 7
27 -73.2905134898 0.801842631293 6
33 -72.3950833039 0.0816293234005 4
25 -73.6153661644 0.167155674148 6
23 -74.42208861 0.58663040838 7
20 -76.7548763751 0.545704175459 1
31 -72.5872706731 0.791780304956 2
25 -73.7816805663 0.0363154778542 0
21 -76.0756753883 0.619600394629 5
18 -80.1400630401 0.738324404191 0
23 -74.9908711665 0.411930885125 7
19 -79.0743723096 0.58959844326 5
31 -72.5587520012 0.918249957872 4
3 -158.750836684 0.0956692903802 3
30 -72.5079565772 0.300468116719 6
25 -73.9564068324 0.186420870885 7
19 -77.3343377223 0.9715188209 2
26 -73.6436529219 0.122929462391 1
33 -72.4121190625 0.263157542452 4
20 -76.5103818846 0.259200291225 5
21 -75.9733366497 0.0514280467655 2
23 -74.9799357647 0.718945260596 7
17 -80.8746249786 0.459408208556 0
13 -91.6703751609 0.237164849188 6
26 -73.6187812221 0.185648058362 1
13 -92.8126574306 0.0461988871817 0
30 -72.4829909672 0.952132471065 7
26 -73.4540105547 0.845261776645 5
29 -72.7403803755 0.766544873918 1
11 -96.9451578721 0.484002215666 0
9 -100.92316096 0.677974199423 3
4 -123.660803913 0.544930387031 3
34 -72.2265346935 0.461288879665 4
2 -338.018308451 0.340893334001 3
26 -73.6153833466 0.80607070469 6
19 -78.8117429382 0.897352285729 4
28 -72.754377508 0.185267646093 7
22 -75.3918339391 0.162482910166 1
27 -73.2172120669 0.0227461558123 1
28 -72.8357779387 0.466801637976 7
14 -89.6181764301 0.994389274778 3
19 -79.4968347592 0.0968989797686 0
25 -73.6863874742 0.884392783348 6
23 -74.5006439832 0.809194649585 5
29 -72.7600513288 0.321871752374 5
19 -79.1703043484 0.408234595612 3
30 -72.7125118366 0.861201997182 0
27 -73.3204938846 0.595148623642 5
17 -81.3589152422 0.601312552088 5
28 -72.5927076907 0.635218761331 7
13 -90.8064282357 0.213080391584 5
25 -74.0057525877 0.783589279695 6
32 -72.4275949033 0.414936063378 1
13 -89.5687455917 0.961083979584 3
31 -72.5058653646 0.866758205842 7
21 -75.2936302868 0.6092576616 3
20 -77.0480204134 0.239045384001 3
23 -74.3046895752 0.491975187181 4
29 -72.706130339 0.167560497434 6
31 -72.5143855417 0.503530092746 1
20 -78.0826193527 0.560250574559 5
14 -87.5855794072 0.174533351887 5
27 -73.1408882311 0.791239933718 4
27 -72.6849922986 0.906872741757 3
26 -73.2096379489 0.992113327287 4
35 -72.2814574082 0.470183142715 3
22 -75.8907970892 0.739218547167 1
24 -73.8797310829 0.268150693335 2
33 -72.4002108915 0.222236471761 6
31 -72.5693945804 0.273728137027 5
32 -72.3440412488 0.535440551773 7
30 -72.6291514532 0.256547788924 6
29 -72.7862438448 0.251653638795 4
23 -74.8969288435 0.929479297508 2
29 -72.6649254371 0.0522843811034 1
35 -72.280082381 0.959233900974 7
34 -72.2870497078 0.0447819050939 6
32 -72.3980030899 0.764995944969 7
27 -73.3058193143 0.964041268036 0
35 -72.1975084106 0.799382576329 7
34 -72.2667010119 0.702386160522 3
32 -72.4543919111 0.315900480154 6
34 -72.3196031821 0.785933391951 6
35 -72.2800324076 0.664597979799 6
33 -72.3603214681 0.842600090786 3
27 -73.3522817451 0.176798065742 0
29 -72.8080751217 0.311568765703 0
36 -72.2534065353 0.598754859006 7
24 -74.5461661956 0.680599022815 4
16 -82.5498529219 0.2849293966 1
28 -72.718934989 0.528324905111 2
24 -73.3256800415 0.132532317291 1
36 -72.1767587489 0.589343303239 5
33 -72.2997043594 0.383014424986 7
29 -72.8863780636 0.223963506826 2
32 -72.4949969603 0.716588219975 5
21 -75.7529407654 0.670127101911 2
24 -74.483534315 0.206701732323 0
34 -72.3097488983 0.230505273695 3
25 -74.0517808739 0.443996067155 2
19 -75.7050717558 0.0329313981674 4
35 -72.2581281905 0.600861833129 3
17 -82.7581976494 0.0843746282871 4
36 -72.1650176471 0.923843802157 6
35 -72.2259483659 0.622175170269 5
14 -89.0951701389 0.740982594812 1
29 -72.8729721429 0.221806584536 6
37 -72.2176836043 0.99858152877 5
17 -81.9891104073 0.337425794606 4
36 -72.2234702845 0.293456326372 7
18 -80.8816358522 0.0841296674318 0
15 -87.4886126121 0.0737026676023 0
19 -79.2102356135 0.257692344357 0
20 -77.7324663143 0.99589776456 0
34 -72.2952315134 0.482076795123 5
37 -72.1981159877 0.680090659711 3
5 -117.901789124 0.254438285355 2
9 -101.179729281 0.628799006972 4
29 -72.7193757069 0.615956316681 3
10 -99.4063075811 0.99067523931 4
34 -72.283416658 0.965656261076 5
5 -101.775635063 0.333155626078 4
5 -110.528521383 0.0494829128019 4
38 -72.1745355522 0.867382720589 5
8 -101.997160251 0.76547771672 4
33 -72.3712875346 0.818520084445 7
1 -8865.59876395 0.497977597133 2
36 -72.2458104351 0.170766813901 6
21 -76.2563717888 0.925247160318 2
1 -1241.3786322 0.457781964039 4
30 -72.5218288574 0.0469796331491 6
11 -97.1755632933 0.0773539347936 0
20 -76.5653011973 0.607070260296 1
38 -72.189852735 0.864394633616 4
38 -72.1871078275 0.149847880594 4
14 -88.094343939 0.26638647201 2
19 -79.503250125 0.302250271143 0
35 -72.2351676181 0.468936300263 7
38 -72.1221958253 0.897739637257 6
39 -72.1591178153 0.252112320831 6
4 -150.62881187 0.867920572486 2
6 -102.183279226 0.390256427065 2
39 -72.1506298341 0.0135301773095 5
9 -100.95622186 0.350841180457 2
36 -72.2538620639 0.00136525912723 6
26 -73.6476708678 0.536267708965 7
27 -72.9314286876 0.189393835103 0
32 -72.4971944768 0.117860464546 7
0 -497696.630476 0.453533613508 1
34 -72.3041138903 0.475262766441 5
24 -73.6934311354 0.642674367028 2
36 -72.2551380038 0.777316414617 5
27 -73.2490136766 0.0780682285631 2
36 -72.2181485438 0.044851803631 6
34 -72.3117501395 0.964353535771 7
29 -72.7713752833 0.461850094124 7
37 -72.217363461 0.705394183475 1
27 -72.7558677614 0.523400345537 1
21 -74.8198068465 0.246981205059 4
38 -72.1817587595 0.714584752267 3
27 -73.1904519277 0.178482061632 0
35 -72.2681534709 0.715568574113 3
32 -72.4922857321 0.472285858855 3
29 -72.9118627596 0.332821292734 4
27 -72.9772433961 0.0599517869488 0
40 -72.1521752597 0.522569343848 3
23 -74.5843316358 0.61161785771 0
27 -72.9862019612 0.0718303440506 1
38 -72.1574102143 0.546003652623 5
27 -73.0647221984 0.0864011852102 6
20 -74.8023967375 0.117739559491 6
38 -72.1935006248 0.50553177446 4
22 -75.1133003115 0.196511746465 0
40 -72.1487062131 0.760409981831 1
25 -73.5580746285 0.447884606085 0
20 -76.1529549195 0.763705101673 6
21 -75.614151727 0.201260589935 6
36 -72.2313969807 0.431898267179 4
23 -74.0885226076 0.604318746549 0
18 -79.1014890085 0.808674415891 0
27 -73.3634068609 0.0123760627333 4
39 -72.1560379761 0.662985312616 5
23 -74.3532784183 0.82807716587 0
8 -101.805967707 0.163662298501 6
34 -72.3187127915 0.567528006341 7
11 -84.6622490849 0.961877365094 2
12 -94.172493016 0.256499303453 0
40 -72.1543410312 0.924957854414 5
37 -72.2189827794 0.262150723774 7
36 -72.1865574017 0.922107496099 7
37 -72.1875110722 0.283649109454 1
21 -76.7823405625 0.958861095498 0
36 -72.2332760484 0.622449652754 5
39 -72.1360371037 0.43826849913 5
27 -73.1871836742 0.804350168965 1
3 -109.285418113 0.925872551554 6
16 -84.5423256612 0.0806789405178 2
37 -72.2043702908 0.611973040514 7
7 -95.8325355814 0.788536872252 0
27 -73.340508968 0.483291969662 0
37 -72.1623172736 0.787149579574 1
33 -72.4089657745 0.898434789439 3
31 -72.6081999084 0.321806824379 3
36 -72.2366157545 0.770757552153 5
9 -100.509203806 0.792913430732 2
33 -72.3712618618 0.285742933973 3
18 -79.5499689507 0.32295296906 6
35 -72.2461718475 0.301938095685 7
35 -72.2383456291 0.834573188701 3
38 -72.1910442247 0.501314718601 7
10 -99.749633648 0.377375107734 6
34 -72.2786138043 0.550034933451 4
34 -72.2785256905 0.872158354504 5
31 -72.5318571344 0.444827616804 3
32 -72.437364193 0.742280312258 3
29 -72.8658340584 0.079010434364 7
28 -73.0494367868 0.999460648594 3
11 -96.0287611747 0.294000567035 6
28 -73.053988345 0.380340408311 0
19 -74.3675805125 0.733280188985 6
38 -72.184251322 0.0799572575399 1
40 -72.1403235317 0.482362007048 5
32 -72.4771142761 0.0698424905429 5
27 -73.3290918432 0.183955694031 0
37 -72.2192015683 0.69735010159 5
19 -78.4872294104 0.00162884604929 6
18 -79.0711237675 0.345712494263 0
37 -72.204097679 0.202148394833 7
39 -72.1676085831 0.991000497468 5
31 -72.5371797428 0.332548616979 0
17 -79.9330285794 0.426368694271 6
26 -73.4892702838 0.464655269354 7
25 -73.9692301581 0.839290470175 3
37 -72.2040979639 0.476960837998 5
32 -72.2959886885 0.293296834255 3
0 -12822.2409778 0.823091970437 2
39 -72.1680106353 0.807433663186 1
40 -72.1523754977 0.545994124088 5
11 -83.8592415808 0.0776019115067 6
28 -72.9467497153 0.683034074086 0
10 -100.056949158 0.30437112644 4
33 -72.3225923734 0.191438213071 6
6 -101.532064764 0.280733786876 4
37 -72.1994962418 0.70277531256 7
36 -72.2513525556 0.361213376493 1
42 -72.1311459107 0.543168653603 5
28 -72.7023650342 0.72857352632 3
42 -72.1312354625 0.274704351752 5
10 -94.8181131218 0.259456730915 4
41 -72.1383921354 0.999106302799 7
26 -72.9272317219 0.913502770909 0
23 -73.2956763286 0.817168152634 0
2 -1363.83523598 0.934890076903 4
14 -89.743972489 0.297126386698 4
35 -72.2910893712 0.605387545878 3
34 -72.3409844739 0.533726728517 3
21 -76.9205913974 0.990385848047 2
40 -72.1346803111 0.0555259002457 5
14 -89.1936467575 0.769235187869 2
27 -73.1427421861 0.415367627343 6
28 -72.9760709324 0.476478375698 3
34 -72.3404492772 0.393085891363 7
31 -72.5176394135 0.0980285356471 6
16 -85.0574434378 0.494527505009 4
32 -72.352750162 0.347359057396 1
29 -72.806043382 0.0447753996799 3
14 -82.6369735665 0.661921398155 4
26 -73.5090936091 0.264612741631 1
24 -74.1840735865 0.674164826262 0
31 -72.5273160724 0.967189815234 0
37 -72.2063759171 0.560413869415 5
10 -95.0754204418 0.0893988037161 4
37 -72.2159765223 0.775558384475 7
22 -75.9185259686 0.59223632948 0
13 -92.663855212 0.709371708541 4
0 -6074.86007042 0.243563224458 2
32 -72.489573376 0.93130313897 0
33 -72.3250369265 0.777671804314 6
19 -76.0903204126 0.266326247702 2
31 -72.6100043457 0.70832826284 7
24 -73.4106120169 0.953325482989 0
33 -72.400901445 0.168311773861 2
37 -72.1959517592 0.775322751207 3
30 -72.3317062996 0.85179921121 5
33 -72.3843191576 0.412628816185 2
35 -72.2816347915 0.683624369685 5
13 -92.9766026644 0.465270526043 4
35 -72.2770776361 0.284427546744 3
34 -72.3117884866 0.60394838418 2
27 -73.3470444253 0.972794277099 1
38 -72.1847575898 0.673543857792 6
37 -72.2161251181 0.858655247173 5
11 -95.4714803676 0.877211568032 7
36 -72.2210117142 0.20946319814 2
34 -72.2633238895 0.867564704019 6
41 -72.1272150241 0.389803654692 3
36 -72.2487292539 0.279393603117 5
10 -98.6932733279 0.409111173351 4
38 -72.1854066253 0.0502420142932 1
38 -72.1778611341 0.546946230491 1
0 -215619.29983 0.979031404128 4
34 -72.3431496164 0.539836894585 3
27 -73.2554330924 0.49610495179 6
29 -72.8993255292 0.490116967837 6
36 -72.1985346116 0.072433306605 0
38 -72.1846443625 0.285438693787 5
32 -72.4438411818 0.289929069973 0
42 -72.1299573036 0.132643242806 3
37 -72.2219024771 0.235090552377 3
28 -72.5534680091 0.88961123028 7
32 -72.4827369299 0.808859966275 2
10 -99.3396591205 0.970473845225 4
29 -72.8226332963 0.250044839741 2
31 -72.3522850406 0.101334291594 6
36 -72.243568336 0.55181113547 7
8 -99.6833675927 0.674726498438 4
4 -118.29185408 0.576428067896 4
35 -72.2949498928 0.157548275695 3
22 -75.8797645262 0.405874969242 7
29 -72.8159894714 0.930033935825 7
27 -73.097257899 0.383139175415 7
40 -72.1538213718 0.189193818298 5
42 -72.1311450864 0.62258099657 2
38 -72.1837695861 0.363883957327 6
41 -72.1144488858 0.692171386601 2
35 -72.2870788118 0.478623718267 6
2 -110.602623008 0.36704796403 4
25 -73.6743577448 0.746279601597 7
33 -72.3815457344 0.0557045576078 6
36 -72.2205923325 0.826836307254 1
36 -72.2041039073 0.350564395138 2
29 -72.8961033292 0.050279647141 7
41 -72.1385686403 0.2886223982 3
39 -72.1538500696 0.327384283261 0
44 -72.1188275255 0.098858210558 1
3 -158.72564755 0.426961863569 4
31 -72.503432575 0.313334355708 0
39 -72.1690420842 0.291689156513 7
36 -72.2424658351 0.0970761302973 3
34 -72.290149459 0.0137254246071 5
37 -72.2226389876 0.400777976091 5
40 -72.1445524666 0.136705960711 5
27 -73.2501389537 0.443769586836 4
44 -72.1148643053 0.140843531088 2
28 -72.8375725323 0.523131380054 3
44 -72.1100176503 0.0663026963201 2
33 -72.3462938523 0.568726075165 1
26 -73.5186828072 0.394575155092 3
42 -72.1299152647 0.652837332309 2
23 -74.0651707907 0.699611997775 4
41 -72.1276415514 0.272589652908 2
39 -72.1551531729 0.488390968038 6
29 -72.7621851269 0.677470524873 6
26 -73.2952609085 0.767466782801 3
29 -72.8850899725 0.177364430213 3
37 -72.2225398691 0.209586094188 5
32 -72.3910593048 0.520855779524 5
33 -72.263907278 0.0875965988758 6
40 -72.1438147891 0.253188889319 1
44 -72.117346018 0.486492384419 0
40 -72.1278520031 0.59254394008 0
42 -72.1315312963 0.712330999382 1
38 -72.1907231643 0.219878131197 2
44 -72.1131548389 0.707476591406 5
7 -102.480234382 0.743150022927 3
43 -72.1222692221 0.967021278335 7
44 -72.1182769461 0.0633338676865 0
44 -72.1169835261 0.699092976161 7
41 -72.1368941801 0.962838590619 0
44 -72.1147325703 0.246562221282 0
38 -72.1580562562 0.807794947315 7
45 -72.1138415182 0.284864806369 5
5 -106.012015764 0.328693686267 4
9 -96.3618164539 0.913040262063 4
44 -72.1140322644 0.792637104954 5
43 -72.1191015495 0.429504434644 1
15 -87.5588036577 0.179734305362 3
45 -72.1144209134 0.342545262555 7
44 -72.1153372859 0.986317283376 5
16 -84.7514781277 0.0899512757398 3
18 -81.0703524724 0.102366966657 4
14 -90.333122272 0.882434145761 4
44 -72.1110644054 0.721681843078 2
46 -72.1101927607 0.56998503403 7
40 -72.1492855784 0.478956280263 0
15 -87.1125111418 0.29467330538 4
39 -72.1367001029 0.53252745964 7
45 -72.110761572 0.559040520673 2
2 -217.562763478 0.890366413523 3
44 -72.1130885765 0.519967135771 2
42 -72.1099790738 0.308779156665 5
41 -72.1241167513 0.439852506844 5
38 -72.1882814574 0.168587041694 1
44 -72.1144380263 0.813795421909 2
40 -72.1425959949 0.483284016277 7
36 -72.1946329299 0.713787421101 7
40 -72.1500439505 0.74118427079 6
37 -72.1911034725 0.796946292417 1
16 -84.1672950756 0.353754838349 3
38 -72.1733283573 0.0488555086422 5
40 -72.1397641008 0.943629048074 7
41 -72.1394437349 0.97657681572 0
32 -72.4694857286 0.738539619434 6
44 -72.1178956202 0.204249156877 0
34 -72.2450924332 0.787265983104 5
36 -72.1482272651 0.818004876559 2
29 -72.8935978912 0.915973094816 6
37 -72.1949064131 0.796022502641 0
38 -72.1681562684 0.402827748713 0
17 -82.9245422913 0.124258268568 3
46 -72.1072806662 0.0750432460232 5
34 -72.2921922361 0.677160400724 0
38 -72.1871173229 0.694578197663 6
13 -92.9977089734 0.876149492812 3
39 -72.1443681722 0.396355529507 0
45 -72.1119877851 0.148531526641 6
42 -72.1300512757 0.229573217779 7
23 -74.2192194784 0.108200151598 4
31 -72.5651734069 0.756077291249 4
1 -244.486599646 0.559070576799 3
47 -72.1059837094 0.0555866106419 6
46 -72.1075707733 0.221558675056 7
21 -76.8772664033 0.555472657332 4
6 -106.613021409 0.331947898899 3
42 -72.132141482 0.909284452055 5
10 -98.5763587816 0.84883690255 3
15 -85.7019094869 0.9268183391 4
47 -72.1054213105 0.680827761934 7
18 -80.6215405089 0.512075593427 4
34 -72.3385145965 0.726546431642 1
48 -72.1040615215 0.234164535858 6
39 -72.1683045409 0.185536939943 1
39 -72.1682437136 0.325441063613 2
31 -72.5453048475 0.466859671586 2
31 -72.3289816934 0.757572508719 0
39 -72.1557644711 0.879694779172 2
42 -72.1215122263 0.248926916628 6
42 -72.1316152254 0.215553217556 1
11 -92.0020022757 0.965247232095 4
47 -72.1051165952 0.782398846567 2
48 -72.105429676 0.713594821115 7
47 -72.1042989821 0.505592439294 2
32 -72.4242154573 0.129645685591 1
7 -102.320045602 0.795493654285 4
41 -72.1134310904 0.614636036143 2
41 -72.1408700448 0.971540495922 6
40 -72.1421966258 0.548503691462 0
35 -72.2137398854 0.268776504822 1
38 -72.1880885487 0.172502434993 1
14 -89.0065924476 0.187774564916 5
27 -73.1213912549 0.53059989983 3
31 -72.5072591235 0.671109818612 3
43 -72.1249062949 0.78648560739 0
47 -72.107059722 0.572558170782 6
39 -72.1666384634 0.189257550281 0
16 -82.4072846828 0.425865061916 4
37 -72.2223498369 0.888389838231 7
41 -72.1343342487 0.00861257114764 1
39 -72.1621732248 0.44162214211 2
23 -74.7117240503 0.61779198183 0
46 -72.1103610315 0.692530736159 6
48 -72.1045341729 0.737786145472 6
42 -72.1186676781 0.539967465325 6
8 -102.110860973 0.528477117641 5
10 -99.0021022809 0.935353953356 5
31 -72.5652151893 0.17749612885 3
45 -72.104377394 0.0981729668981 7
22 -75.3567088511 0.89080084651 0
19 -76.1592416844 0.728499405507 3
27 -73.1891556659 0.115661829555 3
15 -87.2448050213 0.817833079662 3
49 -72.1027115628 0.666990731933 7
46 -72.104293789 0.102336705685 7
27 -73.3606086374 0.620848499094 0
20 -77.6795020162 0.00777274544171 4
26 -73.3587679684 0.0521926582048 3
46 -72.1061896085 0.787885736501 7
47 -72.1051521889 0.319170451468 6
49 -72.1017713982 0.77744985265 6
48 -72.1039775155 0.17417392822 6
41 -72.1423126718 0.81470476946 2
31 -72.6085206059 0.579817142634 0
33 -72.3843872807 0.742064787883 1
19 -78.8003050064 0.247061548741 3
30 -72.6137807608 0.680923784059 1
25 -73.5633343397 0.95951624086 0
36 -72.2264106301 0.981569042913 7
35 -72.2458480242 0.159430507417 7
30 -72.6878726394 0.698956797052 5
24 -74.4456848656 0.741970531863 4
30 -72.7487280041 0.214086834181 1
37 -72.1972952766 0.123561212818 7
44 -72.1178132721 0.929954913463 6
47 -72.10499286 0.283083919931 2
31 -72.5614336849 0.440509179982 1
36 -72.2417265396 0.170641426622 0
31 -72.600657059 0.379597080383 0
43 -72.122055534 0.0385058584488 7
16 -83.0835221694 0.357815630186 4
42 -72.1193831744 0.976927511501 2
2 -761.300831691 0.484567863597 3
31 -72.5272579405 0.991157307883 1
33 -72.3491215861 0.610891594035 0
45 -72.1046041161 0.266091050399 7
22 -75.7174567155 0.070919143298 4
41 -72.141460579 0.690710786484 0
30 -72.2797994628 0.792836204631 1
42 -72.1262256742 0.22548418873 7
24 -74.5080787694 0.72744521209 4
49 -72.1031044838 0.123029302566 6
36 -72.2293074403 0.261995924557 5
31 -72.5284919338 0.846151712904 1
40 -72.1544012786 0.859081926244 6
32 -72.4929898559 0.224570444634 5
3 -458.892328912 0.235259553715 3
2 -427.087241916 0.487153900066 3
30 -72.7176585737 0.829196165421 5
48 -72.1053953017 0.922954395185 7
42 -72.1314781625 0.0776667212805 2
48 -72.1048918108 0.491191224284 2
45 -72.1094736153 0.929163859183 6
18 -75.6212656304 0.239038015712 4
39 -72.1620757266 0.682677044495 5
6 -104.127959598 0.0933871956236 3
4 -111.135008881 0.469031174531 3
49 -72.1018710892 0.899437304115 7
49 -72.102742216 0.423829402492 2
48 -72.1041327718 0.417313194222 2
48 -72.1053715174 0.503461081532 7
12 -88.2964225314 0.11477209653 3
32 -72.4642474836 0.394915057464 5
49 -72.1032050127 0.769079166211 0
29 -72.4382724862 0.378697723038 5
1 -5027.05193133 0.18672731482 3
1 -6390.56978252 0.481998579095 3
42 -72.1300418058 0.877785566049 6
41 -72.1413692993 0.0678661916808 2
38 -72.132486385 0.848924753904 5
36 -72.2232775927 0.969493950676 6
47 -72.1028419826 0.340701128774 6
49 -72.1033044907 0.863656376096 0
47 -72.1071729286 0.103028788866 1
18 -80.0451751989 0.607466744626 4
46 -72.1050830578 0.263788078003 0
41 -72.1400090382 0.0909743419607 5
43 -72.1244247714 0.416942182952 7
51 -72.0989607742 0.724946100677 1
47 -72.1028215115 0.767602981731 1
45 -72.1063858267 0.625583052476 2
11 -96.6130624973 0.124958443408 4
36 -72.2528187708 0.0901583983683 7
41 -72.1386711955 0.0988900978801 2
43 -72.1111924959 0.995404208748 7
1 -9995.95741184 0.704609156765 4
50 -72.1013613918 0.198795533697 0
44 -72.1146848833 0.282086060672 2
50 -72.0999788672 0.598074085626 1
50 -72.0986163762 0.312816606586 1
50 -72.0998537342 0.811024871967 6
11 -92.7177824802 0.0591992771795 4
4 -168.728304558 0.505500689969 3
38 -72.1587876427 0.947724139275 2
45 -72.1130072939 0.937008633384 2
20 -77.7858071701 0.723919631573 4
48 -72.1025365407 0.116334888671 0
50 -72.1017250723 0.800379039559 0
45 -72.1125504102 0.685947342432 2
13 -92.7950425642 0.0882751228241 4
37 -72.1765216569 0.13797958787 7
40 -72.1341655858 0.924858889869 1
48 -72.1051012199 0.947737556668 6
49 -72.1024221072 0.374866119537 6
31 -72.5210472938 0.655970556303 3
29 -72.9046688749 0.659980320427 3
47 -72.1076250962 0.00809120630102 5
52 -72.0995393639 0.773227313968 5
45 -72.1059265521 0.488313139638 7
37 -72.1856762553 0.47235299389 1
32 -72.4859486371 0.759596869333 0
38 -72.1791930538 0.597061591264 0
2 -587.89466838 0.936800688749 4
4 -114.664977243 0.305531243973 4
42 -72.1320129038 0.87101701683 7
37 -72.2210886989 0.536677282784 7
39 -72.1651262375 0.941678516595 2
44 -72.113994681 0.355779104622 7
4 -129.125347365 0.970715094389 4
3 -361.803891347 0.0394927301065 4
28 -72.9670138306 0.170931455994 3
45 -72.1072111223 0.316715579032 6
40 -72.1465388426 0.0860333974114 1
35 -72.1753203793 0.339189832494 1
6 -101.816107316 0.804161266636 4
48 -72.1053830033 0.528692285653 6
45 -72.1103656257 0.515634450452 1
48 -72.099855518 0.897223237784 0
14 -87.4041348036 0.952426549993 3
12 -94.8754902659 0.43725215534 3
35 -72.2778577066 0.747871877422 7
39 -72.1341328032 0.69218160575 1
48 -72.1053167449 0.945974704108 5
52 -72.0981958748 0.848487390019 0
48 -72.105147188 0.278979841886 0
34 -72.2928671774 0.933119606417 6
32 -72.4733739008 0.482140160313 2
17 -81.2163319387 0.394940875083 4
47 -72.1077194227 0.29687233703 1
26 -73.5437731497 0.394616646733 4
27 -73.2583861195 0.697139192201 4
48 -72.1025738317 0.0229253404773 5
46 -72.1070834034 0.513651821783 0
21 -76.0352752724 0.715196031705 4
44 -72.1183987607 0.577135713474 7
45 -72.1127447667 0.528437411553 7
3 -412.267208805 0.264657408219 3
8 -101.837659457 0.592206154016 3
25 -73.7069955337 0.802186839367 2
24 -74.4438193949 0.0896357521152 4
48 -72.1029528162 0.662195481466 5
23 -74.1597411465 0.775874465566 4
51 -72.0999493981 0.521773652537 0
18 -80.4379272083 0.838180845543 3
24 -74.469622692 0.8007998225 3
32 -72.3573729572 0.703578537079 6
14 -86.5296951291 0.598371755826 3
20 -77.9852337104 0.747388816898 3
15 -83.7848920334 0.755729130634 3
33 -72.3393152386 0.761336278623 6
50 -72.1016655154 0.84729686928 5
46 -72.1108088036 0.468733789162 5
21 -76.1473183939 0.256693873885 6
49 -72.1010139417 0.717315540727 0
36 -72.1712512256 0.491839652137 1
27 -73.161712673 0.19191031302 6
33 -72.3006878833 0.362429088297 6
26 -73.4762248525 0.867619398456 6
43 -72.1224897221 0.84212709766 7
37 -72.1783171884 0.279043358121 6
47 -72.1072655755 0.59487195831 0
15 -87.3574031482 0.331567793527 3
19 -79.2315018033 0.310737434844 2
41 -72.1332888886 0.919991181187 7
5 -113.920842714 0.206067336574 3
18 -80.9670569466 0.926765926257 4
20 -76.9444895605 0.813016921208 2
48 -72.1036631637 0.594897115454 7
11 -95.01911541 0.330791460576 3
32 -72.3504802604 0.819456776898 0
4 -108.433906804 0.201829403226 2
41 -72.1416911869 0.71372682694 0
24 -73.2056842235 0.914224470728 4
15 -83.1629924286 0.636900730753 3
46 -72.1068572345 0.41911322997 5
25 -74.0403982077 0.872848903308 1
48 -72.1035810779 0.248345048665 7
30 -72.7364636356 0.505918312402 4
40 -72.1490488928 0.563183871632 6
47 -72.1057785439 0.572782349957 7
11 -98.3009960592 0.0577217451782 3
48 -72.1051941337 0.335918387999 5
3 -339.201308334 0.908095521726 3
14 -86.9216666046 0.0338804745052 2
45 -72.1106640625 0.241256079038 5
52 -72.0994336937 0.539115174628 0
48 -72.1053673127 0.29825491446 5
22 -75.7530150529 0.0438524873685 4
7 -103.353053379 0.448915652123 2
40 -72.1244082284 0.796855059656 7
50 -72.1015572145 0.63184442367 5
51 -72.1003720851 0.991261669712 5
46 -72.1106012716 0.75144786869 7
40 -72.1336033744 0.171233583337 0
39 -72.1371935129 0.512962906349 6
45 -72.1107287409 0.482681199322 7
44 -72.1193072341 0.150332557403 5
24 -74.5122086787 0.5385121223 4
38 -72.1686532259 0.0701947679655 0
34 -72.323228124 0.887580069025 6
46 -72.1106461318 0.44943233038 7
32 -72.4652105087 0.726410191643 2
34 -72.3299712457 0.0882008329358 2
45 -72.1102159052 0.0634531699182 7
38 -72.1889696549 0.325147317507 6
49 -72.103285395 0.180267355778 5
27 -72.9919384799 0.47627870362 4
41 -72.129772547 0.881868024822 5
38 -72.1795892948 0.675454510885 7
24 -74.3840522513 0.17713334656 2
12 -95.7453057894 0.864237143561 3
31 -72.5935472069 0.669440157581 7
50 -72.1006839796 0.721161535188 0
10 -98.6213283201 0.682381844468 3
37 -72.2118243626 0.794259669798 6
48 -72.1035075964 0.31966044967 0
