# level assignment, log likelihood, tiebreaker, ID.
0 -14535.5934006 0.506112243141 4
0 -19797568.0917 0.605500265836 7
0 -3563591.48071 0.785676134802 4
0 -9874493.5108 0.436226294793 3
0 -2368787.16275 0.666944104557 6
1 -103400.221554 0.374248246747 1
0 -730159.346271 0.853342246885 0
1 -21558.2650084 0.354529598529 0
0 -16384189.5776 0.72322186037 2
1 -72634.6693354 0.400304889958 0
0 -5161274.00828 0.159936308563 2
2 -2339.61680973 0.0699578187473 1
1 -117958.425718 0.741124094762 6
2 -1030.02133087 0.635850952848 5
0 -1204436.72844 0.646576511422 3
1 -23255.1656887 0.330479489724 7
2 -11706.1744892 0.607460584019 2
3 -2522.66720642 0.895120180238 4
2 -3942.82810795 0.859165164908 2
0 -8766.54236084 0.876430783694 2
0 -3417518.57306 0.883409336064 2
1 -5505.39162044 0.49743784153 7
4 -539.903413443 0.951296363359 4
4 -670.315990503 0.247979785122 7
2 -1150.85646223 0.911150575412 6
2 -10786.0038768 0.846317024011 4
2 -2960.14842141 0.534134314785 5
1 -156655.978885 0.075801801068 0
2 -570.945022795 0.189554873196 5
3 -482.709335662 0.381123367058 4
1 -26473.4551361 0.0543398197649 1
0 -3713376.81383 0.197162094857 1
4 -897.589434389 0.838199032241 6
2 -17854.8493932 0.0565540338759 4
5 -482.332876972 0.330903711137 5
5 -508.407491601 0.419112855927 7
4 -837.251548868 0.566529465318 1
5 -487.274653049 0.395392331075 6
4 -487.89635616 0.927939264963 1
3 -1255.35202229 0.859908225844 4
5 -535.422495432 0.578457450443 4
5 -510.159461695 0.333953938569 5
0 -572689.034821 0.582790215509 5
6 -502.323321422 0.0981216913119 0
4 -888.515823893 0.466000245703 7
4 -837.889137764 0.876562806943 3
6 -475.525523688 0.294685969603 3
0 -14805377.3792 0.160272723969 6
6 -495.678908912 0.878901918982 7
1 -14013.1467196 0.619734221547 1
4 -773.608129839 0.595323755608 3
4 -540.287560683 0.900586574564 5
0 -10091262.7419 0.232767413107 0
0 -18698939.3863 0.398467969665 2
0 -59520.6952083 0.49061257449 5
5 -566.701759719 0.181353009717 2
6 -497.836608477 0.388395452404 4
7 -474.727985559 0.293378829917 1
6 -494.840760222 0.679334624124 3
7 -480.889769792 0.52682187789 5
6 -468.884941304 0.313483060077 0
4 -846.63581412 0.867591063527 7
3 -2020.72744266 0.685247330843 6
4 -513.267463764 0.366349318556 0
0 -6349500.37705 0.444122233071 1
7 -481.4701098 0.0541865113097 1
3 -2749.66950956 0.321276838386 5
7 -466.421390786 0.647854205675 2
7 -478.990978049 0.642414881431 2
7 -483.37247124 0.15901310283 1
4 -911.431860774 0.519779728468 4
6 -476.350291549 0.00691787612455 0
1 -64990.0249939 0.47845331036 3
7 -477.790605393 0.0450463243722 7
2 -5360.4529501 0.534035251703 5
1 -39739.4824563 0.0574897582605 6
5 -493.482858748 0.778175890009 7
7 -472.942348895 0.893448315568 7
0 -24318.6892961 0.654725958702 3
7 -472.481079315 0.0442014350476 7
1 -2180.36653929 0.994843317781 2
4 -817.377087026 0.216788691768 7
8 -468.08106691 0.0354096430244 0
3 -630.948182628 0.34237986296 5
2 -7128.40498219 0.275246547382 5
8 -468.206623887 0.652491477761 2
9 -469.659257526 0.0842833559675 4
8 -473.06659823 0.468967320822 0
7 -475.766669917 0.344362469146 1
3 -1117.81371495 0.943245748058 2
4 -796.88055116 0.778509033901 3
5 -464.105247109 0.93983104441 3
6 -471.867223135 0.981496102094 1
1 -20956.1909467 0.166231448176 1
2 -4282.57942191 0.420860623142 6
8 -467.291102612 0.550187196867 3
8 -466.549606856 0.422869532285 0
7 -481.640419642 0.0992845330415 4
10 -455.128578229 0.629379857915 4
9 -459.177944485 0.483450333261 5
6 -475.565175302 0.385566588062 5
4 -521.536820278 0.548045577584 4
10 -454.999114261 0.538479226235 7
9 -461.18595389 0.525403541704 2
10 -464.053289112 0.867608867946 1
6 -503.044421633 0.649045047786 2
5 -493.651652527 0.350330275357 0
5 -490.252621064 0.817183917863 3
10 -457.36369081 0.126711183007 3
4 -912.8855841 0.050673901092 4
3 -1473.64088738 0.54956011808 3
9 -469.172234405 0.493867083736 7
7 -470.533484335 0.728178456067 7
6 -490.913381004 0.321093753066 4
8 -473.61791114 0.0578475742373 6
4 -580.564858234 0.161853299231 5
11 -460.883039294 0.510118179255 5
3 -1175.81116525 0.475996788712 5
9 -469.46396769 0.716563405499 5
9 -465.9932004 0.776155592144 4
9 -468.467677978 0.344094941404 2
11 -460.203432961 0.562386339167 0
3 -908.870757991 0.938194360359 1
9 -463.123637937 0.176659236311 6
9 -469.752659814 0.0944093580724 0
8 -475.134095861 0.156319172681 5
1 -10711.2000448 0.115806694432 6
7 -480.352644448 0.743140012845 1
5 -469.398320239 0.0961253193627 5
1 -69536.6529902 0.267497447479 2
9 -469.758478777 0.888402546176 3
12 -456.362875294 0.961907192185 5
2 -3386.44663467 0.402932278499 6
10 -449.712346082 0.120286771688 4
5 -533.586335499 0.796576587695 3
2 -6284.45074961 0.61289217982 5
10 -451.252827821 0.607342303715 7
4 -628.680183555 0.335151970998 0
5 -537.720162235 0.467303499886 2
11 -459.814894332 0.447507301399 1
2 -839.680675384 0.387527895595 5
11 -460.245660154 0.849523218269 0
9 -468.561288519 0.269908235453 7
7 -481.983595786 0.670114736376 6
3 -1029.07647022 0.790932257509 7
8 -474.588314367 0.364588103276 1
0 -223775.372393 0.788227079669 1
10 -462.906696464 0.00318010267962 5
11 -460.348934475 0.472692083933 0
9 -467.673557892 0.353468222587 5
11 -460.657564974 0.996063287086 0
0 -3656202.59063 0.20831828801 4
5 -527.613965447 0.831659206772 1
0 -5481.40154057 0.436584337832 2
8 -470.078017497 0.885724517548 6
11 -457.194077427 0.55411802278 3
8 -473.619217723 0.0676122709264 6
13 -447.25593297 0.159098374985 4
0 -306543.201563 0.321882082651 6
5 -512.763653181 0.55935500597 5
3 -2666.28836962 0.853829078541 0
4 -743.059696107 0.066691996409 6
2 -7083.00897974 0.719874266015 1
10 -461.898270895 0.975435393244 7
0 -1517.87026632 0.202701249524 7
9 -470.316008905 0.993991236059 6
6 -495.129790247 0.601280394105 0
11 -459.177184064 0.382702359418 7
4 -481.408270836 0.741035240357 6
12 -456.459272499 0.691674644726 4
9 -470.309850497 0.027093789626 2
13 -452.069056006 0.727763193733 5
8 -471.681875627 0.415049442245 5
8 -473.982514729 0.697987935541 2
6 -476.640320661 0.993231359619 3
5 -528.229681499 0.438734823146 2
8 -469.036364354 0.180896065302 1
6 -495.080368486 0.0885691068938 5
11 -457.175703492 0.0158242963317 7
11 -460.994585356 0.803589625889 0
13 -449.973724673 0.852615801043 0
8 -474.141056337 0.163232746827 7
9 -465.388497672 0.773587927053 7
5 -521.683324933 0.806352224475 0
13 -453.746218612 0.371030340504 7
9 -460.545774452 0.861815796086 6
9 -469.96650289 0.234444326427 5
14 -449.204819583 0.473686390807 3
12 -453.318823312 0.222186622687 6
6 -475.753614518 0.372999023173 6
11 -459.877551238 0.105991225384 1
7 -477.457475995 0.923368223983 7
13 -453.771094421 0.658685267506 3
3 -2368.8483705 0.268519781549 7
7 -481.536489119 0.835291406407 5
10 -454.424333158 0.0238877177467 0
10 -460.83069608 0.65982780735 2
6 -503.709448628 0.802705739784 5
10 -464.776707909 0.820793920489 1
4 -524.908227928 0.578572386589 2
4 -626.77796546 0.643350851047 6
14 -449.057593628 0.505344171347 3
10 -459.036697256 0.0290396193234 0
9 -469.340933328 0.604521747318 0
6 -496.505764083 0.793754506634 2
12 -452.093799075 0.0528207208611 1
7 -482.407668933 0.194527160569 1
6 -487.089299403 0.355425168648 6
6 -500.898735551 0.174248428731 1
11 -451.827269579 0.525731216913 4
4 -806.831566279 0.944773775804 5
1 -119616.339461 0.877922793514 0
15 -448.060289074 0.592737904611 4
11 -454.499402373 0.894439927841 6
4 -811.312427913 0.927081494651 4
12 -455.977320218 0.0700895115114 6
9 -468.164818828 0.0442942688631 7
11 -450.574361422 0.276615292577 5
11 -459.755062318 0.495914862447 5
8 -474.695586808 0.591288600789 6
15 -442.889138672 0.388089087911 4
12 -455.025008974 0.0653771150996 0
4 -620.749520988 0.252281065028 2
3 -2119.54839339 0.406793536477 6
5 -527.858861003 0.518150154788 2
14 -447.376988887 0.86345972665 2
16 -446.580268627 0.431258312368 5
0 -90602.746227 0.229969269708 1
10 -464.728770138 0.998053579529 3
0 -262491.365634 0.0215887998386 5
16 -446.955773947 0.975349691186 1
10 -457.616983186 0.163377407897 4
15 -448.77137581 0.465595955345 0
8 -465.146341756 0.504430948047 7
12 -454.300392547 0.0491792571828 3
16 -445.703279516 0.556260985586 3
11 -461.018124824 0.768754873554 5
8 -467.00177997 0.08876585914 3
3 -634.922463101 0.939087356984 1
8 -457.580376229 0.619669860512 0
16 -446.724314842 0.786992277023 7
6 -457.124646647 0.962307239501 0
12 -451.475335454 0.537404488561 1
3 -498.092990755 0.90028460223 2
8 -474.302156614 0.969498467215 7
12 -455.798541608 0.640814327193 2
15 -444.061781033 0.519120070819 3
6 -497.609265205 0.42781611592 1
17 -445.374001893 0.789815073913 2
17 -443.671973405 0.612702573962 6
0 -9436066.11165 0.101411243155 3
17 -438.737202938 0.346091593198 6
17 -444.066645513 0.48827910535 7
16 -446.775648061 0.118751123541 6
6 -496.336097128 0.895938050223 3
17 -440.773353862 0.36931990433 2
14 -446.533202108 0.501027968897 2
8 -474.87161689 0.584456863195 3
5 -477.377494207 0.792937012207 1
4 -550.903961097 0.498980521693 6
1 -11487.9424032 0.903307347491 7
17 -445.014994293 0.646813831228 2
16 -446.874282242 0.443877643835 1
8 -469.934572238 0.107487834146 7
9 -468.641142574 0.599462557543 1
2 -4233.24805299 0.346297244428 6
3 -2635.58901948 0.302561972467 7
5 -489.308590265 0.75523174992 2
2 -3538.20698484 0.963345097267 4
5 -467.510780545 0.692160485905 1
13 -448.991111084 0.0437394543395 3
10 -460.563949518 0.332894745431 4
0 -440135.496005 0.712410643646 5
16 -446.168037015 0.630555647833 4
4 -556.964020616 0.541498160438 1
17 -444.051778738 0.9646512812 5
10 -463.144578819 0.325114422047 2
9 -467.534081264 0.142651449211 2
3 -722.16234459 0.787249943083 2
18 -442.653301317 0.810409970862 7
4 -522.653309231 0.28422952052 3
10 -454.148062284 0.469635507839 7
9 -469.739604128 0.290406182068 3
11 -459.582579484 0.795372151516 0
13 -450.31274544 0.476901249311 0
11 -458.785430476 0.0924438684478 4
8 -471.70665942 0.640024899812 0
17 -437.722589884 0.842893997991 2
2 -11733.5115188 0.161118908276 1
12 -454.301295622 0.586347119791 7
6 -491.091272021 0.995552341022 5
15 -448.735946103 0.857369680431 4
11 -461.213972066 0.724269286384 0
18 -443.310396263 0.815279893979 6
17 -445.403888334 0.83461202601 5
19 -442.048839522 0.496351406654 6
17 -444.268553535 0.989376005474 5
19 -438.975472216 0.0165716156999 7
5 -537.608036493 0.640556069962 4
8 -474.245821245 0.738937079028 5
17 -443.035842006 0.161638947674 2
13 -453.680082617 0.406457868319 4
4 -505.502647763 0.010541734719 6
11 -455.951503143 0.853220412267 5
14 -446.235377737 0.75519628295 4
8 -475.002365896 0.480416776099 7
8 -468.240996885 0.0987701714561 7
17 -444.476927582 0.481322700173 0
14 -448.841184406 0.985902053165 2
7 -479.066842213 0.953425230846 5
17 -442.796928415 0.352232838849 5
5 -528.572593505 0.215231288847 4
0 -134077.299814 0.463295563876 6
5 -499.419553222 0.99391589825 2
18 -443.900983068 0.567708459985 5
16 -446.164733091 0.412323164734 7
18 -436.544467845 0.291918171547 5
19 -441.98230312 0.0445470173855 5
13 -453.690427689 0.960424580128 0
11 -460.228669241 0.447262190742 2
19 -438.044198223 0.00850870072341 5
20 -437.613692786 0.425392728891 1
8 -467.987352137 0.522826249522 2
13 -447.31263725 0.883336380408 6
19 -431.003179248 0.61115840865 3
16 -446.960509101 0.55039564189 4
1 -1125.07936433 0.0267202793958 4
19 -440.944032498 0.932579779895 5
14 -450.852430731 0.61429595438 2
20 -432.557285229 0.987429756054 5
9 -469.485297881 0.990903787474 0
15 -444.12836543 0.485213308902 3
19 -435.680247381 0.0247396207353 1
2 -529.175114925 0.274714314641 7
6 -503.654459434 0.734719492547 4
12 -456.662724599 0.969287367795 3
15 -447.260052402 0.134086556309 0
18 -443.767144145 0.405162734999 2
12 -451.793186197 0.225381296942 2
18 -439.362177944 0.37331412806 1
10 -462.87669588 0.942143178051 7
8 -466.876873624 0.905930030203 5
4 -550.044388214 0.00455993276569 2
14 -449.919766783 0.324246267622 4
14 -444.923777342 0.499605256221 4
13 -451.241468511 0.456320893626 3
19 -440.959488324 0.520708179128 3
14 -447.826887151 0.46525982789 6
8 -474.715744012 0.154512714 5
17 -444.493446764 0.854849134219 3
15 -448.11622466 0.197296923263 2
17 -444.94679821 0.949258838609 4
15 -446.188272311 0.074896561581 6
17 -445.414662614 0.656721000123 2
20 -438.139098308 0.419620349609 7
21 -395.718194374 0.50606278113 3
15 -448.759853587 0.748442513689 4
20 -437.155672675 0.397039719725 0
2 -512.443237184 0.462709026404 5
7 -474.69281343 0.379200640966 6
10 -461.191108422 0.693542710888 4
20 -430.875159268 0.359931466847 7
0 -90168.9897502 0.875533374264 2
1 -1337.78428522 0.694384499445 6
15 -446.928834643 0.726290417416 4
8 -471.24082777 0.761805056423 2
16 -445.826571349 0.747928486063 7
11 -457.85395668 0.496288508382 1
13 -450.64460061 0.00796880652677 7
8 -473.404637746 0.109274242552 1
12 -453.478577427 0.536786494376 5
17 -443.374890429 0.903834446096 0
14 -447.005160625 0.183549649368 6
1 -70216.0947954 0.232647039718 2
10 -463.352370422 0.788061600378 2
2 -6920.97889987 0.249863497153 2
10 -465.042045333 0.300684510833 1
13 -453.447229885 0.458505968184 1
17 -445.413380754 0.352891434004 3
7 -483.710452827 0.316431403327 0
21 -430.645718643 0.297485629503 4
15 -445.537272811 0.311391542706 3
10 -461.518904573 0.7166035803 1
14 -450.323934442 0.804870444181 2
5 -516.161431646 0.539869653546 4
1 -28221.69001 0.383508331203 7
13 -451.909680407 0.0222247673457 6
14 -449.927255779 0.88960846765 0
0 -2130.73073005 0.884874351817 2
11 -459.550792393 0.530609267652 2
15 -448.040437142 0.148381144577 6
9 -462.245440965 0.308537307861 2
12 -453.630656272 0.906383184845 2
15 -446.387063241 0.0942121758826 7
20 -433.182280493 0.183418296007 4
11 -459.621274571 0.393786708835 1
20 -438.198467383 0.0926844581103 6
1 -1200.44022306 0.483934536619 0
17 -444.276808945 0.11805236446 1
1 -41455.2933126 0.397783936377 1
21 -428.674792362 0.643914417752 6
17 -445.420837189 0.506219170175 0
12 -456.055495911 0.625711648536 0
18 -441.736266419 0.655754538397 5
20 -437.890645521 0.586852076594 5
22 -426.920127572 0.50924183354 6
20 -436.068895941 0.202308053968 7
17 -444.285864123 0.218660573625 2
18 -442.74063883 0.543732294277 0
20 -435.212486961 0.0932125695396 6
23 -421.835789732 0.511814209678 5
19 -438.603466086 0.417084796179 5
23 -421.753537151 0.837264846861 4
22 -426.921881782 0.6794513331 0
3 -555.373530457 0.277523929911 3
14 -441.246589882 0.218793061968 0
17 -445.087472758 0.864101284347 0
17 -444.541796581 0.564654147081 1
19 -441.898007024 0.997232331075 2
19 -436.74314286 0.442685538468 1
20 -426.682454251 0.715930337954 6
15 -441.518795669 0.610219912654 1
7 -469.465086365 0.181167629272 5
7 -482.81130631 0.159104645125 0
23 -418.543385673 0.424991555315 3
14 -445.054622293 0.0898039756911 0
20 -438.106654246 0.0785246534716 2
20 -431.960608101 0.519764700929 2
21 -433.461155998 0.382458558601 6
17 -444.93437279 0.291589980183 2
18 -433.276458903 0.560943661636 6
23 -410.288008455 0.981172393436 3
13 -449.537464506 0.0287429926715 1
22 -423.762986906 0.306219773597 5
15 -445.660032715 0.885378489199 2
22 -416.782520239 0.764682236114 3
5 -501.787084948 0.281662322369 1
0 -49087.6863308 0.850521019546 4
6 -503.613786282 0.0315322877025 1
17 -443.204953781 0.580731109662 3
14 -450.938968712 0.106929662049 1
16 -442.651392814 0.914345216327 1
22 -424.860330908 0.0427017751939 6
10 -463.623789225 0.337111108903 1
13 -453.118976046 0.187792787156 2
19 -439.003286716 0.875919913829 5
9 -461.812499633 0.864728369154 5
14 -449.786789955 0.89825318016 1
9 -469.427928583 0.473752563549 3
16 -445.983180205 0.486567614539 2
23 -408.551289972 0.0482096920347 7
21 -432.94801288 0.334044221481 6
14 -449.976498842 0.895310285993 0
11 -460.586284523 0.366038721132 2
11 -460.191686891 0.288443487753 2
19 -439.474702941 0.786789671185 0
10 -463.214271219 0.135072890184 2
15 -446.972554131 0.857349972 4
6 -493.393473611 0.367237230872 2
14 -449.656221006 0.92627719545 3
17 -445.11519591 0.196310123385 4
1 -123638.847841 0.814466033802 0
10 -465.036710911 0.169852704068 1
16 -445.483801932 0.577406539987 4
14 -447.179689876 0.484000601954 7
5 -477.290854224 0.999124513593 0
8 -473.385152777 0.162598034812 0
21 -433.238533946 0.848560820628 6
15 -446.683497028 0.170759158873 1
21 -428.204879401 0.701653127871 6
17 -445.371935665 0.171078137409 7
9 -466.028527372 0.397023369989 5
25 -401.518758361 0.420292515074 4
24 -409.790660717 0.671651819009 6
18 -442.307290921 0.409761146134 2
9 -459.942819123 0.119144927471 0
11 -458.805006422 0.0935397022329 3
24 -406.094660168 0.108746600435 6
24 -404.901618225 0.86784789956 4
1 -91230.5723207 0.712787920653 1
18 -442.467302421 0.30284116404 1
19 -437.983022973 0.509116441483 0
16 -446.536987756 0.177882465818 2
21 -432.074818416 0.435822091018 6
24 -409.139926281 0.667243581724 1
25 -405.941593306 0.764396181155 4
1 -29378.7425734 0.191718156275 2
22 -417.78892151 0.358978378601 4
25 -389.355111924 0.929877916455 6
10 -465.745046803 0.526709014087 5
24 -406.909675585 0.047849498018 6
24 -416.333469689 0.871327466373 6
18 -443.936312725 0.445685871695 0
1 -68010.0417085 0.287821222618 3
11 -449.02310036 0.217470538325 0
10 -461.712882299 0.693484483395 5
7 -482.445722246 0.282343322511 2
26 -398.389388158 0.947865499605 6
12 -455.032492777 0.888553378849 2
21 -433.302921857 0.141108160312 7
14 -450.851305162 0.0236944239886 4
18 -443.89599577 0.4632330251 1
18 -443.813350713 0.000660937207129 0
12 -456.921655298 0.6391901585 0
15 -447.373253342 0.978812365234 1
26 -402.242239719 0.939800244274 7
22 -425.916097879 0.0010359566476 5
6 -481.973256086 0.658968571314 1
4 -493.627469381 0.344244950394 3
22 -427.542714436 0.0774045655612 5
21 -432.985083341 0.71232068321 6
18 -440.270593041 0.548382121735 0
22 -424.3905948 0.873544697862 5
15 -440.27100897 0.934590864899 5
18 -443.699640267 0.0871004067753 3
23 -417.22221701 0.848664945652 0
7 -483.58203147 0.682163429585 2
4 -496.592247413 0.990988206887 1
10 -455.982137425 0.907668423805 3
16 -446.80087419 0.436159958128 4
3 -578.200937176 0.110516210095 1
24 -407.971620641 0.979193366777 7
9 -464.67656783 0.315762622987 3
23 -419.401533283 0.42590085538 5
14 -449.266108556 0.866778977791 3
17 -432.682853161 0.206949073053 6
9 -455.265459297 0.630077853488 2
11 -458.084043322 0.606831847882 4
19 -442.033797021 0.92588241692 2
17 -445.202384026 0.761762401358 3
2 -2653.82562292 0.346926745574 4
18 -439.821872043 0.571067496953 3
12 -455.799467094 0.181470763334 6
26 -399.526568323 0.869266448865 7
10 -464.805003268 0.641854891351 1
21 -430.005791893 0.107457575107 7
4 -611.03170892 0.85859136514 3
11 -458.816368648 0.92196646381 1
18 -443.498537381 0.780610266198 2
11 -459.708926731 0.848040689707 1
9 -470.333197197 0.855542480571 2
14 -447.297610147 0.925837177014 6
13 -448.221322812 0.44164834082 3
22 -424.881735873 0.654457508082 0
13 -452.357058177 0.784554157462 2
25 -405.954778878 0.0331485316752 0
13 -449.458480695 0.67807315047 5
15 -446.739494709 0.723493329718 5
18 -443.853015579 0.487380677209 2
26 -404.039630554 0.483701174332 7
18 -443.530555968 0.196944243063 2
23 -421.228281121 0.393672916332 4
20 -431.454710006 0.379004480389 7
4 -548.301820871 0.789991991548 1
14 -445.938889887 0.170029217201 5
24 -409.156670571 0.935814124485 4
9 -463.013625164 0.51365810777 1
21 -433.196450527 0.933600119586 6
25 -406.011656302 0.0341454921425 4
2 -13404.7874177 0.0854166268091 1
25 -407.515488364 0.402524380192 7
27 -391.593206243 0.636968329261 3
5 -551.52570803 0.280129206156 5
2 -476.061711673 0.515339884835 1
20 -426.644073894 0.802019326082 7
17 -444.748266503 0.483362082269 5
23 -416.324847734 0.27436220388 6
8 -466.993170389 0.305616828579 2
26 -391.144940914 0.533900975457 0
10 -461.129288666 0.737356082575 2
20 -427.784665111 0.964721903515 3
26 -399.166501 0.36829503955 0
23 -419.100673455 0.903918419433 3
19 -438.287913826 0.965051220999 2
13 -450.049947567 0.607880674344 5
19 -442.106085614 0.110515834346 5
20 -433.318599367 0.359797309038 6
19 -438.878609057 0.660540933715 5
18 -441.401689457 0.0503795400281 5
14 -450.48309189 0.640282349815 1
13 -444.316459208 0.601135108494 1
25 -409.612142552 0.696776648978 3
19 -438.525817154 0.74015161893 2
15 -448.088720075 0.197439778657 2
18 -443.77089924 0.0515678036221 6
3 -753.820851794 0.612397831204 6
15 -448.509048599 0.245356953152 6
19 -440.685805365 0.0918368067178 7
3 -1559.40602347 0.8831364325 4
21 -428.461472684 0.654232176501 5
2 -7547.19229301 0.545337673716 6
28 -386.773930133 0.44394103433 5
28 -382.48405075 0.552125824233 5
12 -451.889761156 0.852598351538 4
12 -456.343987929 0.259028880464 4
27 -396.364412606 0.98705664393 5
14 -449.591851842 0.134748119797 4
18 -443.609744978 0.36451194213 0
0 -16032862.6386 0.440547530583 6
13 -447.95542513 0.258358269808 2
14 -450.709315956 0.44830017401 4
28 -389.327645038 0.783427146278 3
19 -431.117497029 0.583001500762 7
22 -423.671936884 0.250515115327 3
9 -467.446084307 0.142146186208 4
24 -414.90829819 0.533777511907 5
11 -459.188293165 0.752058108502 4
11 -461.205080001 0.195139792098 4
23 -422.013262663 0.916273767516 0
11 -460.279722658 0.197685890545 3
28 -386.551564363 0.522649776839 5
10 -454.40282837 0.394200218125 4
14 -448.804263549 0.545822349141 6
15 -448.532865581 0.0640714630807 3
6 -488.355071118 0.804890475422 3
27 -398.0954038 0.742027572249 7
12 -456.308596663 0.265791812828 0
21 -432.952187005 0.660965092706 1
10 -464.955143522 0.763638110914 3
13 -453.410355475 0.82068001662 0
0 -8525.41901533 0.536762511939 0
17 -443.912247233 0.0398097780031 7
0 -3523.03513856 0.424169819617 7
17 -445.40113748 0.0235151792892 4
6 -503.73263794 0.190407443944 6
9 -467.962254069 0.386614534227 0
11 -456.314206988 0.565797187497 6
17 -442.50228238 0.815470447614 5
15 -446.53160532 0.0643682952885 5
14 -448.85674205 0.14603430135 6
9 -459.975144401 0.554621539584 3
28 -389.512702472 0.695289582893 1
15 -448.09523175 0.815932335092 3
8 -474.731131385 0.972355323105 2
23 -421.620407673 0.523288608259 0
29 -373.717042119 0.487862197049 1
12 -455.937667981 0.50056798074 4
29 -385.307089683 0.214847539874 1
28 -390.449108641 0.691814679851 1
2 -11438.7699821 0.567048551169 0
11 -461.267795896 0.00806041460783 6
13 -451.528099979 0.873966559468 4
27 -397.935370918 0.166283366317 1
23 -420.25653751 0.55631972369 3
25 -396.79412763 0.0320959454436 1
6 -488.897337569 0.789578480951 6
0 -2268821.49315 0.139503186003 4
0 -11143144.4347 0.507656371713 6
16 -445.764900393 0.158801184837 7
12 -456.991641482 0.689292720561 6
14 -447.678746026 0.714077116685 0
8 -469.316101163 0.078681484303 4
25 -409.529424195 0.963282846569 5
21 -428.354853096 0.701692380609 2
11 -459.764195774 0.214097844119 4
15 -446.290345585 0.683588477019 3
16 -446.445416267 0.190674576964 3
22 -425.40154397 0.509906003263 1
20 -435.304791282 0.0360832989044 5
25 -407.991379723 0.160331854746 2
12 -452.071466033 0.799760498256 3
29 -383.219277996 0.895068074499 5
12 -452.283502262 0.463205581966 3
8 -474.738973336 0.600150722367 3
4 -800.981616042 0.54101595589 0
2 -3493.25838547 0.81482071436 3
28 -389.405580637 0.0520224278594 1
19 -437.507573626 0.570362376282 1
16 -441.423177859 0.436840465916 0
21 -429.092188003 0.164707107128 3
26 -394.688075333 0.818188735121 2
15 -448.34521129 0.409770634776 7
20 -426.677781616 0.572287618445 2
9 -470.2517674 0.349201168621 0
25 -409.786855652 0.977914410798 1
22 -421.68453132 0.748022116664 5
10 -461.884912747 0.767196829036 7
15 -447.260325064 0.601081399859 7
22 -425.995256825 0.463317703842 1
29 -373.076765036 0.180240006973 3
1 -146203.039211 0.625919794926 4
28 -382.447576409 0.583067094434 2
27 -395.97637514 0.983089984476 5
25 -403.395910798 0.363430147655 5
19 -441.636927031 0.852036869671 6
1 -94470.8691612 0.574595317827 7
12 -455.134817563 0.133227476069 0
4 -651.168650511 0.152051955656 7
27 -390.112345999 0.869268980706 2
7 -483.068014795 0.858414033011 6
0 -94169.162804 0.628007835369 4
11 -459.996097114 0.913142204427 6
29 -384.139430523 0.580185487654 0
20 -429.543097207 0.345589451784 2
23 -411.548759707 0.952816155283 3
19 -442.159614375 0.00946270646216 4
21 -418.469440164 0.554071049482 2
18 -443.832234712 0.641515967045 4
13 -448.908520922 0.750182416826 2
28 -390.844375048 0.221077357826 1
28 -384.696896525 0.116952815038 1
26 -399.01612332 0.657069177898 0
28 -390.200713775 0.8294565731 3
12 -456.737815918 0.330111848057 6
31 -372.906219353 0.27803095405 1
10 -464.824439773 0.456846303228 6
27 -395.090203777 0.0287128007629 1
10 -464.892494776 0.356824977951 6
13 -451.796499113 0.582211646175 2
21 -433.405731944 0.935591919952 3
13 -449.707617204 0.295317627083 2
22 -422.342969487 0.486790219825 6
9 -465.345828776 0.693750091119 3
22 -425.352387392 0.867876493901 0
29 -382.16474977 0.564096721286 0
26 -400.631300657 0.748336485714 6
3 -2706.47455392 0.772853855881 3
7 -475.905397587 0.598751569763 2
5 -570.556310905 0.640748574703 2
4 -628.765831434 0.437883987586 7
19 -440.345655017 0.0629676720582 3
18 -443.869262429 0.107560253458 2
10 -464.855783155 0.0638777387424 6
10 -465.923522324 0.947516675174 4
31 -370.027833227 0.669123228569 1
15 -448.598620019 0.866473452445 7
32 -363.932884268 0.893334171137 5
32 -366.303438636 0.336148093359 5
27 -393.618868697 0.774287886249 0
2 -11118.5552832 0.325697446811 7
4 -925.45856924 0.43045308273 7
5 -561.406914786 0.652749428033 3
21 -432.766923914 0.864322569885 5
6 -495.471806954 0.194885493499 2
13 -450.872889347 0.68812699079 3
8 -472.993139037 0.534440660773 3
20 -434.019005561 0.133288036006 0
27 -395.436268089 0.842967587131 1
16 -446.419796685 0.787714696095 2
32 -353.174303275 0.237204622128 0
17 -445.098405378 0.737396866505 5
17 -445.104008972 0.574053406714 7
29 -369.193562546 0.115551600713 0
10 -465.082567628 0.152015228721 3
8 -468.198115005 0.192222562169 7
6 -479.676382588 0.46089395249 5
30 -378.59694106 0.821861183325 0
12 -451.76257114 0.271197015759 2
14 -449.821947266 0.725454841843 5
23 -421.70444755 0.964744076168 2
14 -448.538044426 0.687091590384 7
22 -422.961823024 0.181305465571 2
27 -393.815701573 0.830449126195 0
6 -477.51955954 0.662796080863 5
3 -588.386288228 0.655211710682 7
9 -467.114390812 0.306337508717 6
28 -369.28349334 0.211971584389 2
20 -438.44074751 0.0806105145109 3
17 -444.586481011 0.533288966946 7
10 -460.170320933 0.453939541035 5
17 -445.039719089 0.0747106698682 6
15 -448.618400956 0.537741115177 5
29 -374.689731433 0.680620471215 0
17 -445.079395502 0.434580229727 6
2 -679.803991407 0.0429537884074 3
31 -372.787486407 0.561809318901 7
28 -382.566311423 0.968777959665 1
5 -486.599661284 0.135164620704 5
5 -544.78291593 0.873543805846 3
30 -371.799495049 0.346085844906 2
22 -418.129180459 0.801612028248 6
7 -477.469620632 0.903575099259 3
29 -386.128548883 0.507686056876 0
18 -440.534764716 0.231530276674 0
18 -436.898712592 0.518166997457 6
11 -460.129722595 0.643085378296 3
29 -370.375839932 0.909105253068 7
28 -388.269968219 0.96899765126 2
17 -444.996358025 0.3048092992 0
29 -382.9239146 0.710207684201 7
6 -494.947419981 0.161761223555 1
18 -443.868578484 0.673418174313 0
16 -447.008375895 0.0936947997132 0
23 -421.832980645 0.235680803198 2
24 -412.007199127 0.892308375041 6
6 -502.803092048 0.720410347924 0
11 -460.887859028 0.673141723643 6
32 -368.484896149 0.995714038936 7
19 -435.120550833 0.538787607877 2
25 -401.951818112 0.117563227361 2
30 -378.773293746 0.846672368816 5
28 -387.36216527 0.357878027116 7
4 -669.021033805 0.946631514723 6
13 -449.360489692 0.694962858787 0
26 -399.065392957 0.367023629042 2
0 -1863899.11157 0.152146113177 1
10 -463.731298716 0.89557671691 6
8 -472.267878533 0.529262157768 1
24 -408.847691822 0.127233094344 2
25 -404.520911517 0.205924291208 4
24 -410.272401909 0.357193616101 4
33 -351.630413739 0.0625519611336 5
31 -366.578616092 0.0926036287966 7
11 -453.509796854 0.711719966748 4
30 -371.379504843 0.0227830888234 5
6 -486.123013055 0.899105473171 1
10 -462.826669899 0.401763165602 1
26 -393.862810772 0.21450708838 2
21 -427.304223871 0.188145526551 6
33 -362.915967931 0.327570900165 7
14 -450.813964348 0.174889348741 3
30 -375.204322179 0.199202065608 2
28 -386.642479541 0.801276718696 5
2 -709.983960979 0.60440627209 0
22 -418.045675324 0.514630742521 5
28 -382.330067349 0.726110267733 2
25 -405.5622893 0.641195674239 7
20 -427.494814337 0.0254236998199 5
30 -379.575461039 0.533676345068 2
23 -420.199155771 0.714221822467 7
14 -450.850323638 0.961045351296 1
13 -449.676898474 0.104221831874 3
13 -449.581376193 0.186389470225 0
31 -373.325809355 0.20031757401 5
6 -497.323737026 0.247924469559 4
12 -454.567967192 0.372251763419 0
14 -450.369172116 0.936308962066 0
32 -367.39652076 0.500033796605 2
15 -448.779658278 0.499529147833 1
7 -478.840430003 0.282963011307 1
18 -429.743806167 0.360176379687 2
9 -469.204920947 0.317245645171 0
6 -492.712092997 0.802679971928 0
9 -470.116556796 0.461822507185 7
32 -364.089304796 0.0318757288046 6
2 -711.576386148 0.422580656113 1
25 -400.470678809 0.329137543323 6
7 -468.067158016 0.854574367412 1
9 -456.287893074 0.97220171668 1
24 -415.753580213 0.848235646859 1
17 -444.267460279 0.0771101266475 3
28 -389.246523537 0.855347817534 5
22 -425.819779444 0.206465380361 1
22 -426.47636118 0.116423601992 1
25 -408.207696974 0.219371867918 6
26 -403.63628908 0.470685582155 1
11 -455.638564235 0.0249611659611 2
9 -465.184022257 0.510053022058 0
18 -439.738228821 0.345320798903 7
18 -443.778967311 0.320083727022 3
30 -370.172641865 0.86426550975 6
16 -446.43388099 0.884873985546 0
19 -435.55325692 0.505714929011 3
21 -433.283012554 0.668178037187 7
7 -481.797499962 0.549519128316 3
22 -424.441642507 0.387435855325 4
33 -356.780059107 0.838011236715 1
29 -385.069169293 0.082297468222 5
24 -412.838986979 0.0122921548439 4
33 -362.907561819 0.0619856885741 5
20 -423.531288337 0.611454802892 0
30 -374.52643687 0.706452127378 1
34 -349.843790737 0.078775762926 5
29 -381.428704574 0.443108800786 5
29 -369.478455262 0.743751006307 7
30 -374.87326218 0.514830070197 5
24 -413.855136076 0.567290254705 3
29 -385.800187448 0.0329241554974 6
20 -433.510868882 0.0739833202318 7
25 -404.598766356 0.791032414993 7
27 -394.276357084 0.462722677019 7
24 -409.950102309 0.896937441443 3
23 -405.574728019 0.449761169138 7
33 -351.749789389 0.585048950593 5
33 -353.777962734 0.997956689835 6
28 -370.262651062 0.110858553986 3
33 -358.354915179 0.86779985261 3
35 -341.813348966 0.128289901469 5
33 -361.45696893 0.649037060903 4
31 -374.189155336 0.348278365433 7
31 -367.754864922 0.312016660546 6
34 -352.825032295 0.571109413429 1
33 -362.439570895 0.687374755936 1
20 -436.159824571 0.861206318561 4
31 -369.02466485 0.420544987244 1
25 -407.625383789 0.554225643659 3
33 -340.365539927 0.731085581811 5
33 -361.657041658 0.076305609642 1
33 -358.090951004 0.976471607415 3
35 -332.94558915 0.26931331595 7
34 -349.659024846 0.734876579812 5
27 -378.879718755 0.410707922368 5
27 -397.890562442 0.851683687153 2
29 -384.687291291 0.940825635776 1
36 -344.834018909 0.120931541954 3
35 -351.327244877 0.730990792188 1
29 -376.664255132 0.389496624811 1
28 -386.2581883 0.960469959886 5
27 -394.905057351 0.654663553867 1
36 -340.491169967 0.70786637299 7
30 -379.18863653 0.168099475371 6
32 -361.439596136 0.683526637155 6
27 -397.624166255 0.710061793451 3
36 -347.221445702 0.824032753206 1
29 -385.568812581 0.0840944141266 2
36 -347.126059503 0.519274469521 7
34 -354.640446968 0.0379293991085 0
23 -421.670988152 0.214578671653 3
24 -416.362254122 0.74807042885 6
25 -394.517589079 0.123970480644 6
34 -355.261466436 0.861347710336 7
33 -359.189980243 0.788536043657 6
29 -380.511772416 0.0286218280632 3
34 -349.731363537 0.0478136854169 0
35 -351.181020834 0.942692242901 7
36 -345.282874427 0.597067229895 6
34 -349.719235756 0.383040248365 5
30 -380.125946444 0.661542474049 0
33 -356.597759877 0.758344172563 5
34 -346.42695718 0.159431973903 0
38 -338.142771937 0.682273920956 1
32 -356.317037213 0.943177968582 4
37 -342.383895645 0.775355616171 4
38 -331.065597147 0.651899029185 0
20 -437.44351844 0.751912611684 2
34 -355.286042313 0.0358660873104 0
24 -410.377945071 0.637901108491 4
28 -383.124406358 0.93517016994 3
0 -44077.2377137 0.227220810161 2
33 -358.226489225 0.992727555536 6
18 -441.948907985 0.00795671602568 0
31 -373.883462605 0.221688577261 6
30 -367.717414443 0.446240335545 1
36 -324.72595586 0.222813760427 1
34 -354.281378324 0.278382539123 4
32 -363.861976561 0.818607198813 6
26 -403.589289832 0.16092271741 5
9 -459.235365082 0.647600648579 2
23 -417.646169136 0.168196747987 4
21 -433.295896869 0.815299693352 6
22 -404.587414321 0.618504338053 0
30 -378.782154859 0.550146566572 3
38 -332.051161938 0.259374230666 1
35 -344.165721658 0.0084946773573 3
38 -332.851761182 0.741372873917 3
5 -504.921552583 0.736779512251 2
8 -474.715991003 0.42261702525 2
10 -463.192588151 0.0789046812869 4
32 -358.117041697 0.613998881403 1
31 -373.702564689 0.847451525451 1
37 -335.848998438 0.713678823514 1
34 -355.68338441 0.532209180114 0
34 -353.507448554 0.974133073218 1
34 -337.340345882 0.344578106954 0
31 -374.488035509 0.418603815971 1
39 -330.113065037 0.0830378159495 7
38 -335.806096 0.270071950132 0
34 -344.573389346 0.593631275955 0
30 -376.782267334 0.00543859145633 5
29 -384.207274442 0.313128683267 5
29 -380.237176538 0.384173966087 0
33 -357.455448493 0.847251878703 0
18 -443.845817371 0.529732520687 4
32 -364.823683491 0.793668166341 7
38 -330.848452373 0.128050859579 3
11 -451.397156661 0.0705523223213 5
11 -453.375105753 0.950897331221 5
7 -475.919331512 0.860287748967 5
16 -446.044851488 0.0837562406871 6
36 -347.178373618 0.127250407453 1
11 -459.932876069 0.181293649509 6
38 -336.924895589 0.88417317566 3
39 -332.386185229 0.888387912922 0
33 -351.597503286 0.388328509189 0
39 -331.15624546 0.00191044074461 7
38 -336.681062911 0.81289415371 3
38 -336.206910166 0.221620297087 7
26 -402.400646902 0.855555331198 5
37 -340.33714376 0.498934440588 0
12 -453.38263945 0.213621138989 4
32 -358.821594282 0.791272640436 5
39 -333.632803 0.668984351465 0
18 -439.899808677 0.367411181288 2
35 -346.819933925 0.41808368914 0
23 -418.559467405 0.0153624196643 6
18 -442.664090627 0.54045446806 2
31 -369.245125033 0.363360263666 5
37 -342.168773894 0.128966812667 3
34 -344.003632722 0.5193217127 3
18 -442.118093594 0.312004923553 2
37 -337.269760221 0.343625079936 0
29 -378.280440839 0.0776713576115 5
24 -411.871059589 0.775518669678 5
39 -333.181798123 0.111147687585 3
32 -365.500386375 0.515302388653 0
24 -414.372912578 0.0550880955294 3
20 -428.325159145 0.83924298243 6
13 -450.207986233 0.0656372146468 5
39 -332.233621675 0.713145513859 1
24 -410.273441509 0.0260588750816 6
21 -430.251246156 0.0573506942069 6
2 -15949.7088883 0.196448948251 4
7 -477.970378785 0.606189368593 2
17 -445.266634894 0.746256440994 2
18 -443.75468261 0.415964831213 4
40 -325.515915509 0.194370453975 0
20 -436.623997228 0.625691224605 5
18 -443.894278752 0.717443312851 2
22 -424.037023128 0.697070533971 6
38 -336.236548717 0.955753356251 0
16 -445.714890664 0.774024902381 2
18 -442.747460189 0.490721862111 7
31 -371.026716562 0.272417787883 3
38 -336.930147405 0.271622513954 3
17 -444.550522692 0.905867869104 2
18 -442.96385439 0.204796540694 5
9 -466.533720134 0.968548327768 7
12 -456.808875045 0.502832179774 7
37 -337.535325002 0.248609376087 6
21 -430.324090654 0.443712664879 4
33 -360.962479975 0.420909418791 1
20 -437.832493817 0.81608407225 4
3 -1278.45950369 0.430972336988 7
19 -436.878627092 0.462713178602 5
29 -369.570141327 0.593389504217 3
38 -330.833974773 0.00522849621783 0
32 -364.081978244 0.361754639205 3
14 -448.12674536 0.301457982649 7
26 -386.195378722 0.857262035862 4
25 -407.017572904 0.828941226456 6
41 -325.204127149 0.938411707153 3
35 -349.859311708 0.825062630022 3
23 -396.657801221 0.856654178117 5
33 -362.009482775 0.224934687883 4
22 -424.949110945 0.277320037975 6
16 -444.541235461 0.948186197299 1
16 -447.028110575 0.254825152044 7
41 -322.928825118 0.982802983547 5
12 -454.310050235 0.930644521177 2
32 -359.870006934 0.650535889513 4
38 -328.699063937 0.639879974041 0
40 -330.746693083 0.0426866022199 0
37 -342.414104982 0.311856462566 4
40 -329.340906642 0.7733974976 5
3 -2563.66248101 0.314522592439 2
19 -434.555677552 0.142003430079 1
39 -329.099152294 0.28944953438 0
36 -347.766144254 0.0947137006821 6
34 -355.249600709 0.474348343193 6
36 -340.660229677 0.302509063682 0
29 -379.916221804 0.599957909142 7
30 -380.131945333 0.826253183371 3
25 -407.620249178 0.933816500511 4
28 -390.645968935 0.306929555295 0
26 -402.433742935 0.878586715251 5
27 -397.449255931 0.637839443403 6
15 -448.46496738 0.161725685584 1
36 -341.52273132 0.989567785741 3
38 -334.557637148 0.410546583005 5
29 -384.575051652 0.622920986667 4
6 -468.631586183 0.931688547571 2
24 -410.781685677 0.00261723051771 6
41 -326.499987856 0.256596477934 3
13 -452.80390895 0.0376629440246 1
34 -346.958284107 0.258987357256 3
42 -323.191698101 0.570970926261 5
0 -2051851.50656 0.928181290101 2
41 -325.85430833 0.109250607795 3
28 -392.136201673 0.782080637164 0
35 -343.681725331 0.502519437617 5
31 -371.341141329 0.674890588931 0
16 -446.251070711 0.355124409264 2
18 -443.24479498 0.945017771358 2
39 -334.047810678 0.694621446192 0
32 -368.031759173 0.426366094344 7
24 -414.985155242 0.825213860848 3
32 -363.964295918 0.293095816775 7
22 -425.889362952 0.144629179562 3
28 -390.672530269 0.015479306018 7
8 -469.710898984 0.499024347314 1
32 -368.439375567 0.61605437977 6
42 -324.36379653 0.988632769419 3
39 -333.84941035 0.732647144654 4
34 -350.392972183 0.0375626222681 5
36 -345.443412186 0.0881122345623 0
33 -360.46069211 0.903429886522 7
10 -463.206696576 0.908279778458 2
33 -361.929958731 0.385542818307 5
35 -351.097724808 0.43877884035 7
35 -348.564114634 0.769992655129 3
19 -433.797346198 0.503629769907 2
33 -358.774463138 0.687844691151 7
20 -438.145264898 0.422518376665 2
25 -404.336621779 0.136487189823 2
38 -337.651105243 0.689587874153 5
13 -452.357156812 0.130956778286 1
41 -323.15289052 0.155996501719 5
39 -334.499976426 0.319432417552 3
24 -410.462025244 0.463971382546 6
3 -2483.75323416 0.190226907706 1
30 -379.948389636 0.0624705982233 7
23 -421.526852067 0.707783812044 6
30 -379.488812449 0.76249109487 2
34 -357.243181516 0.213231491173 2
30 -368.675295973 0.844088205951 0
35 -343.15128247 0.0941661401814 4
11 -459.843936814 0.725147453732 1
33 -350.845749551 0.516172236965 7
41 -324.94236755 0.551628128996 4
39 -325.787465311 0.673080943403 4
37 -340.823509525 0.989030805959 5
1 -1402.76358614 0.722962691254 6
40 -329.184411667 0.897990205301 0
22 -418.75104676 0.0147743743707 7
21 -430.874884295 0.799352439005 2
39 -331.572922567 0.444888616129 0
35 -349.947043052 0.0606841672226 5
23 -418.980326174 0.918632673829 2
30 -372.158242852 0.420572850304 5
25 -409.342348927 0.507027855556 2
43 -318.568565551 0.912566449144 4
43 -318.407178537 0.789806556053 3
37 -339.062231736 0.271542351999 5
28 -392.083491467 0.98626271186 2
9 -463.705459091 0.585455088097 6
26 -399.881338861 0.168798707972 1
42 -323.284668891 0.484646400402 4
28 -382.688713014 0.00349177402398 5
12 -456.73048174 0.889847595795 6
13 -448.217110368 0.509988513277 6
40 -330.811643581 0.738958502716 7
42 -322.169065392 0.376811198478 7
41 -324.619305799 0.849010813096 4
30 -379.100835703 0.141268873746 2
16 -446.491793169 0.668199619049 6
13 -453.622630144 0.861198964806 6
39 -331.039479066 0.826543539525 0
33 -356.750258254 0.256891426709 7
22 -420.772620199 0.170100646675 2
30 -371.347022928 0.436821611114 0
30 -378.708532075 0.739459912566 7
42 -319.308809015 0.589309746077 4
44 -318.235130606 0.135469858931 1
13 -450.392476317 0.839805668322 6
18 -428.213488425 0.572682938227 2
42 -323.353107448 0.440083133073 0
31 -365.545120468 0.353811688561 1
44 -314.13549191 0.191889546531 1
19 -434.944011485 0.184222190449 2
23 -413.861535715 0.0815076744831 2
40 -328.309107263 0.311151239005 1
44 -315.671877505 0.0609777715514 1
29 -385.873007809 0.898793587612 2
40 -323.551271048 0.725127817689 1
30 -350.245612684 0.50296902715 3
40 -327.323210714 0.370936052062 1
12 -456.252426992 0.395132081906 6
41 -327.30259933 0.281508897738 3
37 -342.700429332 0.11115672446 1
36 -337.148247967 0.729821126536 4
44 -317.26806365 0.42769249136 4
10 -457.923624023 0.870683626375 7
35 -349.949581625 0.736784599378 0
8 -461.623392782 0.93119922904 6
35 -352.053741794 0.21842506487 2
31 -374.367727097 0.418145336881 5
29 -379.752575467 0.165771561172 4
36 -346.354759468 0.431870010291 2
39 -334.01346458 0.799982948194 0
36 -344.700806251 0.855221571594 5
31 -369.985131529 0.762103695489 5
18 -443.816061485 0.825702055458 6
13 -453.304021443 0.725928339976 7
35 -348.32105816 0.323630723557 1
20 -436.9959559 0.807595553361 6
21 -432.045825168 0.911756632984 5
0 -278011.791933 0.29251476926 7
45 -316.411818936 0.444053807847 3
30 -372.342114381 0.43202978448 5
0 -7770161.53853 0.199074592074 7
45 -313.880898449 0.863445910123 3
14 -450.252471361 0.829693164382 7
39 -328.338163191 0.828396714935 1
31 -362.767953386 0.404583500819 2
34 -352.402077477 0.759189164898 2
15 -447.786827954 0.220254995017 6
33 -361.289449702 0.846626063224 5
42 -320.759636935 0.126639239722 0
43 -318.925511063 0.0671531554956 0
27 -384.793866681 0.938938080701 7
23 -421.569963722 0.239429934527 6
38 -337.122998752 0.231708854198 5
45 -314.825026213 0.13378141654 5
45 -314.151013073 0.153092758249 5
38 -332.576548537 0.542754181866 1
27 -394.313138571 0.0581065496998 4
32 -368.793488062 0.805982376914 6
25 -404.433085045 0.888759625301 7
32 -358.29971171 0.388719518377 4
19 -432.107714841 0.575294703355 3
20 -436.467720788 0.830619171421 4
31 -373.922909206 0.0511873558908 6
33 -354.1167962 0.603351536251 2
35 -351.617191061 0.812430615229 4
23 -422.476816541 0.887007118087 7
36 -343.561560588 0.0500042162571 2
35 -350.192866502 0.865394912629 1
31 -367.240482361 0.856493464744 7
20 -436.764493457 0.0868499289795 3
44 -313.350321129 0.0565572519799 2
45 -316.460442062 0.857154323756 2
41 -321.246521105 0.472004766882 5
22 -425.586586815 0.33918775784 7
41 -324.789510778 0.960626913716 4
37 -343.085725713 0.355675522156 5
38 -338.575118122 0.849879489879 1
45 -310.225532435 0.572152626621 0
33 -358.436312227 0.489488448328 4
44 -313.140071459 0.87141858075 2
46 -309.462536685 0.766481622686 2
46 -312.836981542 0.980200863556 5
41 -320.862760143 0.221814859729 0
45 -316.822700617 0.827499039956 5
46 -312.833688194 0.932967696543 4
13 -450.95361221 0.64399256509 7
32 -365.241170738 0.442685478321 1
42 -321.538415763 0.895541355798 5
43 -320.720067639 0.35876325686 0
43 -318.003888269 0.0148918002469 4
32 -353.968247699 0.286783595224 6
42 -320.606220392 0.118277632861 6
40 -329.515051345 0.537606779015 6
42 -323.403493377 0.84824059688 1
40 -321.969780675 0.455531958661 0
40 -328.114427511 0.995137672493 0
46 -311.794225472 0.82281059979 2
43 -319.874070259 0.0150712570057 2
12 -455.182131155 0.568060058679 7
38 -332.036847258 0.570628205791 0
8 -465.125170892 0.2959352881 7
17 -444.799012359 0.882468793359 7
11 -454.747005859 0.754466339136 7
36 -344.18686769 0.770826896957 6
39 -333.48734696 0.327028376424 6
43 -321.001216392 0.997300307836 0
43 -318.308112569 0.0833326078956 0
37 -342.011289958 0.936888317412 6
27 -391.757394734 0.737878635741 4
39 -321.182926452 0.918029698343 0
26 -385.601633151 0.053948164731 1
42 -323.959744747 0.632313522059 2
45 -314.021792803 0.4159780766 5
38 -331.549481842 0.909372224667 0
42 -321.726026054 0.832573246475 4
45 -316.490664257 0.605580485334 4
16 -444.771533647 0.71323547373 3
37 -340.789048125 0.158554929977 0
33 -357.242838168 0.408314094987 1
46 -313.374897743 0.943303479837 5
43 -320.317126561 0.472922841849 5
44 -318.002989688 0.50725228191 0
47 -311.170871779 0.43056959147 2
42 -321.183114988 0.905012923564 5
46 -314.30153801 0.402829640447 5
17 -444.475482567 0.487732213901 7
46 -314.863191801 0.979136441545 5
24 -410.014040422 0.747530474295 6
17 -442.33506225 0.186693659716 4
32 -364.684165885 0.683417413914 5
27 -397.557432536 0.872285407236 6
36 -347.500555752 0.664869353848 3
44 -316.851697428 0.353329431832 5
16 -444.974881935 0.6230170477 7
40 -330.398980931 0.961129678828 1
39 -331.001490363 0.722803813634 1
25 -405.393767282 0.389159595084 3
28 -391.45114348 0.392582326014 6
40 -326.183914099 0.0947543870411 0
35 -333.292963157 0.717703078682 5
42 -324.310899429 0.879618365562 2
42 -319.119624951 0.817040746875 2
28 -391.569071124 0.905234854152 3
31 -374.355280773 0.30912123178 3
47 -309.984764186 0.343088266773 0
40 -321.525853496 0.852897949506 0
28 -390.459577074 0.928837051499 4
36 -335.613971614 0.203498835418 3
44 -316.77478888 0.66994869069 5
24 -408.952813776 0.271200429614 7
22 -426.426142901 0.186565929309 6
39 -320.231470988 0.207887436265 5
43 -321.588368509 0.677620421348 0
45 -314.024288292 0.0443709869367 0
29 -382.397234292 0.702148002962 1
37 -343.144041103 0.947310591115 2
25 -406.226115466 0.757726095628 1
30 -378.314173772 0.517688120307 1
48 -311.924664637 0.340746878529 0
48 -310.019595245 0.476825617036 0
48 -310.103423128 0.986007914711 2
44 -314.543692885 0.177306612724 0
35 -346.070514171 0.478948529561 4
37 -342.376783381 0.752475719154 4
20 -435.832002457 0.785445360605 6
48 -311.532635094 0.486195118778 2
27 -397.6062719 0.119482924215 4
21 -428.014959217 0.496542597754 5
38 -336.453871415 0.594092743724 2
33 -350.216285001 0.726228865704 4
40 -330.018124203 0.126323273139 7
33 -357.730923868 0.792065391557 5
26 -394.537280958 0.810114775934 0
45 -316.034767124 0.264687510082 2
40 -321.680401352 0.402360857641 3
36 -345.948571095 0.658848220048 3
40 -327.55852302 0.269071310899 3
43 -320.626267382 0.313197037514 7
44 -317.07621272 0.404916449978 3
39 -324.848797221 0.646901902892 1
40 -327.835041843 0.00660057370643 3
43 -319.956484337 0.698093119436 3
39 -326.353040947 0.360785504829 1
48 -312.096236261 0.605015619265 3
41 -318.150133893 0.712331239629 3
45 -315.537525083 0.449874122388 1
47 -312.947323081 0.243347271481 7
36 -345.881122402 0.367349476348 5
24 -411.480867629 0.181608214264 0
44 -316.498962753 0.900535930063 3
45 -315.555360509 0.688824882983 0
45 -316.58577977 0.784873958292 3
48 -311.288587897 0.397668075913 4
47 -313.425967632 0.868583965632 4
48 -311.071592006 0.236733577522 6
43 -320.323885292 0.274184401707 4
35 -338.472014293 0.504526317652 0
41 -326.369970115 0.257547270825 1
46 -313.828946005 0.839249909801 6
40 -320.232119765 0.55484655168 3
38 -336.179093096 0.13868212331 3
47 -312.38397861 0.621684346975 4
34 -343.07720523 0.969012757692 5
42 -317.858021459 0.562495142536 2
46 -315.021517706 0.875176046429 3
36 -347.716419856 0.516242350247 7
33 -352.043783328 0.752983308458 5
48 -310.80526617 0.570849383688 2
39 -331.18080959 0.557045922516 7
48 -310.678459283 0.34393612938 0
33 -362.148056938 0.413241808729 1
48 -311.169322095 0.183450799518 3
25 -409.011273104 0.9097843016 5
43 -321.013698308 0.184669067653 6
23 -408.412347277 0.958324206722 5
46 -312.803492389 0.118934898617 7
47 -313.397949308 0.469092097548 7
41 -326.630302475 0.196000521179 4
39 -323.72440163 0.535582674117 6
47 -313.023410876 0.251318198081 2
48 -310.622459421 0.526638073725 6
45 -314.768903861 0.979838650834 2
42 -316.475851403 0.249681327909 2
29 -378.827330629 0.102322503276 4
46 -311.916451956 0.484302348479 0
47 -312.585006105 0.684294540779 7
31 -371.593421727 0.956648089977 1
38 -328.56481985 0.743190872566 6
49 -309.658402296 0.178843477842 7
47 -311.023750242 0.938075035801 0
42 -320.787048881 0.900968757337 7
37 -338.178955622 0.799896918608 5
41 -325.689716687 0.275374489509 5
39 -329.241870855 0.0337453559467 6
31 -373.512532434 0.0175520906566 5
40 -325.874902398 0.953057344664 7
29 -368.19542656 0.115332452046 4
44 -318.19781892 0.22759766153 6
33 -348.495095282 0.110831055306 1
50 -308.764685343 0.096823521078 7
49 -310.965839468 0.400386958893 7
50 -309.152711087 0.721130596718 7
49 -308.44576755 0.742655405421 7
50 -308.128960627 0.834216821858 7
49 -310.478417946 0.131520252728 0
34 -349.067753416 0.638082270568 5
37 -339.400454936 0.505893344859 6
39 -334.838080566 0.104056281859 2
38 -335.548871357 0.0603607441849 6
30 -374.159184783 0.922700188981 2
32 -365.902237946 0.229220269829 6
43 -321.53517945 0.975348961475 4
16 -446.009727644 0.495182849435 1
34 -357.054953692 0.578501043485 6
13 -447.342461236 0.320833914809 1
30 -366.25748306 0.839253348886 6
25 -403.817952202 0.0923599356657 3
49 -307.544721464 0.908799689112 7
45 -316.848591746 0.515447863194 2
11 -458.764796896 0.224639807181 1
31 -366.75483644 0.556283030918 3
25 -388.527336795 0.515644017907 5
50 -308.68249103 0.598386665773 7
45 -316.437526394 0.346984973069 0
36 -342.721524678 0.400091128406 5
18 -442.614952495 0.902388172263 1
48 -310.794443194 0.70207440361 7
34 -351.561398894 0.897487267317 6
34 -354.918617997 0.193132994124 5
51 -305.485728478 0.201481017969 7
51 -308.779321325 0.96780831955 3
45 -313.195359061 0.684095542471 3
50 -307.506676008 0.910320449412 7
50 -308.612150515 0.659731230862 4
39 -332.594208032 0.0651780423025 2
49 -310.089025991 0.211291927829 4
23 -419.972314826 0.390483250568 5
36 -345.892258972 0.782745797029 5
28 -391.310243152 0.6625117295 4
43 -317.406171632 0.233353018203 2
22 -418.731633437 0.590608949293 1
50 -309.187645848 0.0198903972343 6
41 -327.245408347 0.954242398958 2
40 -330.343505951 0.675731180697 4
29 -372.696097299 0.0598460017249 5
44 -318.545265036 0.707923426659 6
52 -306.300687608 0.519099156275 3
21 -428.845689452 0.49779153291 1
52 -307.689617376 0.32383591156 7
52 -306.758484485 0.214480911614 4
20 -429.299808509 0.864239508585 5
37 -339.755660786 0.205514969061 0
36 -347.796616594 0.582608153705 2
52 -306.874869575 0.532662168452 3
42 -314.7726706 0.161677712136 2
51 -308.794197766 0.260080436233 3
47 -313.311246133 0.264326241627 7
23 -418.735311382 0.273829137623 1
29 -382.461266213 0.285517101503 1
42 -323.903823607 0.313246833992 6
53 -307.053531256 0.0119627036043 4
41 -326.95900778 0.836824039379 3
49 -310.000988135 0.416424197366 4
25 -409.208235459 0.241842400435 5
45 -315.772981231 0.0883778645381 2
23 -414.78532455 0.302162966943 5
25 -402.524519951 0.160678508545 1
46 -313.090146319 0.505570217332 2
44 -314.621169921 0.856798603873 2
48 -310.975105723 0.471138574157 4
18 -441.592401044 0.269393805129 5
50 -307.893318772 0.956908858618 6
51 -308.766007877 0.986251494116 2
50 -307.568823202 0.145675591389 3
23 -420.855176677 0.777286795417 0
44 -318.990432697 0.836592203407 2
51 -308.772167218 0.480575363179 6
31 -373.609864017 0.704073544955 1
27 -393.046411757 0.943316372669 0
44 -316.866963748 0.1053021144 2
48 -311.105959549 0.292634298614 2
3 -508.425047783 0.251213991515 5
28 -390.483075636 0.736868259485 1
41 -324.181318036 0.467353122036 2
33 -353.18921041 0.673890635725 1
18 -442.349645548 0.236373304194 5
28 -387.537401009 0.345146929375 0
15 -445.903744862 0.330165007602 5
35 -346.290224567 0.741387383356 7
31 -371.655232238 0.060020474797 0
22 -424.941766507 0.956142103838 2
19 -436.195599547 0.468505865504 2
53 -305.105391019 0.925774749936 6
16 -446.464397046 0.147628170346 5
18 -442.692509478 0.987858560515 5
54 -306.190836479 0.165014793476 3
21 -420.329402985 0.218961930063 0
52 -307.318628618 0.940632990998 4
49 -310.278257969 0.706724735983 7
41 -326.906101504 0.150087823168 4
35 -350.626125175 0.235473822563 6
26 -371.664124715 0.191718973959 6
40 -330.480376734 0.128840793088 2
54 -306.026694947 0.417296973045 3
26 -403.624657352 0.445094408878 5
33 -361.984329358 0.393546650926 0
46 -314.538457005 0.907430475578 3
35 -350.822727195 0.91634549068 0
36 -338.91895116 0.0637719791928 6
27 -377.418539186 0.74299399325 5
50 -309.563883741 0.912036030782 3
54 -305.848121747 0.735099633908 3
37 -336.214315139 0.0480495081802 2
46 -314.913466268 0.0934213116152 3
54 -306.492070898 0.908541987542 3
50 -309.521080745 0.878146072676 7
26 -388.176664153 0.269624562784 0
29 -384.861196861 0.836904667076 2
48 -311.775791033 0.459070130876 6
48 -311.569380241 0.548161490428 5
47 -311.753563628 0.356897147592 0
54 -306.277208642 0.269095484656 7
37 -339.727416073 0.092180642543 2
51 -307.768255227 0.6523212045 3
47 -310.521259265 0.83447707225 6
52 -307.199631899 0.679588446881 7
55 -305.858490738 0.381827388591 3
42 -321.566982573 0.875961401464 2
45 -316.342837291 0.630016531068 1
42 -319.09900626 0.727188155874 2
54 -305.638100524 0.586371348673 3
50 -309.749774395 0.338930677134 2
46 -312.545489833 0.676458262098 2
52 -307.125779787 0.979946255386 0
38 -328.970567455 0.370871636342 1
43 -321.197984999 0.0289883163046 2
51 -308.386411725 0.520680987981 2
42 -324.025840234 0.252130998343 2
53 -307.176611963 0.778139322652 6
47 -311.4244947 0.633571970767 6
51 -307.638411134 0.721160574417 4
37 -339.633349137 0.365313504765 0
51 -308.557563083 0.0244123879674 2
51 -307.834671199 0.463569085904 0
50 -309.385490817 0.781114203582 0
50 -309.810079814 0.151277568784 1
45 -312.227340379 0.8786302504 0
49 -309.322050136 0.3991348729 2
18 -440.147274496 0.964372085542 6
49 -310.027542739 0.701086242811 7
44 -318.967274046 0.288370253541 4
19 -441.906977879 0.623822970651 6
47 -313.445771012 0.393375296319 2
44 -315.777201405 0.626431299339 3
48 -308.844210722 0.547207754314 2
51 -307.573181722 0.573859617868 2
50 -308.527003285 0.129617775087 5
47 -312.740939486 0.962251417864 1
34 -352.983512185 0.775732521727 7
50 -308.448222993 0.343925597209 1
53 -306.943061201 0.492845620592 2
44 -317.664473391 0.549970517297 7
48 -311.247093645 0.911704562623 5
43 -320.481167785 0.363764008858 2
52 -307.238952002 0.337517747797 5
55 -305.52208735 0.91029247546 4
45 -313.552782477 0.121179121199 7
49 -310.994550763 0.230221808124 4
44 -318.243079509 0.64026044878 2
54 -306.322896374 0.405274379409 0
52 -307.697380886 0.589334330234 4
50 -307.475914713 0.314398485899 0
54 -306.148707321 0.350990021432 2
37 -342.211484577 0.199199887491 7
53 -307.153424251 0.774368997631 5
50 -308.669534507 0.22017343234 1
56 -304.519014624 0.773683999034 3
55 -305.448719439 0.84443296609 0
49 -309.35789961 0.277795162623 0
51 -306.991715519 0.156430632871 0
43 -320.785025906 0.958946207788 3
42 -323.645808151 0.336954750523 1
51 -308.008105511 0.45097127936 3
50 -309.166544035 0.399612897458 0
45 -316.208160025 0.804236916632 3
54 -306.116706518 0.899471050763 5
48 -311.937751092 0.174596254557 3
52 -307.951166911 0.718226985935 0
51 -308.845813178 0.0510907181814 2
39 -334.658641955 0.833484632135 4
43 -321.437137952 0.0684286721577 0
32 -368.514293776 0.472680753366 6
25 -408.984242395 0.888433002621 7
20 -438.499693517 0.296825321253 7
23 -418.799634372 0.530227520554 7
47 -312.944999412 0.821306456901 4
39 -332.072298796 0.88717513388 1
52 -306.604960097 0.956439065293 5
23 -421.939541796 0.34514895707 7
48 -311.556874817 0.00684921282753 6
29 -385.93903084 0.97310304326 7
50 -308.592852669 0.0617148728651 3
57 -304.67393839 0.0570856460764 2
56 -304.662629099 0.218828732069 0
55 -305.55194376 0.979061112011 2
52 -307.310421728 0.856689085162 6
55 -305.235440059 0.62079306751 4
28 -390.827346507 0.229393319414 7
55 -305.672253944 0.886358694236 4
23 -406.417805457 0.0961794277897 7
52 -307.927647396 0.803508794877 2
47 -309.988392228 0.483612669707 4
52 -307.506335618 0.297997639469 5
47 -311.104579456 0.493324322521 0
48 -309.291390806 0.154022662023 0
56 -305.131212346 0.345609340555 5
27 -391.622200726 0.727096728355 6
34 -356.260097207 0.0723273964876 3
33 -358.492331379 0.582230821676 3
50 -309.708954802 0.502161713957 0
30 -368.04088943 0.312745220644 7
50 -308.772757083 0.366619828737 0
53 -307.126259174 0.487760816294 1
31 -373.45715577 0.0496436375214 6
54 -305.570867311 0.480006598758 2
55 -305.886655927 0.959746146778 4
57 -304.895691963 0.684864629222 5
53 -305.552005866 0.268746741894 5
56 -305.211677336 0.491132828625 2
42 -322.362072522 0.37256667989 0
41 -326.923073316 0.418756386913 6
53 -306.840415098 0.396964949428 5
52 -307.072433268 0.929694089583 2
54 -304.079128161 0.184319639782 2
56 -304.561912798 0.208907351127 4
25 -397.268815806 0.609729031908 6
37 -342.696262644 0.82112243059 6
57 -304.725832781 0.34872111669 4
44 -317.45615888 0.0423876190698 0
40 -328.202299949 0.796789859196 0
45 -315.892617864 0.248388314653 1
58 -304.687039297 0.602229270884 4
43 -318.400928251 0.555455634879 0
58 -304.448859358 0.448093073913 4
29 -382.687512085 0.283492771159 6
44 -315.983064712 0.750433133515 1
49 -310.347931062 0.131372303255 1
58 -303.975421539 0.0212709666466 4
38 -330.223183308 0.759038210368 0
40 -328.059066132 0.0117506569875 3
29 -365.14259752 0.827030460137 6
40 -328.179819844 0.253267783199 2
45 -315.520908409 0.588682365616 1
51 -307.703433929 0.116724752615 2
49 -310.79246358 0.23169816195 5
33 -361.621164788 0.725059603264 7
58 -304.620252494 0.895764371983 2
27 -386.71123774 0.259861895148 7
28 -382.834813506 0.712689875538 7
53 -306.683125397 0.114469545477 0
49 -310.949241671 0.636051291603 2
40 -329.454592832 0.463192029841 6
48 -309.985318294 0.678152865773 2
45 -314.886423963 0.730557486506 6
40 -326.622081448 0.885654944154 6
19 -439.718139591 0.243533084258 3
57 -304.420219584 0.770952119462 5
28 -383.418935478 0.799750168107 7
55 -305.811033443 0.628642091517 2
32 -365.123068817 0.43635135709 6
26 -401.087121735 0.0950994976345 7
24 -414.586654281 0.0671005451809 3
34 -356.367708522 0.38451802002 6
18 -439.242018626 0.595178403259 3
33 -360.422701725 0.849096784995 6
52 -307.385240538 0.681578627251 2
18 -434.157875593 0.311031644505 3
52 -307.852631629 0.771439035465 1
56 -305.363973483 0.641825111442 5
56 -304.001152079 0.518789769818 2
52 -306.532579322 0.28201416284 0
56 -305.121838534 0.989473445431 5
37 -337.563342925 0.301845720213 6
46 -314.881475362 0.595496946997 1
56 -305.237153778 0.268937227244 4
24 -414.530489762 0.963901409774 3
46 -314.543414849 0.149914782694 6
57 -305.019682149 0.957096434146 2
17 -442.845127557 0.379565658546 3
46 -312.982734508 0.306363451562 0
18 -441.188022728 0.108855313926 3
55 -305.764549441 0.7516514857 4
25 -396.929757694 0.910340889244 7
54 -305.713516053 0.917610136645 1
18 -424.154510111 0.800410326077 7
50 -308.632425928 0.103630810658 1
30 -378.939725779 0.157172168509 7
31 -374.305010131 0.584721652371 5
59 -304.42195237 0.141163585564 2
15 -448.381722697 0.2267057628 3
37 -329.506022882 0.884522744098 5
56 -304.67190868 0.151574859944 2
60 -303.92478799 0.676260321764 2
3 -873.987563197 0.998053066737 3
44 -317.934195561 0.829612139188 1
50 -309.390033291 0.989806944012 1
44 -314.867858093 0.121186007092 4
57 -304.943919414 0.00391225805426 2
57 -305.009208789 0.503007397065 2
4 -497.734283247 0.290941103097 3
25 -405.662461244 0.885283819959 7
54 -306.247383766 0.262132321374 4
58 -304.450113632 0.304103041924 6
40 -328.029987901 0.331344127422 4
56 -305.159005069 0.317332158553 0
56 -305.381624602 0.0489586338917 0
45 -314.882782819 0.414799190883 4
46 -315.102819389 0.615223094764 4
43 -317.381980913 0.20453066258 0
53 -306.922066128 0.020493243022 6
44 -316.341476301 0.260049721348 4
51 -308.597321192 0.543688089065 0
28 -383.744856971 0.0124031792853 7
46 -313.035506633 0.42171346083 4
60 -304.204900084 0.0340911963874 5
50 -308.08482077 0.0366904564297 6
46 -313.972953741 0.180225907843 0
54 -305.076391893 0.206660518598 5
54 -306.44997649 0.86560389758 2
52 -307.660259067 0.460487056304 1
52 -307.668452715 0.981915427015 1
60 -304.007891104 0.611144903667 6
58 -304.124074917 0.464143539047 2
50 -308.321570116 0.503201831578 1
58 -304.453281888 0.611297447452 6
19 -441.485663435 0.459136896582 3
48 -311.722883868 0.114228222561 5
54 -306.305069556 0.373836249389 4
55 -305.427876615 0.956819441214 0
52 -307.463384447 0.615671074729 0
49 -309.793121231 0.950412279828 5
59 -304.445268271 0.253140278732 1
27 -392.051470842 0.335636029482 7
46 -311.756050711 0.783772590435 6
41 -327.281477522 0.96683022231 4
45 -313.515759712 0.978391147743 1
57 -304.824744849 0.247946187371 6
51 -308.349788918 0.38336125565 0
58 -304.267708148 0.697321878377 6
34 -355.840619728 0.346452569551 3
52 -307.684976522 0.675410937071 1
60 -304.202689627 0.09684171151 6
55 -305.633082051 0.738836712269 1
56 -304.941666664 0.998557733662 6
48 -311.800435103 0.80220670998 4
47 -311.271676345 0.135659233667 4
43 -317.854371118 0.779857932341 1
60 -304.003324288 0.77805520653 6
30 -339.029907924 0.147157568241 7
53 -306.082519938 0.955852177674 2
56 -304.419831366 0.287368362418 6
32 -362.154606819 0.549448505736 3
60 -303.936315006 0.723085144981 6
40 -322.406692934 0.716959175986 7
48 -312.063824778 0.655781280511 4
49 -311.004702435 0.28459201192 1
55 -304.802729254 0.506493491043 2
60 -304.05970577 0.657578904033 6
58 -303.853416325 0.365019632982 2
56 -304.730613524 0.384455795324 6
56 -304.853099094 0.394601378416 5
58 -304.072457847 0.780348967357 6
56 -304.803318482 0.57601311601 2
34 -352.357787113 0.823167927066 1
53 -307.054905346 0.387776873921 6
61 -303.964239595 0.730063174241 5
32 -364.332626439 0.764892917446 3
57 -304.984238497 0.99304701658 4
61 -303.930975684 0.69852707721 2
33 -362.346261415 0.423519173679 3
26 -391.968189801 0.401716306716 3
61 -303.863161475 0.727686684476 2
41 -326.091456088 0.19255839378 7
34 -354.206265625 0.94801631852 3
58 -304.229479379 0.0991499158541 2
51 -308.417962004 0.653168946276 5
29 -386.063176091 0.103779236418 1
60 -304.142751002 0.555304995006 2
51 -306.949009103 0.33797990934 5
42 -321.547632505 0.376090157987 0
52 -307.850304801 0.423556073053 4
39 -334.355723514 0.0300134799952 7
30 -376.733125358 0.841299446993 1
54 -305.560963348 0.283453922345 2
50 -308.755236571 0.267264065723 0
58 -304.464232379 0.333190129755 5
60 -304.191219565 0.104526868396 5
45 -315.830191721 0.0553173127783 1
54 -306.289568159 0.029088414436 2
38 -338.515487837 0.972595186098 3
20 -433.084014646 0.558473096227 6
41 -325.778922527 0.163534460164 1
49 -310.987145724 0.188337104029 4
34 -354.249062819 0.690988349153 1
42 -320.510826619 0.828565898292 0
50 -309.743006308 0.984756424818 6
55 -305.848678731 0.477769451029 7
41 -326.062960724 0.61409340765 6
45 -315.744711403 0.0862011043477 6
41 -324.191829195 0.175754865522 1
41 -325.841810202 0.728565606385 1
44 -318.055688519 0.630327512547 6
42 -321.180467045 0.174142007715 7
60 -303.78738357 0.697222985427 2
38 -334.74971558 0.122341445172 7
56 -305.272019859 0.727742845288 2
44 -309.364730576 0.628279772112 4
48 -308.995698715 0.149613051137 1
43 -320.65113947 0.639297334812 3
54 -306.087103244 0.484926116964 2
59 -304.428478018 0.566945960833 4
50 -309.107812737 0.543268089781 6
58 -304.6201115 0.103910560101 2
59 -304.221769706 0.886050521169 4
35 -346.285352759 0.20085991752 6
45 -316.81967853 0.966052987539 6
47 -313.353213359 0.225640971653 3
55 -305.784803953 0.328663692592 4
42 -324.153528745 0.764424818719 7
56 -305.362696779 0.223886997235 6
49 -308.929309427 0.347192092279 3
49 -310.843622978 0.583207536084 3
44 -317.943371188 0.270775039843 7
46 -314.468550415 0.35403523113 7
38 -338.223659236 0.991550549959 5
59 -304.384554928 0.963753940878 6
45 -314.555140027 0.900466925588 3
50 -309.209447547 0.51219749953 0
53 -305.858864946 0.125525521035 2
34 -350.336533593 0.587492926066 1
40 -330.275737919 0.858582351878 3
51 -308.019496569 0.875514623235 7
43 -320.790307769 0.591865299225 1
53 -306.063835168 0.661068696872 4
47 -311.402748055 0.870295534817 7
46 -313.653688955 0.9155317799 7
30 -372.235009792 0.0650692937431 0
52 -307.948081987 0.912910607526 2
38 -337.758780441 0.959652160071 0
34 -348.424491922 0.994934225949 1
32 -362.684692755 0.310704529471 0
44 -317.071864633 0.821751338 5
49 -310.446782244 0.112141331453 7
60 -303.947348695 0.917536712443 2
55 -304.215396963 0.482677376558 4
28 -389.635736078 0.770655542151 0
50 -309.637450908 0.202396008958 6
56 -305.301137119 0.572652689485 2
61 -303.951793473 0.623315919758 2
59 -304.342810626 0.498005681824 4
37 -341.436745666 0.513446571676 0
43 -319.079570143 0.106625021461 1
27 -395.922026222 0.0273760900352 5
48 -311.617844581 0.3641784391 3
46 -314.66184236 0.244570435659 3
43 -321.508035832 0.00597769692907 3
47 -312.216528924 0.301196601172 3
29 -386.010995432 0.10372026521 7
46 -308.894746654 0.513990152391 4
57 -305.003519928 0.867823082738 5
54 -306.508057859 0.297140705717 2
59 -304.203164684 0.246433958515 2
28 -391.212834029 0.654007587245 0
60 -303.979550806 0.949723232079 4
52 -306.94559382 0.31562775521 4
32 -367.428253742 0.512560817709 0
51 -307.589397593 0.0959496541444 7
47 -312.008399663 0.769774695334 5
44 -311.979817206 0.174341118294 3
24 -411.665399662 0.229091050514 0
21 -431.056535194 0.504830870968 0
52 -307.873541255 0.754755903243 5
61 -303.95965249 0.125693908963 6
39 -330.659506782 0.99970771997 3
62 -303.804328503 0.973912859874 4
50 -309.592127338 0.561432573143 5
49 -310.843529022 0.871296323654 5
42 -319.048038781 0.276294003741 6
61 -303.938572205 0.19156598635 4
61 -303.738474415 0.196686328377 4
55 -305.899634936 0.31951870207 5
58 -303.666936596 0.283365603909 2
63 -303.535660813 0.554681047178 2
51 -308.822290011 0.842730439166 7
47 -312.942058051 0.649551945589 3
50 -309.484838674 0.669954464706 5
57 -304.943061731 0.521597459729 5
57 -304.766704889 0.409927173017 5
36 -346.156100403 0.255986470753 3
24 -415.512721792 0.425086673082 0
60 -303.857120491 0.653260291129 4
47 -311.956319243 0.04370176071 6
23 -413.50428806 0.472640873415 0
51 -308.283631501 0.351848750511 6
29 -385.520836808 0.150368860268 1
58 -304.516158607 0.172405578635 6
37 -333.96734029 0.200616839832 0
56 -305.349253668 0.379389670408 2
55 -305.269895553 0.537869107631 4
59 -304.403292268 0.980412651347 2
58 -304.649686753 0.69439314139 2
62 -303.778234959 0.414114199305 6
48 -311.283527127 0.347667693811 3
33 -354.760806429 0.84056010955 1
62 -303.781867809 0.18618018799 2
30 -374.851206493 0.605928217284 0
60 -303.34470662 0.351874208045 2
59 -304.140894579 0.967249490151 6
35 -343.91326326 0.390451408422 0
50 -307.888316278 0.953559537048 7
55 -304.388980439 0.0422619862503 5
55 -305.341108043 0.916532935615 2
59 -303.793375473 0.329783671471 7
49 -308.583901263 0.440160738275 7
63 -303.560009294 0.904093256777 2
57 -304.611774466 0.332383595289 6
59 -304.141289107 0.334688911132 4
53 -307.179275285 0.468980110779 7
63 -303.67653973 0.938985533532 5
48 -310.846578231 0.23333851169 3
61 -303.980554577 0.944199484286 4
51 -308.620345905 0.81766283505 3
52 -307.947594706 0.697374221917 6
55 -305.709352556 0.38177069141 5
23 -422.055383283 0.276294481479 3
52 -307.564921883 0.941922812697 5
62 -303.776874557 0.961873128864 2
33 -355.511378122 0.613700826432 0
58 -304.686069703 0.261187632122 5
50 -309.092964843 0.597070451046 0
63 -303.517248847 0.477842260748 2
47 -313.190372698 0.221928445154 0
56 -304.741141609 0.983167263348 7
57 -304.479809858 0.698152964486 4
51 -308.799942768 0.591272487842 0
57 -304.950991621 0.539953068476 7
62 -303.82518968 0.485656451413 4
59 -304.40822059 0.465681523814 6
44 -314.112596325 0.836677668421 2
53 -307.191915435 0.438849860765 4
64 -303.578140572 0.15864820446 7
60 -304.161413078 0.30180365939 7
39 -333.094174814 0.667640382707 2
47 -313.273685826 0.574720554694 0
63 -303.474297887 0.575684161075 7
59 -304.163407406 0.955549787776 6
59 -304.347078817 0.949476301457 7
60 -304.086005265 0.887525733381 7
37 -342.921154823 0.953527032903 3
40 -327.646383733 0.995830216174 5
43 -320.032601715 0.429110894444 3
42 -322.498336989 0.225965569614 0
46 -314.784523713 0.911085840473 3
51 -308.688219403 0.514195135983 7
33 -362.253449881 0.389915364078 5
34 -350.348264399 0.554113082634 0
59 -304.213841027 0.846361434663 7
39 -331.479547401 0.736828915362 1
41 -327.046503755 0.872522369815 3
40 -327.827601331 0.968907085356 4
47 -310.112675544 0.132172393901 2
38 -338.112729079 0.677147370176 3
36 -345.583823688 0.922331102099 3
51 -307.320820873 0.168278719061 4
18 -442.973122068 0.581853575796 3
56 -305.079840978 0.936979105495 5
57 -304.866885927 0.0145473142088 5
50 -307.2756704 0.351979455906 2
59 -304.435077706 0.491683728173 6
58 -304.552819485 0.928688091474 4
18 -441.132487704 0.760038481347 0
23 -415.582971202 0.870859219362 0
3 -1818.80249762 0.929352621815 3
63 -303.646997006 0.329696174329 7
60 -304.194543663 0.77876081428 5
37 -335.639650185 0.868051295801 1
25 -402.66405327 0.779473091142 0
52 -306.115103002 0.919608765223 6
27 -391.822421026 0.860594021161 0
60 -304.192648557 0.715732607514 7
47 -313.450433737 0.199078795555 6
53 -305.544422041 0.307559859942 6
25 -409.743515753 0.655119982192 0
18 -443.031673413 0.252883149171 3
53 -306.609632157 0.962939119327 6
13 -452.876450392 0.560869136565 3
27 -392.335472906 0.858142449708 2
52 -307.631369802 0.976566219041 4
15 -448.372566252 0.165044812877 3
16 -446.812305506 0.648393419533 0
58 -304.593913505 0.752955204155 6
56 -305.350695394 0.0941538614116 6
64 -303.567787481 0.635675291636 7
63 -303.269866262 0.895307623851 7
49 -310.235787045 0.12021658747 1
15 -447.348176004 0.404998741191 3
23 -416.967593953 0.302673231893 3
57 -304.725131429 0.777425275918 6
14 -448.346859987 0.906464331914 3
13 -451.341069053 0.00166940503825 2
13 -444.129594485 0.809047307862 3
60 -304.118088503 0.655462236406 5
44 -316.353730653 0.0132279341838 6
61 -303.348836133 0.0832878187741 7
51 -308.173954693 0.082993622895 4
54 -306.021084999 0.135212568272 6
31 -373.524768874 0.263510815998 3
26 -401.577212854 0.564724292924 3
25 -401.639440062 0.402551299578 3
53 -306.42694831 0.151048773493 6
59 -304.175499156 0.251834687482 5
22 -426.147349287 0.786436450313 3
53 -306.129686491 0.498543365504 4
60 -304.207972789 0.0978740155808 5
53 -307.170281981 0.516555997687 5
55 -305.859189321 0.983607441402 5
49 -308.07217166 0.176034587222 4
11 -460.474465667 0.0896440728 2
16 -446.100013144 0.804117241275 3
51 -308.872446196 0.530305142497 4
59 -304.245346678 0.0655855470257 7
65 -303.47244606 0.923307192599 5
52 -307.865302323 0.401038697631 5
61 -303.933229252 0.923408159227 6
25 -409.64710823 0.546434456197 3
32 -366.974181644 0.665228437011 4
44 -316.679808084 0.146755197101 4
53 -306.70937763 0.703588129409 5
52 -307.664836686 0.0346581006158 5
51 -307.730442039 0.385104907314 0
53 -305.865479688 0.349111086401 5
38 -329.485225947 0.433124551947 2
62 -303.704130358 0.0226067547352 6
48 -310.82158215 0.234566531273 7
52 -307.19479389 0.652778007433 5
66 -303.34008174 0.0184296364699 6
33 -345.863972067 0.0158817328555 4
37 -340.280820344 0.0334992816976 4
39 -333.805792715 0.751541818962 2
51 -308.688129188 0.412410858216 5
58 -304.666768716 0.870187970781 1
51 -308.605523804 0.0787795823037 0
58 -304.411827172 0.113686985193 5
41 -312.946955604 0.0937965672128 2
56 -304.544522573 0.266966018918 1
44 -319.125084024 0.427687155773 7
62 -303.728930969 0.426946426151 1
66 -303.300617279 0.751724280182 6
44 -318.56696064 0.116331893658 2
43 -321.256889434 0.286716949951 7
52 -307.0399393 0.399879946676 0
64 -303.565583804 0.179160652343 5
49 -310.689249584 0.519763152709 0
47 -310.633591505 0.307436007331 7
66 -303.209799694 0.93175256188 5
59 -303.735279495 0.0464707190982 1
41 -319.239288533 0.835025283371 3
28 -373.353662737 0.725108260487 7
49 -308.954542297 0.631966112626 0
51 -307.194237056 0.876860672546 4
57 -304.969098629 0.387985420975 6
59 -304.364251994 0.470711345497 6
42 -321.768585149 0.0681677988606 2
40 -328.757803334 0.00737837503785 3
39 -334.768572505 0.682736821713 2
57 -304.81132097 0.368819452022 5
28 -385.523140145 0.73528036463 3
38 -336.249444762 0.222013709074 3
63 -303.267041619 0.156386727691 5
39 -327.639916307 0.940771726469 7
35 -347.848783757 0.0351750578906 4
36 -335.236605932 0.602939301908 2
36 -334.207136794 0.7015281325 7
53 -305.091505075 0.083024244145 0
31 -374.397136825 0.391072110936 4
65 -303.409715055 0.0176805553247 6
29 -382.78572229 0.934645105611 4
60 -304.196202243 0.102072802654 1
48 -311.497492935 0.6008607344 0
35 -338.843335054 0.01140700429 4
53 -307.180362835 0.230946482673 0
63 -303.377570339 0.578990584916 1
46 -312.364384613 0.895745968077 7
20 -436.044329136 0.790591067923 2
36 -347.22674725 0.10745388855 3
33 -350.714656989 0.10070310996 3
33 -362.757970408 0.599711044603 6
35 -350.96546096 0.472419805466 3
52 -307.687164339 0.393673587777 7
54 -306.474406214 0.769347890222 1
39 -333.966309369 0.60975650061 3
38 -336.724606183 0.246091604326 3
56 -305.003888637 0.151092216067 5
56 -304.576610944 0.454975329677 5
37 -341.949241978 0.692175005357 4
58 -304.422321491 0.801397755966 5
62 -303.812444651 0.464914591785 7
31 -373.075899281 0.620021578684 4
36 -344.381072978 0.879001178512 6
37 -338.96573988 0.777804233257 3
60 -304.149001236 0.440069076244 7
37 -341.310061355 0.245119557763 6
37 -332.409157868 0.962601687951 0
34 -353.841601679 0.0427317016766 6
66 -303.354175505 0.47898723496 7
33 -356.624019684 0.932674321902 4
65 -303.420057072 0.127328752211 1
55 -305.775297944 0.539755761605 5
30 -369.515867172 0.000343886451078 4
25 -399.444278256 0.615593163861 4
47 -312.994871116 0.435773561589 7
23 -422.098777068 0.975684505931 0
56 -305.400552185 0.865970758324 5
62 -303.697032843 0.716358911562 7
29 -378.761057582 0.512989946833 3
28 -385.589424052 0.807538712338 4
37 -337.313377252 0.242506475562 3
22 -414.994579245 0.454316955453 4
64 -303.493238726 0.468861599341 7
23 -422.316358535 0.225543087286 3
10 -451.311746314 0.411909874233 2
33 -357.416418157 0.52612933633 4
48 -311.414719787 0.468415277272 5
49 -310.256015965 0.938192244973 1
38 -337.342129909 0.410140133462 1
34 -346.772058181 0.295495142056 1
60 -303.932669185 0.410183446365 6
35 -349.418586847 0.849774878555 4
47 -309.922330989 0.667180297962 1
19 -441.906488393 0.913109667006 2
66 -303.269994543 0.0154287381749 7
11 -458.103760848 0.967739043619 2
1 -70809.9710282 0.125387140466 2
42 -320.824615673 0.28767253986 5
22 -426.38532162 0.23841215439 3
35 -346.599081048 0.905154351979 4
5 -523.464352828 0.569446244748 2
35 -350.189020001 0.363910688118 4
7 -483.051394581 0.124770929361 2
25 -404.902502488 0.577570567064 0
32 -361.487610503 0.764339021621 3
37 -340.999461236 0.537821852697 4
48 -312.115146718 0.498201390474 6
36 -347.459364954 0.0644195795796 5
39 -333.613897795 0.287113129899 3
38 -339.014493662 0.00717205076389 5
34 -350.920936981 0.604031206463 0
31 -371.372245819 0.704049845217 5
31 -373.524591166 0.926132283391 5
54 -306.172229201 0.643964814424 1
64 -303.326898558 0.176673475426 6
37 -329.970497369 0.895915848015 3
64 -303.479971585 0.378832309977 7
27 -397.521225331 0.753067058276 3
43 -321.02837737 0.071787119324 5
52 -307.538120519 0.665718623138 1
51 -308.637949322 0.482441605909 5
64 -303.449253849 0.248654770539 6
28 -387.879527021 0.0168929437963 3
21 -415.958251568 0.170938068675 2
58 -304.589769876 0.0641493469397 0
40 -328.680335701 0.91546336266 3
35 -350.716829157 0.177953276748 2
53 -305.591501252 0.765964973799 1
41 -324.799582666 0.594202798903 4
64 -303.533282173 0.637283268587 6
63 -303.605293171 0.547619182624 6
64 -303.409078273 0.688578865283 6
34 -354.908576884 0.0883415943351 2
65 -303.434703999 0.669002460599 7
61 -303.715758273 0.75465986215 6
67 -303.303478965 0.915226286861 7
43 -320.031757298 0.458688493798 3
42 -323.647841099 0.364913953922 4
31 -359.364893065 0.795266538648 5
39 -328.589450499 0.557434326637 5
38 -331.552221264 0.355066799817 3
51 -306.468997213 0.482910114863 0
40 -330.631276043 0.977433618705 4
63 -303.650788418 0.342009812101 7
43 -320.109170569 0.0996165821043 4
37 -341.50381334 0.233627963447 3
68 -303.190048386 0.561656978516 7
51 -308.263714274 0.312429901161 6
47 -313.347072229 0.946934113881 6
47 -313.286105508 0.923590551898 4
30 -380.192494442 0.447081090067 2
39 -323.562361318 0.323276992093 0
50 -309.052159026 0.476120632836 3
44 -318.822777427 0.258293560249 4
47 -313.208188313 0.476438651924 4
60 -304.095198102 0.363969845787 6
41 -325.55306565 0.303979217276 4
35 -345.319665493 0.205693372016 1
35 -344.748045978 0.307714686368 4
68 -303.217311586 0.390493852845 7
39 -324.143342452 0.76722299404 3
56 -305.066847058 0.673695309694 0
54 -306.007476111 0.0428250152966 5
53 -306.875922517 0.366795564767 5
53 -305.36432361 0.478322932186 6
47 -313.152216444 0.866491326495 3
46 -313.793250888 0.370484307305 3
53 -306.867675598 0.755160330157 6
45 -315.817612817 0.914694665718 1
50 -309.450529753 0.224449962558 0
57 -304.913985434 0.488377678748 6
40 -330.4018927 0.414376494698 1
46 -314.814370162 0.787823505511 6
47 -312.516041074 0.589644061203 1
41 -324.097267213 0.762952721458 3
43 -320.77380406 0.97545405216 4
49 -310.219729194 0.293950871702 2
39 -333.89308733 0.752789967871 3
33 -348.859409241 0.259513274218 0
43 -318.645934769 0.706877199968 3
42 -320.964276901 0.264302296648 2
62 -303.818554286 0.473178385608 7
45 -316.566380397 0.437530829489 0
56 -304.861945066 0.287520871395 7
61 -303.911305265 0.0613034366836 1
42 -323.700141435 0.89526708554 3
48 -310.785403872 0.438933052486 3
62 -303.732309696 0.457263382473 6
51 -308.832434226 0.733061807656 7
55 -305.609837361 0.577885976965 6
48 -309.915464872 0.303963181814 3
50 -309.832346502 0.909008040839 0
48 -311.173729565 0.87464359432 4
56 -304.816431389 0.386756705924 7
52 -306.229865258 0.23860124147 6
62 -303.70550622 0.683945281283 7
42 -322.916491863 0.619940683116 3
51 -307.215297419 0.438776132827 0
51 -307.770598761 0.424957252363 2
53 -306.471082233 0.693638089767 1
46 -314.181896994 0.859980427566 3
46 -313.140580916 0.419213411285 3
35 -344.372960114 0.656522956381 1
51 -308.833574044 0.120132107312 0
54 -305.817294962 0.85486708264 1
51 -307.892667337 0.949123746947 0
47 -311.735921533 0.909899589595 3
60 -304.127566122 0.913414177385 5
51 -308.782274367 0.726918627825 0
63 -303.330186653 0.582031903217 1
53 -307.022296938 0.600705478852 2
64 -303.57534978 0.857406705317 2
63 -303.677589819 0.0684923544116 7
63 -303.619205463 0.97126415498 1
51 -307.730009537 0.686877437047 0
59 -304.249598519 0.251057051971 7
63 -303.626825357 0.237298329325 6
68 -303.235039855 0.383196841917 2
64 -303.349108226 0.302401405621 1
57 -304.930628118 0.758962634776 3
62 -303.70796908 0.428601165434 7
68 -303.207856429 0.335960580974 2
51 -307.850882661 0.261584910694 0
56 -305.015336655 0.99560978251 5
61 -303.684891936 0.630271532513 2
61 -303.723614508 0.319377656289 2
43 -319.208725005 0.80749326066 5
54 -305.413520033 0.497156926391 1
46 -313.580395217 0.61383819351 4
46 -314.765873174 0.334337505378 4
66 -303.229065645 0.506093760829 2
53 -306.760309242 0.823968657376 7
49 -310.45704529 0.643535914903 6
40 -320.932422876 0.116299701894 0
59 -304.247663454 0.186999432522 7
62 -303.597169732 0.353276702248 1
59 -304.110794986 0.166775983796 2
32 -353.406429791 0.787320627161 0
68 -303.237963059 0.735698387184 7
48 -311.912012124 0.893719091246 3
67 -303.199188577 0.690054495223 7
37 -342.658211709 0.0505458059331 3
39 -330.694800446 0.428301038042 0
65 -303.343938029 0.783110637931 6
62 -303.752930543 0.280746978766 7
23 -420.016761401 0.240167686996 0
58 -303.478973758 0.778845285604 6
43 -320.919576437 0.428604931749 5
39 -333.845360827 0.890910469627 5
58 -304.410080617 0.0853702792128 7
61 -303.973615706 0.566008878493 7
34 -355.429509356 0.786190822601 0
59 -304.426388298 0.712013833175 3
58 -304.404250446 0.0263042945203 2
20 -437.277552437 0.00628104285555 0
49 -310.916053119 0.593604413622 4
64 -303.414149907 0.207212584021 6
53 -306.213772498 0.579428933153 5
64 -303.497925061 0.914685629989 6
49 -310.641694955 0.0075506369372 5
51 -308.382801046 0.253909561928 1
41 -326.113694475 0.086034184203 0
69 -303.193585041 0.54705589568 6
52 -307.436418542 0.431368377087 5
41 -322.85878665 0.948322992672 5
45 -316.665194931 0.678057011445 0
48 -311.286911475 0.486010953433 1
49 -310.999358572 0.850953462273 4
59 -303.965200962 0.847271166687 1
47 -313.244177828 0.516243914579 3
55 -305.635472376 0.590012051564 1
65 -303.456736198 0.318665185754 7
69 -303.128641928 0.699756867107 7
53 -306.993614885 0.532989077918 1
58 -304.088744556 0.322460957761 4
58 -304.371822943 0.0559156854454 3
69 -303.069146909 0.421212145921 7
38 -337.952823151 0.53954691327 0
54 -305.655337413 0.731961651352 7
51 -308.868234042 0.878205846477 1
54 -305.664086133 0.703608631742 3
56 -305.1887915 0.663386491591 3
66 -303.296826425 0.252146153711 2
63 -303.640112448 0.87908400888 2
44 -311.860890155 0.770003647893 4
45 -314.927167712 0.0891139092798 6
55 -305.804138756 0.691746373392 6
66 -303.364841277 0.367297736485 2
51 -308.514000799 0.884112518373 1
12 -451.784240483 0.604805828923 5
48 -311.264502515 0.650284584978 3
56 -305.212235356 0.951681208079 2
51 -308.579914385 0.459948670544 2
36 -342.613648342 0.598829447358 0
45 -316.94812451 0.252833646214 3
48 -310.760893183 0.716449631051 4
4 -724.956041913 0.0862122698086 5
60 -303.874331005 0.299459211056 7
55 -305.666165703 0.486876669393 7
55 -305.289252915 0.683890438385 6
45 -316.966107065 0.5891696903 1
59 -304.331653606 0.21471115518 7
45 -310.510876979 0.756589844169 1
62 -303.698017685 0.932065259277 6
52 -307.722223241 0.128779389757 7
69 -303.115984397 0.414521845382 2
52 -307.531511885 0.923327889439 3
40 -330.815185089 0.245331805867 0
56 -304.908172302 0.166875927609 6
35 -351.413451167 0.910760111991 0
60 -304.145139109 0.798895070912 4
55 -305.436674548 0.904447501427 4
14 -447.01317025 0.773935872168 5
48 -309.745269227 0.863627314537 3
66 -303.313634894 0.61592012111 7
67 -303.301163649 0.823265493832 7
56 -304.947744736 0.906582006247 1
48 -311.792208718 0.868389379345 1
20 -438.422139552 0.798319804806 5
18 -442.390736127 0.227865359947 5
64 -303.46969059 0.810068499915 6
49 -310.172878721 0.455002311821 3
26 -382.524414742 0.840579992486 0
52 -307.852930319 0.781135750517 4
61 -303.718190806 0.71480162058 6
44 -313.616558364 0.278873314747 3
19 -439.607315436 0.448116721956 5
34 -356.660514862 0.49493472098 0
37 -340.255924583 0.217953709266 0
20 -437.374436891 0.677371601745 5
65 -303.434985546 0.311091328501 1
35 -351.263674707 0.998985229837 0
31 -347.182145724 0.85358716003 0
17 -443.410965286 0.85770653003 5
19 -442.075262875 0.988511731084 5
13 -450.546235666 0.382399091857 5
57 -304.844107126 0.234345652054 7
66 -303.376912896 0.12498951547 7
52 -307.77846537 0.356786723479 3
38 -337.718402497 0.221737369603 0
65 -303.419369354 0.419767390257 6
64 -303.48667721 0.793793326587 6
46 -314.39364378 0.0855291893071 4
50 -307.434570091 0.837995220531 3
39 -332.677177286 0.251011110099 4
64 -303.56495589 0.9555740816 6
55 -305.436941235 0.0310728931029 3
53 -305.928644098 0.963906234428 3
65 -303.419646186 0.0138107403142 2
65 -303.430695397 0.433674248019 6
32 -367.892355195 0.310952645362 0
50 -308.42358868 0.0127063094886 3
61 -303.97983391 0.166003500087 4
66 -303.322572975 0.871852812987 2
7 -477.1963816 0.23160413367 5
54 -306.363396708 0.319283627712 3
62 -303.708344533 0.964509324085 6
38 -337.038522807 0.25052120017 7
63 -303.673820767 0.28097358721 1
62 -303.569164175 0.321228080726 1
55 -304.453570377 0.513869995079 2
23 -422.122977608 0.0821636478889 0
59 -304.09549857 0.00308167799976 1
40 -330.756139356 0.0444470397594 7
21 -428.456293686 0.360781463201 0
50 -309.538087972 0.286109747768 4
49 -310.671891217 0.53741595168 4
53 -306.943379938 0.992500098035 6
66 -303.332952477 0.270869965732 1
49 -307.223330246 0.953897087768 6
43 -320.595251299 0.53393201107 4
61 -303.773684965 0.836130060845 2
56 -304.983899362 0.170898678642 6
55 -305.8837769 0.0283922579808 3
4 -622.522758021 0.0840572180655 5
39 -332.299712546 0.166298439254 7
67 -303.209254727 0.900327323107 1
56 -304.970200763 0.0177559029344 3
42 -320.162014822 0.181974826984 4
56 -305.155051548 0.817949459654 3
64 -303.373242063 0.837523170532 6
53 -305.818446252 0.345654277284 4
62 -303.762479793 0.668508203167 6
54 -306.468181996 0.684794450385 3
64 -303.516670502 0.171458259531 6
54 -305.436813727 0.0512339763283 4
58 -304.630287453 0.306427709418 3
56 -304.805366242 0.388697861987 4
45 -314.847468315 0.0801018229501 7
39 -328.609420417 0.658763353502 7
38 -333.467912305 0.0159082473815 7
32 -363.722212621 0.371635049875 0
56 -305.041196102 0.039852555394 3
42 -317.886887859 0.771050838192 4
66 -303.369374761 0.807867340354 1
39 -334.868782026 0.86223161591 7
48 -311.067168782 0.382614467322 6
35 -350.780385516 0.953133137238 0
60 -304.113913824 0.994139676931 1
34 -352.375465088 0.188745871894 2
56 -305.135335858 0.769961156276 4
56 -305.390252816 0.970194497179 4
51 -307.753574153 0.0287644989394 7
53 -307.1750291 0.868357667671 6
45 -313.798574294 0.542833072 6
50 -309.697985625 0.510535258685 6
32 -363.258788919 0.506801120139 0
54 -305.725665111 0.932529049968 4
56 -305.288087042 0.620183461015 3
36 -344.924706283 0.0728804920522 2
34 -350.192907881 0.0820457561622 2
32 -366.886484791 0.225762702012 2
36 -347.436833309 0.537597963316 2
32 -366.425538223 0.866834709484 0
51 -308.769725783 0.750596112277 1
44 -316.694999236 0.203484063629 7
56 -305.424447127 0.959083941545 3
52 -307.618234197 0.240367639624 4
59 -304.3822554 0.186402136286 1
59 -304.190231853 0.71786445012 6
16 -444.116569914 0.515839760917 5
50 -309.480576762 0.312285271327 4
15 -445.813144165 0.874515684495 5
50 -307.195554957 0.154124713041 6
33 -356.598841701 0.00180167074436 2
62 -303.678551316 0.836227805183 3
20 -438.097741169 0.228091779157 5
49 -307.269857851 0.953372974599 1
56 -305.161901643 0.980334573176 1
59 -304.364561417 0.379142865737 1
53 -305.606754986 0.90519896395 4
25 -405.923437272 0.00808670704298 2
48 -311.280716744 0.865746853162 7
41 -325.995582571 0.575896663165 0
15 -448.817742012 0.983905232774 5
44 -318.066648478 0.221089866592 3
43 -318.650092067 0.0407619262074 0
4 -573.08241929 0.959894749134 5
60 -304.157116864 0.307776614986 1
38 -321.772191021 0.529528276231 3
55 -305.248571883 0.557849104277 3
18 -443.881362511 0.142327169306 5
32 -367.208937199 0.206122653 2
29 -375.394161146 0.909969817122 2
67 -303.253996754 0.832873814219 7
27 -394.090422866 0.938477553676 2
64 -303.366593228 0.0693154286804 6
55 -305.74826002 0.182586858282 4
52 -307.969650268 0.939946357959 0
67 -303.271116296 0.67684014593 7
51 -308.154101869 0.230871311295 0
61 -303.687597414 0.192024169747 6
52 -307.167507381 0.4989531354 4
66 -303.357073725 0.808362112533 6
63 -303.547508561 0.0557533098048 6
63 -303.413618116 0.00315979426093 7
68 -303.212078559 0.949336455067 7
52 -307.169084733 0.822191829401 3
70 -303.111819635 0.758707370258 7
53 -306.480480396 0.0130452249479 1
51 -306.784316031 0.641331265264 1
66 -303.336528902 0.0837312767319 6
24 -406.17817726 0.651854498764 2
41 -327.19010963 0.402672778724 4
32 -366.552566289 0.343070566681 2
71 -303.107240499 0.902673445119 7
44 -319.026127237 0.288925223914 2
42 -321.886555411 0.00337205888508 2
40 -327.964816106 0.0155769008957 0
49 -310.793857965 0.138104594287 3
37 -338.672301566 0.761165343777 3
37 -338.88132442 0.314621850825 0
71 -303.071508317 0.436721429508 7
50 -309.408440189 0.706546928433 3
54 -306.463658389 0.139453002946 3
51 -308.242315939 0.1758596372 0
24 -414.224591639 0.0704814863211 2
48 -311.511493865 0.0284767897549 4
28 -388.282681404 0.546185019688 2
71 -303.096954209 0.176745784422 6
30 -379.770802429 0.527289346819 2
26 -403.998790111 0.273572379139 2
37 -342.667032486 0.725778882122 4
40 -323.043349584 0.402230511405 4
49 -310.002037711 0.217483067081 3
44 -316.705541798 0.981810042246 3
71 -303.093413381 0.174705578494 1
24 -415.727181895 0.278756673447 5
69 -303.18680112 0.851773627945 6
38 -328.419620041 0.920246714353 0
71 -303.106204259 0.847760165628 7
70 -303.1217029 0.977305469507 6
70 -303.146676597 0.767428725059 1
69 -303.180770665 0.128095378348 6
19 -439.74573424 0.906996658165 2
69 -303.185519255 0.561059269763 7
71 -303.038349831 0.048407716398 7
70 -303.142844374 0.924001805189 1
25 -408.413780919 0.862165966895 5
55 -305.575898412 0.219814038907 3
53 -307.000938238 0.849285477765 3
24 -409.318016145 0.205420688671 2
30 -380.237015934 0.958358772141 5
69 -303.152744545 0.858994320887 1
69 -303.18906263 0.671076488913 6
68 -303.226627315 0.914986926047 6
23 -410.139207282 0.0222725149678 2
70 -303.125257166 0.493991972404 6
65 -303.456622495 0.0592483594392 0
69 -303.151438 0.283241166408 6
65 -303.459430211 0.442898090644 0
68 -303.238170293 0.320588348898 1
34 -350.916928074 0.468341328158 4
13 -451.171439091 0.55592861343 3
49 -310.95257485 0.0757401564472 2
68 -303.074970325 0.895491309289 7
65 -303.473890619 0.514615544651 0
46 -314.645322185 0.797196853118 2
69 -303.167265238 0.473895289023 1
29 -375.051595543 0.81305991744 5
70 -303.146255676 0.158684509168 1
65 -303.452313979 0.953396639914 0
64 -303.569576482 0.416861795329 0
68 -303.228868823 0.00339158624174 6
19 -441.450110955 0.336369755745 3
70 -303.134710448 0.228589813726 6
3 -496.616583606 0.523182107169 3
24 -416.406321168 0.267852144759 5
27 -397.824052349 0.399794810675 5
22 -410.124484161 0.129916088558 5
28 -391.095565445 0.842824212903 5
69 -303.167053955 0.988886595067 1
68 -303.226858563 0.0476116165407 1
17 -444.53319336 0.217231874844 3
65 -303.455243839 0.801563154036 0
13 -447.260983983 0.921506394007 5
70 -303.147034694 0.223324623784 1
11 -459.334450007 0.538210880359 5
2 -1071.9054764 0.684661972763 5
67 -303.287489335 0.555407135008 6
12 -451.446785408 0.619022118599 2
7 -478.046675549 0.930580516354 2
