0.000000000000000000e+00
0.000000000000000000e+00
0.000000000000000000e+00
0.000000000000000000e+00
0.000000000000000000e+00
0.000000000000000000e+00
0.000000000000000000e+00
0.000000000000000000e+00
0.000000000000000000e+00
0.000000000000000000e+00
0.000000000000000000e+00
0.000000000000000000e+00
0.000000000000000000e+00
1.952977671165433336e-293
0.000000000000000000e+00
0.000000000000000000e+00
0.000000000000000000e+00
0.000000000000000000e+00
0.000000000000000000e+00
0.000000000000000000e+00
0.000000000000000000e+00
0.000000000000000000e+00
1.539927269727486174e-81
9.563455242116170295e-138
0.000000000000000000e+00
0.000000000000000000e+00
0.000000000000000000e+00
0.000000000000000000e+00
5.085112421829719635e-95
1.288930869422770770e-57
0.000000000000000000e+00
0.000000000000000000e+00
1.892397069442094860e-236
0.000000000000000000e+00
1.878120948152715772e-57
7.345227781619977553e-68
3.029863046531290740e-210
3.545478773645124493e-59
1.904025055911847506e-59
0.000000000000000000e+00
1.359997705851285076e-79
1.273897026471665563e-68
0.000000000000000000e+00
1.033049793583962899e-65
1.650559696187110364e-232
1.601480515097375542e-210
1.698711098873660420e-54
0.000000000000000000e+00
7.938764954565120417e-63
0.000000000000000000e+00
1.322539622365034812e-182
1.048738431366805419e-81
0.000000000000000000e+00
0.000000000000000000e+00
0.000000000000000000e+00
3.541003026349906820e-93
9.176475916802400987e-64
1.894210462320068261e-54
1.835508055894194434e-62
7.951646080222761882e-57
1.456234132350574141e-52
2.546175779810292113e-214
0.000000000000000000e+00
5.693065435473933882e-70
0.000000000000000000e+00
4.450600154879458533e-57
0.000000000000000000e+00
1.710557202818350294e-51
5.309966951202749790e-56
6.641000343904425448e-58
1.842141012913035835e-242
7.446074779890152300e-55
0.000000000000000000e+00
1.763628217578462553e-55
0.000000000000000000e+00
0.000000000000000000e+00
7.136502332169859358e-62
1.129588808417767603e-53
0.000000000000000000e+00
1.791625413658246580e-53
0.000000000000000000e+00
1.296558471384030488e-201
3.253489576061836243e-52
1.196290225881806816e-120
0.000000000000000000e+00
2.869595729454981963e-52
6.713514692483962232e-53
9.976072124364811398e-54
1.334722703265830883e-54
0.000000000000000000e+00
1.033533437679333938e-192
8.150949151765416832e-51
3.310103441620483815e-53
0.000000000000000000e+00
0.000000000000000000e+00
7.168471371422262426e-52
1.504714376357362181e-51
3.753651544310683168e-57
8.203527556069314114e-48
2.916545361189379485e-49
1.632672385100732639e-54
1.458848766975795044e-73
9.337403535446096954e-48
3.915627150770802982e-50
8.585651484236449407e-51
5.022863924204972223e-66
6.028082747635327113e-62
1.804512161998343143e-60
1.789736500143813228e-48
4.305056474475966274e-243
0.000000000000000000e+00
1.092600507024587241e-52
1.256252580749962074e-52
9.319560192035357374e-61
5.748141172170252886e-54
9.099893689628020206e-99
5.300971493289010413e-50
0.000000000000000000e+00
8.161373280757839579e-53
2.624812731291963677e-51
2.210275278174367784e-52
1.045935127778450034e-49
2.385589298514006041e-241
2.175282323047885928e-50
6.114850526078921274e-53
1.261992482314423417e-54
0.000000000000000000e+00
1.360591065549702629e-56
8.715123937372359325e-53
0.000000000000000000e+00
6.079371762034785396e-53
2.387548689158696712e-48
0.000000000000000000e+00
2.258872531636763577e-46
8.530457086912718972e-79
0.000000000000000000e+00
1.478044749462678745e-46
1.155622627178154295e-119
1.366703044844173123e-80
1.542570180086174178e-49
2.669726402877383805e-211
1.002687756946781968e-49
2.012759220095930777e-52
2.663265409183900333e-57
5.023946944671180254e-293
2.178144355281176534e-54
0.000000000000000000e+00
2.702291002909284629e-50
9.043035680337770891e-50
4.890219324087106450e-52
6.641676551951465090e-50
0.000000000000000000e+00
3.347647026456734703e-76
0.000000000000000000e+00
4.416566755122873340e-53
2.120563351860496998e-48
5.740635652992237819e-54
1.023021379795129277e-45
0.000000000000000000e+00
9.422113504203314371e-70
0.000000000000000000e+00
2.445822256407069520e-169
0.000000000000000000e+00
7.407740757673588919e-50
0.000000000000000000e+00
3.481179711950624936e-53
1.374776658690750314e-62
2.918764006974981741e-49
4.734508488531218333e-57
2.168140703326069613e-48
3.502684386251721655e-53
6.534376982955733882e-47
3.984161787242871410e-53
3.991922478868867814e-54
5.571464280428541715e-55
1.808579384909988691e-76
1.251609961799423234e-52
1.444427499414998777e-62
2.159886600162405611e-48
4.741454960893196317e-50
1.739307800018901744e-46
3.406656566024416552e-54
2.258913211621866514e-51
1.260039354125058638e-73
1.221298211902248798e-47
7.427244632282573016e-50
4.937589462382519465e-53
3.752387514757479737e-46
1.872566034297860699e-47
1.352262284703452996e-54
1.448883221172426206e-49
2.460839550374877956e-55
1.191292190192648218e-47
0.000000000000000000e+00
4.164764095794519141e-57
1.659015293275417568e-47
5.585831589433108498e-50
2.583056218947293315e-66
4.164822179922291314e-51
5.009870892959349429e-75
7.743527745806956539e-119
4.347575193920010772e-46
3.359012558508180340e-49
9.229887048675349730e-53
3.472596360538073058e-63
6.374680282996662267e-47
1.742777004059730656e-57
4.267494355013168187e-59
4.293495756881989540e-65
8.321673979880085642e-47
4.927805708468063999e-197
0.000000000000000000e+00
4.576751078335593707e-46
1.539034104123605989e-47
5.580075749055847444e-199
3.510723924575215420e-48
2.992102202243039413e-52
9.539447426094119925e-47
1.637682262025664167e-49
1.956585495970637105e-54
3.754822981389358009e-45
9.098717836697195397e-48
3.214097355397217089e-116
0.000000000000000000e+00
2.620492200434681017e-76
9.063810003646455986e-46
6.911073126705069170e-46
0.000000000000000000e+00
4.369337307867037255e-51
0.000000000000000000e+00
4.747506848528071281e-46
1.389266661674125132e-48
2.247689138447527318e-46
2.877839197237966364e-51
1.877920111108861009e-47
1.661181247632003733e-45
4.631147022147104137e-50
9.573655199195693073e-52
2.248166517387739835e-122
1.441065806749962380e-48
5.983936992315920619e-46
1.114600264579678803e-48
1.183187971284979428e-46
7.101179988987497730e-64
2.899768928933204189e-54
4.197969149562157636e-48
3.380076842067850730e-45
1.151886948961704541e-63
9.099893194358466601e-46
1.716361097999594791e-45
0.000000000000000000e+00
9.020771463030544016e-44
3.363674452762936159e-45
5.684513186184544719e-46
4.114714699440719130e-63
1.177482793978764129e-44
7.244129706695590469e-46
1.640778424218395637e-54
2.665747111515677885e-55
2.570532301921852010e-86
0.000000000000000000e+00
1.303020698884144758e-45
5.150590206215802601e-46
5.097794019841906698e-53
1.858282124605959954e-52
0.000000000000000000e+00
0.000000000000000000e+00
4.638175528713511938e-60
0.000000000000000000e+00
5.754686124291581681e-52
4.646437546721507490e-46
7.293473304650469585e-50
0.000000000000000000e+00
1.043699325164673414e-45
6.000295744798023574e-89
3.414055014335395218e-45
2.130203633677243586e-50
5.622147914225786728e-52
2.910913785809580970e-160
4.753487204456975343e-45
4.776670467606618937e-74
2.186922060735145944e-47
6.195207510857729295e-53
1.945978278136258160e-49
1.239200546332482419e-46
4.318524657189723320e-49
3.886632708585896345e-53
8.553702615634888661e-44
0.000000000000000000e+00
1.876224973937733557e-47
7.800785399642021552e-61
2.328751636941742741e-46
3.807441085462366395e-50
2.463993853133231659e-45
8.831953597106683103e-46
3.288654016243105755e-45
2.748694142364751274e-45
7.108281981211324966e-44
1.528867163069760494e-80
3.067817581022271101e-54
3.242477856361285928e-45
1.304800813902391700e-47
1.341414256832267010e-66
3.602540667548205502e-48
9.757300911808594251e-46
1.439681303586054175e-54
2.772635081681318328e-52
2.231673817163734835e-45
2.096132631534368466e-46
4.922031970396994725e-56
4.117521476641595386e-45
1.283549979900028415e-76
0.000000000000000000e+00
1.884567777535163475e-64
1.365057764420303353e-45
1.047153331158513520e-45
2.778472148277613230e-43
3.514912984442935199e-45
1.291372135620540775e-47
1.019869894131344012e-49
6.201281130568480642e-44
9.537785605259607805e-44
3.573133382548361846e-52
9.666257364907147498e-46
2.443149004263662978e-41
4.725079812124104069e-46
0.000000000000000000e+00
9.927268765805614300e-45
7.223692530527498206e-47
5.164286205878301551e-42
7.989133118034744168e-53
3.162345650119097702e-45
6.593746195390664667e-43
7.026532450740684739e-77
2.729074314771784522e-66
1.769006131987300563e-48
1.018815781072831374e-45
1.560545857947449465e-45
8.610193707034976116e-47
4.828591703957922664e-44
2.784589642209524078e-50
1.084735663325195244e-51
6.071986895043888516e-86
1.835735296887178424e-46
1.427467841682388291e-45
1.494930039020739679e-46
9.775014267522668946e-45
5.779928416162571727e-46
1.917541038544721315e-54
2.195111214795106650e-45
4.327776020181414565e-46
1.394981657688031603e-45
1.022792006674300765e-45
8.737306449133435038e-46
5.639840695700257691e-44
1.749406910684049833e-28
2.273737292070594152e-46
1.507867437679558003e-43
1.298085297822344196e-69
1.962019378762660851e-54
3.895495853602698201e-50
2.776823817217750868e-41
0.000000000000000000e+00
0.000000000000000000e+00
4.877139647724661754e-46
6.192722455712592177e-53
1.468493596777293325e-45
1.096148346917238606e-48
8.892394616932853818e-47
7.114606484485832733e-54
1.596087921389233391e-47
2.310096699696998038e-45
4.518738799537312369e-46
0.000000000000000000e+00
1.730526979957897562e-50
0.000000000000000000e+00
3.194198375976704324e-51
1.646913826116129393e-47
8.748513634265432229e-46
4.736417363053496970e-58
3.492956065048201020e-41
1.961159047568731827e-45
1.082536318406865961e-49
1.225412410529482727e-46
3.151460685122354323e-71
0.000000000000000000e+00
7.663375910878503726e-47
1.822038832987258070e-46
0.000000000000000000e+00
2.008828893834799266e-49
4.668516274040337042e-46
5.234940255874964965e-50
1.370912725630676542e-47
8.384043468463014229e-46
2.764256303326170842e-42
1.872116734692567487e-49
5.314754095913583568e-44
0.000000000000000000e+00
2.726095952259331573e-45
0.000000000000000000e+00
2.507006910745616280e-40
8.683523509436781281e-46
3.246724264808425899e-48
4.495385698963056487e-45
7.230503012191041033e-44
6.687758764666631068e-40
4.470378558194769422e-43
2.701522096399506270e-45
4.355942409388645525e-45
1.052635459262043985e-42
3.179501223528079250e-38
1.031157149201641284e-43
3.452079895123643414e-38
6.676037315312093777e-40
2.943836977429249119e-88
7.335517838973561705e-45
1.211921017659627014e-45
2.091502893960254381e-45
3.824053040296508438e-45
2.277836695233725070e-43
8.482049663978195134e-40
5.587445580941794499e-45
8.152248461308387757e-53
1.163976829693501517e-57
8.555234369187747482e-37
1.252394330530878450e-45
5.825820696718219145e-44
9.378726842605109178e-42
2.091530565070070728e-42
1.412423024432001170e-45
2.515805978347047807e-42
3.790888866762716077e-34
2.690554712003466867e-46
1.571843737228497005e-38
1.734598102341064470e-45
4.976981802521275141e-36
1.766061393730724131e-65
0.000000000000000000e+00
2.842362648647158415e-66
2.737995362193364579e-45
6.624853589895124307e-47
4.762567911568882630e-45
5.246128501382880228e-39
1.319175831888782261e-50
2.286808019118164889e-47
6.913293003388385234e-44
8.071156364829888729e-50
2.096820051728247976e-46
8.460866199516833297e-53
1.255618469105533559e-45
2.152723772124368426e-33
3.493972160018306948e-42
1.734489352922114587e-46
7.132379256895754832e-50
1.058293192263377887e-49
4.314708880801146032e-44
1.986799748800936962e-50
4.668507475749806016e-46
7.803777597920660975e-62
2.389277179859692490e-46
1.178784197932073855e-45
0.000000000000000000e+00
3.211283106132532654e-51
2.068878200521643860e-45
1.104070141568990428e-45
2.907007912238981220e-55
7.254593766222773449e-54
2.613050147091596529e-42
6.233241642082962303e-46
4.010847384210336389e-40
9.118715086936386246e-46
2.533704804015314383e-51
1.640208563423877345e-30
6.233564119872205755e-34
6.718661095873013080e-45
1.357337665686361422e-49
4.234807545997079684e-49
2.511244939711901617e-32
8.279814502755967025e-32
0.000000000000000000e+00
5.725199482844496653e-45
6.592490212930878338e-44
7.216757824404859197e-46
8.366483859260865338e-42
1.194941944376403373e-33
2.926612129088241525e-32
0.000000000000000000e+00
1.819246442114201504e-36
2.956466040972717252e-26
1.581438201007190608e-51
1.111558633922004703e-32
4.395862616667847655e-36
1.317672719187128368e-45
0.000000000000000000e+00
4.500153606608252955e-46
8.916594559151400729e-50
1.677704529050085676e-57
3.749447577918636168e-29
9.030878987768033938e-48
2.450103495535840014e-42
7.231827872490929110e-47
1.371882719173860207e-45
1.490078943842089125e-45
1.365454284641910647e-48
9.097731592151079216e-46
7.956006210233826955e-31
1.825261757034348159e-39
2.690945630521733764e-57
6.175637733627916919e-62
3.588348042326970678e-40
3.366820350296682157e-42
1.946708028511625400e-44
8.391560381217045083e-39
1.945898504552090877e-44
1.669525654730042654e-45
3.206329652633334890e-36
5.385458098468217965e-58
3.184894660581260468e-63
3.493852709404065418e-48
5.542908501458033251e-46
9.675517211132904518e-98
3.843576226141151705e-33
4.603485158640705109e-51
3.626963121751628460e-37
3.529313354888569625e-46
4.554878984496356250e-42
7.154082576901331213e-48
8.708512393923784011e-49
3.338497543357612860e-45
1.080361222589915825e-45
0.000000000000000000e+00
3.049143566957636773e-44
4.194085785162801773e-48
1.202530818759813476e-29
4.048628662026778757e-51
6.623839175626007790e-41
5.338892603895007611e-112
4.186963030419405989e-49
2.041413444726835573e-45
1.715007706831563206e-49
3.421855480208666853e-53
9.812610084622498309e-46
3.896020458262785916e-46
5.135028591148239137e-39
4.899214254825260371e-47
2.888276369023623968e-32
2.911682800482392910e-46
5.893787583727665688e-46
1.432131988452707416e-45
1.318554824043588123e-31
1.977085609531424507e-45
5.837093283717931316e-38
1.555437761631321997e-41
3.468312386949769981e-85
1.312480125986898603e-45
1.175100072543332674e-33
2.428250970126729204e-50
2.725362908666889177e-42
2.728583167184193765e-32
0.000000000000000000e+00
6.065005923660642360e-33
3.153413206970055529e-27
1.380389997090586159e-86
9.937017192140192579e-55
8.813921704137707244e-40
1.701334551831677772e-45
4.433927406984559751e-36
9.656436202632426982e-52
4.936964916341382440e-27
4.143913919339313568e-50
2.817193752489651336e-40
1.723738837807425185e-29
4.900099546629741133e-37
4.860009057859633644e-44
1.611659388007113727e-46
3.105678703207990897e-45
2.411991504650161175e-42
7.831262528500073000e-44
6.281623288217388581e-45
1.045107761335613410e-46
2.620120393870401949e-45
7.451880555428700302e-34
3.831042554790197022e-44
4.448461801596998380e-46
1.554696848664564404e-45
5.186977437534230147e-174
2.921887611908341500e-46
1.285216814651292021e-44
0.000000000000000000e+00
3.103123713757387836e-40
0.000000000000000000e+00
3.906302787427481110e-25
1.021338991881978798e-23
7.817555088163528477e-47
2.433071744700820755e-48
9.167308056041254187e-29
2.548130744510091496e-46
1.826560766373649639e-45
0.000000000000000000e+00
5.082754397386318765e-46
8.335145962021056107e-47
3.038796460832723653e-26
2.179226509634960860e-41
1.721677846111250370e-38
6.139300060701837333e-52
1.828050667618870143e-35
2.886518603172151704e-49
3.841448071167793555e-50
2.662462391141886834e-38
9.691088388416487977e-50
4.879082149190399187e-25
1.695078440826950662e-47
2.174970062027037555e-46
2.853119245422379356e-46
1.203525465919191728e-59
1.623610688720005015e-29
2.520723132070154759e-48
3.479418279465536157e-42
3.484198275973581068e-51
1.708776364582336618e-47
0.000000000000000000e+00
1.349767804510278471e-45
0.000000000000000000e+00
8.856282459219643670e-46
2.523846096673520126e-66
3.663946983112383313e-52
2.506620652800660886e-48
5.528394423231791757e-45
7.255706286294647667e-46
2.063774110124018773e-46
1.314162925502654117e-49
2.525411707691446612e-26
4.419588971360553235e-46
1.888260968740413523e-54
3.943648837151683202e-38
8.243321296004565620e-21
3.652728781089441520e-48
6.069315048047071591e-25
9.900477873051123560e-27
0.000000000000000000e+00
3.607927480581271884e-50
1.122376083369757633e-46
1.905387445391331630e-29
1.542479930279909209e-37
5.965116937554950172e-29
6.997645811832414277e-60
0.000000000000000000e+00
0.000000000000000000e+00
1.561907869469061839e-45
1.273158726203645648e-48
6.702847411191486765e-46
9.461954571322285068e-53
8.094499695533758016e-34
3.452259146295770635e-40
1.622792663397885080e-49
9.235437330146909224e-46
7.908809669995217441e-46
3.053465924902390826e-39
9.598220845204346944e-43
3.768376077892348853e-33
6.518647919345815887e-47
4.896263437998977657e-24
5.273164997660537710e-47
1.873511227709243296e-54
1.711018414771576456e-194
0.000000000000000000e+00
2.810959648559917175e-26
1.060558237526056288e-43
6.148081183567520765e-45
1.651516463726172970e-40
4.900787288400760860e-28
3.442049775367220119e-46
8.521775926993185032e-40
3.712155625531209314e-53
6.257328420211038577e-34
3.698704963594359421e-38
7.507358326866805485e-50
1.018538026592555616e-45
1.686346676700625962e-39
1.563763354202057505e-20
0.000000000000000000e+00
1.059279377673092021e-23
1.351339139958677545e-28
2.509933007538380200e-31
4.964888591447727362e-45
0.000000000000000000e+00
8.152502354836025522e-48
1.977875410924222816e-129
1.386469481963748896e-26
9.004451366518091947e-58
0.000000000000000000e+00
1.286914112055056914e-49
1.950956613954075756e-24
1.052096384906509393e-40
5.260381644833633609e-34
2.943806625580268302e-45
9.211832615708467963e-37
1.462204315135638983e-45
5.046479992174921248e-46
6.667977689524067568e-27
1.117231579729245625e-24
2.003455329423429408e-29
1.269207638398410773e-26
1.641034051795241213e-48
1.854548009310071618e-20
3.970697281011899970e-51
3.278111253900058497e-28
3.709461485068654549e-51
8.581716056618107895e-47
2.210724256555401751e-42
2.269579760893776041e-46
1.914668654982440565e-38
2.357384434141117438e-51
3.207314210153858171e-39
1.405531444457525992e-23
3.983979167110511986e-30
0.000000000000000000e+00
1.161829464540759391e-54
7.500945113806253548e-95
1.060766108434943718e-119
1.805933765215684144e-44
1.409052348255519703e-45
3.848172401987455909e-51
1.322943483544594657e-51
3.298414962286683272e-19
2.671548935502317384e-46
7.379056878748092201e-17
6.894172994262480554e-18
1.427632397871795693e-27
0.000000000000000000e+00
1.491422826023882836e-248
7.057456904605361174e-91
4.187601810204615862e-42
9.765538159561907875e-63
7.077407278178286576e-47
1.073649441395663664e-53
3.472165215167836770e-42
2.319155491934467885e-28
8.114047900926568329e-46
4.133465823175967865e-13
1.198743708210018137e-45
1.192045220489895490e-45
7.596690710431629933e-19
3.067349586396476646e-51
2.894116957073855432e-52
2.675619847924215946e-56
2.692422492737016195e-22
8.877871861982796998e-47
2.024382316210011060e-46
3.625769416250562047e-38
2.838381578070335376e-46
3.502276435689872647e-38
1.172554298536499854e-27
2.312707757295120028e-55
3.649492131937487513e-102
8.554044688161564324e-52
6.943333048803247692e-19
4.171211902414046201e-44
2.000102572662633646e-45
1.081147927382696131e-49
1.271198794058527109e-45
2.619222434135698458e-46
1.339746992127096390e-20
1.221749654743220436e-45
7.244833229028244133e-142
2.088349313195945949e-20
9.406857302099377051e-24
6.963379883370814540e-59
1.170467084715139185e-83
5.608959946799597692e-20
1.294550361360422873e-36
2.431134292215928500e-55
2.669220698365296970e-25
1.494763619761452831e-44
1.949662815846918943e-43
1.125943904831392858e-49
2.328991482219123633e-19
8.750740759254631328e-26
1.327531830436111024e-45
6.578690718213407739e-24
1.649812349521474304e-62
1.410016392202774288e-45
4.504233166497001182e-46
3.188445275510404657e-38
3.325979310344927869e-34
6.393806956678030310e-66
5.275483692300526101e-50
7.781928146511783056e-19
1.153998777445930924e-42
1.063710912867277750e-30
2.257117726932890636e-22
2.169195173552644728e-25
3.491462468203709543e-137
3.211448877437085540e-46
1.907138054552746438e-29
0.000000000000000000e+00
1.184709599471686150e-50
2.217374951924172332e-53
1.600525577256675297e-33
1.211600460326207867e-31
3.850515621850783989e-34
5.843472587651352059e-13
5.235692431654154669e-18
1.547028755143845291e-47
8.536537798773292901e-20
1.121568450517556513e-58
2.927434662814813017e-50
1.118597122867343856e-27
4.554804027817097067e-40
7.619002752063409319e-17
7.506975357552891758e-47
8.008272991537465636e-21
4.455066286749772869e-25
5.662838077500461415e-155
1.407293784721992276e-36
1.191362850745726350e-23
4.276562317863487859e-32
3.764413379653782807e-40
1.011992706960237814e-22
1.633578822344197869e-37
7.238929569785060938e-47
2.340380251936971161e-46
2.574964372237083051e-46
1.219024566901815717e-20
1.532544769650116650e-63
1.437046830349525842e-47
1.171212778764244686e-46
2.310801507352981841e-18
2.229149607602934008e-46
6.172683419292917791e-56
8.607731953866546729e-41
1.057464539546722604e-52
1.542498408280892197e-61
4.249593549820417644e-53
6.310565601281736724e-17
1.152000532672211080e-155
4.678151056966379762e-30
3.299058187569501417e-52
2.573455135070267485e-48
7.850311873847126987e-36
2.751700811958505880e-45
3.295582835002725216e-26
2.009813316232802897e-39
1.042331576433896800e-39
3.035350515939534768e-33
1.973636500748685348e-31
4.926250965557775374e-48
2.771418360942369965e-51
3.315153659882758392e-44
1.542203908836516216e-45
2.853748521084608881e-19
8.000568192800501734e-46
7.486580226348608549e-43
2.499372173511770693e-42
3.208003533117545096e-57
7.973940420905464973e-39
1.122934668748947930e-14
7.699582807421347107e-25
1.447700315586586427e-34
7.683318888118043265e-17
1.981685716109238933e-38
3.669328156242358624e-21
3.488120841256291748e-12
2.934275808459636564e-23
5.713432626926942238e-19
1.115106635200478833e-20
5.240475844157000293e-35
3.706722235143178438e-25
5.771402160092756535e-42
1.120850016886278519e-31
7.397292924831151877e-28
5.314859979719589820e-34
4.223696831984939605e-32
5.185932085520750958e-13
2.260207850771792318e-13
2.608105781481471773e-19
7.290178670559233660e-15
1.950447126680706860e-09
3.277429403578946457e-16
5.141218510205169118e-21
1.614863245261380724e-18
5.861392582511130148e-13
1.226859229431279676e-16
4.081826107589912491e-43
8.994474241635114282e-19
5.433807547904699491e-33
8.296781603787878047e-09
2.683137097461354770e-16
9.492407131429142700e-15
1.719437679317790451e-06
4.195988883838058443e-12
2.029244686657697791e-22
1.992706664098514612e-29
1.128014554077198008e-24
2.216206943185476993e-10
7.912898133988607267e-13
1.859936185534709240e-21
2.344675797176909100e-25
3.944861497484387571e-28
7.317272439834503096e-09
1.489954933129729776e-22
3.334864973051364775e-16
2.600984518478132581e-29
2.035935565171764308e-11
4.671699193673795229e-25
2.239699375362566794e-11
9.540612029302986664e-14
3.749137886216338663e-38
4.271133937663133902e-36
5.811752249045944629e-28
5.127089603392749554e-14
3.162816698042006005e-15
7.340396333433916113e-23
3.903175100718773841e-12
9.158827298383250974e-13
1.414734148378549359e-10
3.950800162972021429e-12
5.835856562289003317e-23
1.347491516997366954e-14
4.506153794309764458e-11
2.811864880254365226e-08
1.784195105803019396e-14
1.102424629817878561e-09
1.126825307906343590e-05
1.130715473412801924e-43
5.002622587472298787e-14
1.696272375395877522e-33
5.383528361804765582e-24
0.000000000000000000e+00
8.289204526169958672e-15
3.634275956412212411e-45
6.979538845516491830e-21
1.676487371490096192e-18
1.061627303113281320e-03
1.366210963946258196e-13
7.921285816669526774e-17
2.068610298762165379e-31
2.753792970546298711e-49
2.098399154312223181e-36
2.467376041872333163e-42
1.133646440812637013e-31
2.237205504218975721e-22
4.205631744911605631e-06
4.323625997361429768e-10
1.888580095952769885e-06
2.398442702893709175e-66
1.917067481650546285e-54
2.030350109297440343e-50
9.247946590949086984e-15
8.363531470605097657e-21
2.787196711120549098e-07
3.362282959275832136e-14
2.962314707232608392e-13
6.273120866572223071e-08
3.812975832285531833e-21
9.900741241277789454e-06
2.909376408714037779e-07
2.876075563808963679e-10
1.652897777418074014e-21
1.822986161380227239e-24
5.221532589231522507e-23
5.715268086448706596e-15
1.442477963958425167e-45
3.027831277465313247e-17
1.400107459902286857e-05
1.279400052547650534e-46
1.770084454935106313e-47
1.145752884956678943e-54
1.180522305428109867e-45
2.125543500112219742e-11
1.370901066461185236e-49
9.504109363680978928e-08
3.008378495349385304e-06
6.038983446945784984e-13
1.029173346456126470e-05
1.212848657026656348e-07
1.948626177029600574e-07
6.790468641555266264e-31
8.535755310748906884e-09
1.756799281059564915e-47
4.571534620516010792e-15
8.648349986449863344e-07
2.820528050777843843e-44
3.041854089697606464e-11
8.418751762654370249e-37
4.702476039907136852e-45
7.214913712002214418e-19
1.367020718795968724e-09
5.084432077582358846e-10
3.068608788282160531e-45
6.731914917124222235e-08
3.694855934308247795e-22
3.811046022972646951e-34
1.357694897933815661e-06
1.539016735764506962e-17
3.122505742738675846e-35
3.556307518753687820e-40
1.376061809222779997e-46
3.504208874999521802e-06
3.846514705846080116e-34
5.182154387586106533e-41
0.000000000000000000e+00
1.473439969603752947e-55
1.013130034299829187e-45
1.580114328131908833e-45
4.818334681176379480e-04
2.566060405583330298e-43
1.374240289912936201e-45
1.195079921743828377e-38
1.891719206512030549e-07
1.642004573359880440e-45
4.326330075435479317e-45
1.214774792477062976e-19
9.454326370044165618e-08
2.073331605196535988e-45
3.484503003994838277e-45
1.528810250782932839e-51
1.528470306395532882e-48
5.161849041473542541e-08
4.818084183498581886e-41
5.373870173864384300e-16
7.663434954104962163e-44
0.000000000000000000e+00
1.989218688254561147e-43
5.212887571606948499e-19
4.814825921366987562e-06
6.356970073121449554e-17
4.282483459494834251e-46
2.496667187662240354e-25
9.978681616994393509e-33
6.581197545226740277e-04
3.434399798654634226e-12
6.836357553022756638e-29
1.886164782295646117e-16
4.800453243866436976e-39
2.092676807386672374e-45
4.416214928784234465e-46
2.343024364605645997e-03
1.859871041018346195e-47
1.602293915568109753e-15
4.071557621395031196e-05
5.253957389868947724e-06
1.069619123784090826e-09
2.142949024440791260e-05
0.000000000000000000e+00
2.030143316209553617e-42
2.729005554813494753e-05
1.180876428063441900e-11
5.188288616276888911e-14
6.179132756908826292e-09
7.197586001772623759e-23
5.800952703412449914e-23
5.461779787741495448e-33
8.131315608898598374e-27
6.569409338004715488e-31
3.098135126281328395e-29
3.053568995160255195e-46
2.608241626641764280e-09
3.429911303263529527e-07
1.262001174196026596e-24
1.876125719565721899e-52
1.132800082941598783e-33
1.801025130138071261e-04
3.133730234277763908e-47
2.648827383918249140e-11
1.801409790629710048e-03
0.000000000000000000e+00
3.435063959808242894e-04
1.832149731317788897e-27
7.015280710031114247e-10
8.870392358034958359e-20
9.605375044510858112e-46
2.631054809405108521e-45
5.710810009920328417e-07
1.224283805231674447e-18
1.692815532326761865e-35
7.150871134222178433e-17
1.874718157758146842e-39
7.918180130981649467e-27
6.375618812917806099e-53
8.144352344901277474e-19
5.579260492352413562e-04
6.964049986592850644e-07
2.014118648246770429e-12
1.204908792779876019e-10
8.875868739460407734e-16
2.001906188326038133e-50
2.042285646697257357e-16
9.954395100613790301e-13
1.254145118890435469e-11
4.333769613134727799e-42
4.792154472131307675e-15
5.605169123021895737e-44
1.456784949399294480e-31
4.597508910786327819e-08
4.898731044658203028e-47
1.872692352994937987e-03
3.633495467800493456e-07
1.559480807522803856e-33
0.000000000000000000e+00
6.969739574300010438e-23
4.330409029077330346e-38
1.103591602648240800e-22
7.066802979752598851e-15
6.432764072750830389e-19
5.117726159940137894e-10
1.498414413537646761e-49
1.280696840327957826e-12
8.550385122765006467e-04
3.672521798065609571e-04
5.248267819532659416e-09
0.000000000000000000e+00
2.505975059725666328e-05
6.950976932662621934e-37
2.777587473781027376e-41
6.784658020571708485e-06
3.145934031167380702e-12
5.526765818774594133e-37
3.918141783613909758e-20
9.759684256034570558e-34
2.190591615591485491e-02
2.574251122107937620e-02
3.054423228927312017e-08
1.931313226909386461e-27
1.215720987098897811e-50
8.433761753368016345e-30
1.641480839546522212e-03
8.323121231864985979e-24
1.653113931480918297e-48
3.912466841680846181e-46
4.923556243866133064e-06
5.008829646750500610e-03
1.181108003045758031e-03
1.626689064526546616e-22
7.550398809059699275e-46
1.381960121244154330e-47
1.156643524841163841e-05
1.156902704100349409e-14
9.206353739502260001e-38
8.818373394512551437e-20
2.408129555887838593e-22
2.204240923803403238e-02
3.057527541694326709e-02
1.144234179072587295e-46
3.976466109775603197e-40
1.532898255828049703e-03
1.471687403847949426e-17
2.093700438062526814e-01
1.376814443760478790e-42
5.207045774848883377e-35
6.013351867860684119e-05
1.421260005491722933e-01
3.446391117113471684e-25
1.257337799717661748e-03
2.333901202559066460e-12
1.611706836296974781e-04
2.666363311970457517e-48
8.071421706111627349e-05
8.033042670021423675e-10
7.601699887389151933e-08
8.041965773132069006e-02
1.022381990329049102e-48
3.137957976158281193e-12
9.751329306231280378e-50
3.826678468404144126e-13
4.300444350189818993e-21
8.477300223748029769e-23
4.843519783551930008e-11
5.910361338508695088e-07
2.532000770125318133e-10
3.442313369939571876e-19
1.486045149382076461e-45
1.900489662548892982e-47
1.599211402503131584e-11
1.768997734789963557e-43
8.612606101490656005e-42
0.000000000000000000e+00
6.781426431669829169e-02
3.260061230681758394e-20
0.000000000000000000e+00
2.700741880809603424e-01
1.316189118961194650e-46
5.841142318527795815e-05
8.834460444733390410e-17
2.701106498439509626e-13
6.016167898152872730e-46
3.875127729475236546e-16
5.166215301191074728e-03
1.532999294148866889e-02
1.013980491207269508e-24
4.147684996978648938e-38
7.796080494350201548e-08
1.050639201139056261e-01
2.061454665584252499e-01
2.486902399404743029e-06
7.130152518650169641e-28
5.715674015292527525e-19
1.322823744443848394e-31
7.703937206626983036e-15
8.095734214263256848e-42
3.000107875956611128e-43
6.709579260161467437e-21
1.610626626730121099e-13
5.921252037149913984e-13
1.674806317994150815e-38
7.911010089691744889e-10
2.460310066519749699e-12
2.701029066757301924e-18
2.229719020313036323e-43
1.804255723275084988e-01
6.459580269846899869e-02
3.174836707715342383e-03
2.537639883273021727e-39
9.962550344785098180e-04
5.464469190604961603e-10
1.824857198681446248e-08
5.653502919934482174e-01
6.720287972806953823e-15
2.226426502874326863e-01
5.667766144083060675e-01
3.014662103445127639e-01
4.660007988382034935e-03
4.496529095161878181e-02
3.024606801541511181e-01
6.528549395624803297e-47
1.994432136048623010e-17
2.371117925323826953e-03
5.374737127902735369e-03
3.852987931682093359e-02
1.868566974742546501e-13
6.022827981477887373e-03
1.800452867295643486e-05
1.457575296572344390e-03
6.113423953192608819e-03
7.305752563318296407e-05
3.085494617993980171e-01
1.252475450501827799e-02
7.775760956771713515e-48
4.266266969059466010e-06
2.939415046593829047e-51
1.617152873524440393e-45
1.201476874160506605e-47
4.233158350602904012e-10
1.000239525424300283e-06
4.057475220819657322e-03
2.842331407254636289e-02
1.600182443647723463e-09
2.675929864871836723e-27
3.383297593888595807e-03
4.520860213858023952e-25
8.357071129563841414e-04
2.345813269835636261e-01
6.945573948349349406e-06
7.800919585819493518e-03
6.267278108890650401e-02
1.662206322088817400e-45
5.432282975289489949e-09
7.069229769014878327e-15
1.760453684424134746e-01
8.041782353500902952e-03
3.856451709439451953e-02
5.754980578714157247e-01
3.382659780619949423e-03
1.773379316910488890e-01
2.234900950371053252e-45
1.011296482716594752e-01
4.985673771628070882e-34
6.534642002391290244e-45
3.481155292297914059e-17
2.780480496698855211e-29
1.540096998425800408e-11
4.368016325574919367e-02
1.356350370648139123e-45
7.438682376246942343e-06
1.201428181948284574e-05
5.061543660893539206e-32
3.634778547989028971e-27
2.470522771268541715e-04
1.214853264745664369e-06
5.882332343721271379e-04
1.262523191434485569e-02
3.230447081498984535e-27
4.354303553181354735e-21
7.192534318607010091e-01
2.401092421411314768e-03
9.797375982944202849e-27
3.525644130689589596e-07
4.717210003975003813e-02
1.440816702155681916e-33
1.096012269499038436e-39
8.760967266309873172e-03
2.255583722363877722e-03
2.339966616787749476e-01
1.113970835911061316e-23
5.154919997856473753e-10
2.201905945333680456e-32
3.572296374933780452e-22
2.708169131898298110e-01
6.946323514383673237e-01
6.387766302635511373e-01
1.391986787234429368e-01
6.435869687139545326e-11
1.110293313734562846e-09
5.665338115383065036e-43
4.008040034929940543e-01
2.647946381804632189e-29
2.237696884247560812e-40
1.522210189382397968e-07
2.403362711075137290e-12
1.088679363119571626e-05
1.360611556700208590e-14
5.698427378772363953e-28
9.887183079874822811e-02
8.165078367571344115e-03
7.270536297783073767e-11
1.273770574605682558e-04
5.903290594857382376e-03
9.742760364201372147e-02
9.389073828400880829e-04
9.660522426689985157e-05
1.153392818017321894e-02
2.086113840201970831e-04
2.281199008105460613e-01
3.328771474852467577e-02
1.625631292417819840e-01
2.699715003211219932e-01
7.777840666962656414e-11
5.629922396716057185e-34
6.215484329041542216e-02
1.596894494085021876e-01
5.698634780590059595e-02
5.115880623477724320e-01
1.672804672037435658e-01
6.355658004366089298e-01
7.987613372803669190e-03
2.023048567734924461e-08
2.051094925434365692e-04
2.844760695378242832e-01
8.755285195646594215e-03
2.003592200360826556e-07
4.742150306851218855e-01
5.511228028503551189e-10
4.458069137375827301e-02
8.632139096962303249e-02
1.241079166175925978e-11
3.864976695112991768e-13
3.166229994245092771e-01
1.004200571520490853e-05
3.594297245127190954e-01
1.642092574755148871e-16
5.763905893960532545e-01
1.359002234092375118e-33
4.007144918689162748e-03
2.473605013202135320e-33
3.117330121145145405e-01
1.720336628762599018e-01
1.580974454890667796e-04
1.057456024169751508e-03
2.501919952362876565e-01
3.801319916525296438e-01
1.111289545748242041e-01
6.360805377235408120e-02
2.138386931070819066e-22
2.730502042080797942e-01
3.878557045878283649e-01
6.892532861479228138e-20
4.656526207882557276e-05
4.659599270542273963e-01
2.544813921170109849e-01
5.026522657088374445e-03
2.711939974875784642e-08
4.049636761316934312e-04
2.366042471604482833e-05
1.011392328515861500e-20
3.365045476383578412e-04
1.039446788230885689e-18
3.173764054712818750e-02
1.343762496146151461e-11
3.131860746930937300e-01
2.696536861623814452e-01
7.726227114902814996e-01
4.308307384428018416e-01
5.914175118032303224e-01
4.390266045523067429e-01
7.579145567251476026e-12
2.177914089439381938e-08
2.591121992740060313e-07
3.762800178980055245e-07
5.297635922104472736e-21
1.029725393289589455e-17
2.378804035710924657e-03
1.222723583782151393e-45
8.530397890342978101e-15
9.382227543976937734e-46
7.218391450059117714e-18
1.645780366339141250e-31
3.457834282331072595e-01
4.381603082405428201e-02
4.408556931040986097e-49
4.389778442930264602e-18
6.765050855158754550e-26
3.400157073867975943e-01
6.609314949402746164e-02
7.865357759529091215e-10
4.939318266768339453e-45
3.200684137345317093e-01
6.261001061447199500e-13
7.223839573375225175e-14
1.522104573895208257e-01
3.086356699908248680e-01
2.106673647291557039e-01
3.591923737950357687e-01
3.647938245499017240e-01
2.443370466203500080e-06
6.480397058038295244e-01
2.049537482801268008e-37
7.691702730762066385e-11
4.184756486285010078e-27
7.004589453623172313e-02
7.087236842432099020e-37
7.460973479958097343e-01
8.546489565688598553e-05
7.863003932953203665e-06
2.288194456465113384e-20
2.242232825407317748e-02
2.712503968427563694e-01
2.113176965071094422e-40
2.991415094309121669e-01
4.313140168970697186e-01
1.341882432802108401e-40
1.526781200844170680e-08
1.145435092679006255e-11
3.839265707538797034e-01
1.107111481854110291e-01
3.040782527791933143e-01
1.876152544678683365e-01
7.061218251926196581e-37
1.044876859369390333e-23
8.837722099200980225e-04
3.211118906211784529e-01
1.138072560997989907e-04
7.076784507087666709e-01
1.116041917894929612e-33
1.284590614926762742e-01
2.067259527033594181e-35
5.999324680022033774e-31
2.340402621579016074e-01
1.288211772665343313e-01
2.671665473720110096e-01
5.190950626652947216e-45
2.440114965325112517e-01
3.127721492365289624e-01
3.375490763402262395e-01
8.476837055967222482e-38
1.436636338959075207e-02
3.108515996458335873e-01
9.175908743178930398e-21
2.530645342546781249e-27
4.301839216314601311e-02
6.140940445733048536e-01
7.217399001776430375e-68
9.569835641598826528e-27
6.696163385539732069e-04
4.072304691367785175e-13
6.440036874785039986e-45
1.820516900434171413e-25
1.359427422546608628e-45
5.166402399333819320e-11
6.479401342113004654e-20
4.835839662703243048e-39
3.938380064704591599e-43
9.137105370888305711e-02
7.760109983746152740e-46
4.570718145510866036e-45
3.027457961744308701e-01
1.434083530597476276e-37
4.335059385135326959e-01
5.363140967636882417e-01
1.199904981448294172e-04
1.595247205979190737e-12
6.422038840068666909e-20
6.857191325941093359e-06
3.567499188434473112e-01
1.996727336513945196e-31
1.934209989020714412e-16
1.399294176627030317e-01
1.310523521747524588e-12
1.293910073484994466e-08
8.748158466764444395e-22
5.121503283392495609e-01
1.059397866540668781e-01
1.934249946293488196e-07
9.617109771004864194e-02
2.240029178459950199e-01
5.345478171816938628e-01
9.606523711725388640e-26
9.479566416239646313e-25
3.142901486322197679e-01
3.863437014244932577e-01
3.213542202074867182e-01
2.776944292704462414e-01
1.570519477515781727e-08
2.765188206565797335e-01
4.206153234080273751e-01
4.882864464705142793e-01
1.048469734361292260e-01
2.304340993148258285e-03
7.265732464822616254e-02
1.288824989521173726e-02
1.306983642535725909e-01
4.252713934649035576e-01
4.034891699434566825e-01
2.987302822729021035e-01
3.103473959660509789e-05
3.332731727812665405e-03
4.571772264380012940e-01
7.822565230515793160e-04
2.839246608602156718e-01
4.465774888322997516e-01
3.148583890334495372e-01
1.725424967358268883e-08
3.852605126680301306e-01
2.587501473685852038e-01
6.121706698766976595e-01
4.003832121969952973e-01
5.546288221347158709e-01
6.522655713275478107e-01
2.202203170668187873e-44
6.891336444064284361e-01
1.470295140446082997e-02
3.789901428570889187e-45
1.640003345991728478e-01
1.279180842133032792e-01
2.892444339191759251e-01
3.360810634457701007e-01
3.972157403821990340e-01
3.318556197510665884e-01
5.002347625908268978e-13
4.297741558419322927e-01
3.586186925610452270e-01
5.410079628175249594e-02
5.332626009126500977e-01
6.825117249797865021e-03
4.694595366990924612e-01
1.467756571610912275e-01
3.749574916428407567e-01
2.620216664886508284e-01
3.033319891440611898e-02
2.652926620957207771e-01
2.968281129886559122e-01
3.704132966163307672e-01
3.157727012321215887e-01
1.309863627992352109e-09
2.905851464103521020e-01
3.444497918490769250e-01
2.496002258585908185e-02
1.579491570276489731e-01
6.292963704907511557e-01
3.415880122341881098e-01
5.036701479041800350e-03
1.143918358386566145e-03
6.673918360276460682e-01
7.620086428781795984e-01
8.313214681231592684e-02
3.260411035305736394e-01
2.672959684329488939e-01
2.302964062640735499e-01
2.887813036126000710e-01
3.100395223253084053e-07
2.623841206358367914e-03
7.556487865770741438e-19
1.396238015604991427e-33
3.932442014603821626e-44
6.621319057828741113e-37
2.705995541392908765e-01
4.117670787860225056e-06
5.028846351961131500e-01
2.866157471356713103e-38
3.912054288433308158e-01
3.226198791710610026e-25
3.719019245163076581e-01
2.137777182380322036e-02
2.162091154375057195e-02
1.424582350350698801e-01
4.370783130568561825e-01
8.022857027461105517e-02
6.782495892722085113e-27
1.263099346334672080e-01
1.817811551055635015e-32
2.357770646176432228e-01
7.166486781363498038e-01
3.593146600984954975e-01
6.149421365538338957e-01
6.725733169241728815e-01
8.904193177096986211e-02
3.063294408665548895e-27
1.888735199459002264e-14
6.354173586444774108e-15
4.429899710086507292e-01
1.213156653623974537e-18
3.106682932352723414e-01
2.985871091794806143e-01
1.068979642774691870e-20
1.397877664244041862e-01
1.019351373093774910e-01
3.744401395214698447e-02
1.424493877986485191e-01
8.215785126907902691e-02
4.129660310696309233e-03
1.179712257933234637e-04
3.973850815619920929e-01
3.150992344794030786e-01
4.383924834220289182e-03
2.391192466300623778e-02
3.710774011538739430e-29
8.066583681457207615e-10
4.437632196547199037e-02
6.663056561589401905e-02
6.691175857844533579e-05
1.139743739222681823e-01
2.109953021164185163e-02
2.590391315725891486e-02
2.677398519449923284e-02
8.333122713855156902e-24
1.041181992438651449e-01
5.002194478639980790e-01
2.185113805069930672e-03
8.868373035299739754e-06
7.721614229003125290e-05
2.201045740984449223e-17
6.843297644329130608e-05
1.652869555582242578e-01
2.950368264935225304e-01
3.207026532148863351e-01
2.781147295270134308e-16
2.255682268731593054e-02
4.159037764856127312e-25
7.191766575734180243e-24
4.650735152054499832e-01
2.741666926830287898e-01
1.912663434853875070e-05
7.188549981778254994e-01
9.880726929681446502e-02
1.594025260580229648e-04
3.382426006614526924e-44
9.145836467861474459e-03
4.010094746291319004e-24
1.099426851902444713e-01
2.244451761721356107e-17
2.525552959390675570e-30
2.521601206540987539e-35
1.696039934566849115e-14
5.445089375423656596e-44
9.219553432173965632e-16
4.055700365318925527e-01
3.021968223320748683e-42
2.541443681560707213e-01
7.055173463234744313e-02
4.739447112730706645e-03
5.406334811867713475e-01
8.988051833548063585e-02
5.019231998611785773e-08
9.929743887502232025e-02
8.009119879108206330e-02
2.667278377221547025e-35
1.392373863481031759e-01
3.307761170914701870e-02
3.923767373713438828e-45
2.605787117701957034e-01
7.777968310391758852e-45
1.151739032461003981e-01
5.208534839065810705e-29
1.212041817923159154e-01
1.062607805072995084e-38
3.574719568714365137e-01
1.911057252544971520e-22
4.578792516194596906e-21
9.130002412947452184e-03
3.318642294545838394e-46
1.816781791014724810e-05
2.142120656610647586e-02
2.298602801854583884e-03
3.366469530743259179e-226
4.131091432587460227e-02
6.093962067592434417e-01
1.006588471051307471e-01
3.568103821073796700e-02
3.342586595720562631e-02
1.016518324397246721e-63
3.868928309560752638e-32
2.861013760906071512e-01
2.674042433264942759e-02
7.949441464814483468e-05
8.660128720638451960e-02
6.931734380730461553e-02
9.916769657817468830e-02
7.958103032314485514e-02
7.176101646571901582e-02
3.662275125653988161e-01
7.275627786239413641e-02
3.702437797010894038e-01
2.894734437961840240e-24
2.471839625494325621e-01
3.865814823938668564e-03
6.181073047950017552e-01
2.463224376710660135e-01
9.405952770297743015e-02
2.336334620723760913e-01
3.080539857797844339e-01
3.055402124060844216e-01
4.707615238518736075e-03
4.191244254728931744e-03
4.878035331276487918e-01
2.665583788932725934e-02
5.775671082760107554e-45
3.313660860881545434e-01
2.700643921120768343e-01
6.618429064006534079e-02
3.750838744345126319e-01
4.072310447862502736e-01
8.919590682212851993e-03
1.994155844051455933e-27
3.205559786473831108e-01
8.243717923984893929e-05
3.890996299409719139e-01
4.019706448201187249e-02
4.742307069181616042e-01
1.065266590868180034e-02
2.873080725022493190e-14
3.005330078747138201e-01
3.874369492757432851e-03
1.313559190461641157e-01
3.576150927613058750e-02
3.066394199614201899e-01
5.203133818612281081e-01
4.474372347963602448e-02
4.729163216487468346e-03
3.154766838460313057e-08
3.373800493708783432e-01
9.149387735492909776e-03
1.631372210680190649e-16
2.272258895591317343e-03
3.949443734804884872e-03
2.356347306353344662e-01
2.593751644123392652e-01
4.109184014294072623e-02
4.469903388227265337e-03
2.468654155663795469e-03
4.416467648929322393e-02
3.907331390384430336e-02
4.413264733803593486e-03
4.106763481208799277e-02
2.823428332476915202e-13
3.206709569940126570e-01
2.209684744687028142e-03
4.947605218333932639e-17
3.427102764373816945e-02
2.284423664411474025e-03
1.346847816831310598e-16
2.167342723904492449e-27
2.444713592274564730e-03
2.709835108673415709e-04
1.472783116634157007e-13
1.106778847007323929e-02
4.429783248479589042e-01
2.849545045948669182e-25
4.113694636473978761e-03
3.564919946873856826e-01
2.349364345713588886e-03
2.547364069069758541e-01
4.197327594448563733e-07
1.736153358149423171e-21
1.411790977652203072e-01
3.161593231591418585e-01
2.636553575280290579e-02
3.919064588796795055e-03
1.213161291226466793e-01
2.742833831143935419e-01
1.936983801421902500e-08
3.049682472248350528e-42
3.704029749715709611e-04
2.639691488401589292e-01
1.411081869374746787e-13
6.625664616955720745e-03
4.281594294696366987e-01
1.058807963177914868e-01
2.788163545068407479e-04
1.321423953721179434e-01
6.626147565847197423e-04
3.478265234046875112e-04
3.658483376215129063e-02
3.391628740314069860e-03
9.079404051227957543e-04
2.830507345842019051e-07
7.734685286685494265e-02
6.250123171499278873e-01
9.039763675702419121e-01
5.758274336029016970e-03
3.358372715784030960e-01
9.070617205180790329e-03
8.081027335990267346e-01
2.256000328818998438e-02
1.115344727641467970e-02
5.191633530583418989e-11
4.510138551408354041e-02
1.799044939769323392e-01
1.128645781160806522e-01
6.884854674177127900e-04
7.064186583734924363e-02
9.660276973265111700e-01
3.047083171657176681e-01
4.093359450523269966e-02
1.500614273487656247e-01
2.593376313400174355e-08
9.477905953581900952e-03
1.376143370743914685e-01
7.300071918784015734e-01
1.048077461999200738e-01
2.131061674559101593e-12
8.414334547507372011e-06
6.598326720893354924e-01
5.010168445465678841e-03
3.437431796852722932e-01
4.563954175332391450e-01
3.389681621220808072e-01
3.628613308517593039e-20
2.310079501399111834e-01
4.128191500281417569e-08
1.442066093342965525e-11
9.601512754961315831e-17
9.785214965146868393e-02
4.531375473203603788e-01
2.247325305305864461e-03
1.122475229242306943e-02
2.233054760817865359e-26
4.758254212996451127e-01
7.512719641798623615e-02
2.237358609513649677e-03
9.881928676636722239e-03
2.842437452562899159e-09
1.314119762614977122e-02
1.426815409252018159e-28
3.680662876664199668e-01
1.236868268404232585e-01
2.444257689567316035e-03
5.606576984243163420e-01
3.002183951162823259e-25
1.000000000000000000e+00
3.361656297255577464e-02
2.204502656566150465e-01
3.872529383522019253e-03
4.612904204692450846e-27
2.176109490147914299e-03
3.577115971948566786e-01
2.238624142892999813e-18
3.306751654062557444e-01
2.490635212807052745e-01
2.562850820071919111e-01
4.681242776303840777e-34
2.316209091052114117e-41
2.488854767966789394e-01
2.219844083791626312e-03
5.732592560238673640e-06
8.926850314546222681e-04
4.978877226016019675e-01
3.047369476853489245e-01
1.356215935693382349e-02
2.267135739251479026e-03
9.534508705403705849e-04
1.006206689454904185e-01
6.077817357045477934e-04
2.235865911329154956e-04
2.956548816572603378e-01
2.713966568231457877e-01
5.542762778846346272e-01
3.571165435823118323e-02
4.259913424251142444e-02
5.907960917313504624e-11
9.988272763421014221e-36
2.459526765994074233e-03
2.623785712983423002e-01
7.442898230962578332e-35
5.066656627418987258e-01
4.901290959490861326e-25
2.503141072903481562e-02
6.189357344481154144e-07
7.159792408162160560e-02
7.751133589476660868e-02
9.301968653176466775e-03
2.190255549716125377e-02
9.162849108180295705e-04
5.141836541729855048e-01
8.458722660121450177e-14
9.129622242449323202e-04
1.139974306837046170e-20
3.309013127304531417e-05
4.121338486726295117e-03
5.565310617536837037e-10
2.452352208646773057e-01
9.436054052856945526e-03
7.218351568890199466e-02
9.025163806280716130e-04
3.752459140098725610e-01
2.182083391053004078e-04
2.274887301534814568e-02
4.119712824001559894e-03
2.831694841503538118e-01
6.019730616312984851e-04
3.038091562756045083e-01
2.173926270458492477e-03
3.618164140727289646e-01
2.311205433549695099e-01
1.217098670185555176e-01
2.552646809947872845e-38
3.388685351064243956e-01
9.175322749091941333e-04
3.993334049730227367e-14
2.111999811070976868e-02
8.201908769859784787e-01
2.277413914958093227e-04
2.117204520377525545e-01
4.370214607323617828e-02
2.595800952963616542e-02
3.023363310716568608e-01
3.542958473610723080e-02
8.742554705309512220e-04
9.256238335841994805e-03
2.142189913666798784e-01
2.796127058572966950e-01
2.142875945114080020e-04
4.037636463633107430e-03
1.482028329988184546e-06
1.947961552415959918e-01
9.798952515093434853e-05
4.029592116379972742e-03
9.839840601463128306e-03
4.353879557867710096e-03
6.441992444248218799e-10
1.166631743464619680e-04
1.068857688526280228e-02
3.603590420091464051e-03
1.094066230508975446e-01
3.380735386335044224e-01
1.477835394228836952e-16
2.106208661423873772e-12
1.124223088286299688e-02
7.448696538006860414e-06
1.042727754665084377e-04
9.732669733336039028e-05
6.328936609574973282e-01
2.897623098392707507e-08
1.047066423316145166e-10
4.325566239023177495e-01
3.452358932685652820e-45
9.373566722907999971e-02
3.853831310784997660e-02
4.525343686710158186e-01
9.010951067173655210e-03
2.413035490052296839e-02
8.222137283779538422e-45
9.310681329506817925e-36
0.000000000000000000e+00
6.200222845320132060e-04
3.906058862166362187e-03
3.436263127132146882e-07
5.217996889286299884e-31
3.265643350496813535e-01
2.507460883623138701e-27
3.913468276347313764e-03
1.632374261373877311e-01
1.435338058479664891e-01
6.534482945177281402e-34
3.256022638583723020e-45
5.005406079890780680e-01
2.914454366855033661e-47
5.152145332326416927e-27
3.170832352315579028e-01
3.349168804063671775e-46
5.479906546509909341e-46
2.315884005299752996e-02
7.149477386796698752e-02
2.165176575811681478e-04
2.585047283280789558e-05
5.595824691662283357e-01
9.328763203896384040e-46
4.136085998048742026e-36
4.440745630442528152e-02
3.436379553751779859e-46
1.353209078894958945e-46
3.158461340890039459e-45
4.216410029229278149e-03
7.187013745075050697e-02
3.295376689879118330e-05
5.653970070517624347e-01
3.587568915799607683e-01
9.990918971950613419e-21
1.547079428080243475e-30
1.453743139361361578e-30
2.390760413251646899e-01
3.981160696315164463e-03
1.448418102726289274e-39
3.218364460135089145e-01
3.853954546298995771e-03
2.857275991160493911e-01
1.047737547005477138e-01
6.259754698190497235e-01
7.976212951847231283e-50
1.117166217695442659e-45
2.811917015739311965e-01
1.089355849618708037e-02
9.817115291901278549e-05
2.509444977354296502e-01
2.279281356789129246e-03
7.195823196432730787e-34
3.525187242285525823e-18
5.187222135989926625e-02
4.530231633086013732e-01
3.066470546555195575e-01
2.871750827317712806e-01
1.041167578734785437e-01
1.854960912112887329e-05
9.867650389540304472e-04
3.114989009165919365e-01
2.788090105213497649e-01
3.324352359649424617e-05
7.912383670982919531e-11
9.030315121760794216e-09
7.274527298073096088e-07
3.381040393136195421e-01
2.153159424801794411e-02
3.672192351717484260e-01
9.222915080919514078e-03
2.700707268687498885e-01
2.433139518515600730e-02
1.255649763510504821e-02
9.625936347839943348e-04
2.506764260379365546e-05
2.194110142877979397e-02
3.142089018984114881e-03
3.255062254614824457e-01
2.169953186753214745e-04
3.555722188481081902e-01
3.759237968371022531e-01
8.647543393417910778e-06
9.565019411636882258e-04
2.362933083581295057e-02
1.185539116332443878e-20
9.419570094252869286e-01
2.789643040902894944e-01
3.479383410262658349e-02
9.672301979856095036e-03
7.475885152857926659e-03
3.839285329618284524e-05
2.777632773797707650e-07
4.074030303846289808e-02
4.890014626259572524e-25
1.867480140468967172e-07
2.592359441250345004e-05
1.174201299321195720e-04
1.087212841623539329e-11
5.141931739567931669e-07
4.869711795315365879e-07
9.264867701761643481e-02
4.175811148986502911e-21
1.045267917306683933e-04
7.553628595970644236e-24
3.899585720653859621e-03
4.151395370099290050e-01
1.395544699531104739e-08
2.828616905786464630e-01
3.202034141534785172e-05
4.835984274902151991e-01
4.581561590666839537e-43
2.025170515973987236e-11
1.460088278038495010e-12
8.923096358063349531e-17
1.136204051879746193e-12
2.998762153838445133e-01
2.279950143588814204e-01
6.195741373092867291e-07
1.161170540164049279e-07
3.360417052797869814e-02
2.356303400710742929e-02
1.702615554270786740e-09
9.126632959233051470e-03
8.854691896518914699e-04
1.565117776359063980e-20
3.485958636558025026e-10
1.234764148138964456e-08
4.088063266861819388e-03
3.226333176940222585e-09
2.940055882263460990e-06
2.120851869953250183e-13
3.277828338131281755e-05
1.312567209508774872e-14
1.034513446054243787e-04
1.139425854674715882e-01
5.503631205799898811e-19
1.305672741373435990e-29
2.574352839526592440e-01
2.444246756823107209e-38
6.801767264667528401e-02
5.897623052025246799e-04
2.284905852929514645e-22
4.576394163687712305e-25
6.444600230879827606e-08
1.676937369114540290e-35
2.332756632631227201e-04
1.966303793703554826e-38
1.393476363884959726e-46
5.942747338885548062e-15
4.509641496188311893e-01
5.483764451769813641e-01
6.261939426533910546e-08
3.191027519738592839e-11
2.280558264604325234e-03
5.336484166256628914e-12
7.655901473464128415e-01
3.791756986359256184e-45
2.584715692099263712e-05
8.538483854070614947e-49
0.000000000000000000e+00
4.841195199946812106e-03
1.141678632783621799e-39
3.793617708960079556e-11
2.122723962518724200e-74
2.469791875854879847e-12
9.155357850466270134e-58
8.272496205271582645e-32
3.178526814933932092e-16
4.401504313939295589e-09
2.238465817893257048e-01
1.604859475322947820e-11
8.813404090770834697e-07
1.176008640337665400e-08
1.187935475962203002e-12
8.598730186455010519e-20
9.992694595946140450e-21
3.084318079126380785e-01
3.368468055536061946e-05
1.141784286259262832e-05
2.363911857187332461e-04
2.882998672812037870e-29
3.948753404798470076e-03
3.480734755477650211e-01
3.555029412401713440e-01
1.004745663917881260e-04
1.293037963299784277e-25
6.397337608598007405e-36
2.325500078385674130e-02
4.148529234905379927e-05
1.456920163088379375e-12
1.369329482623616312e-01
9.862712276427075715e-04
2.241190561623065763e-04
6.464263400308653019e-04
1.045933737070139897e-04
7.296740352797146246e-14
1.019471431688174639e-04
9.753574706066049475e-04
2.499600942661479869e-05
1.069760631305694334e-02
1.141595194083921050e-03
2.655280154501251370e-15
4.543233904296556537e-05
6.926573127788141630e-06
2.292315808994844495e-01
5.896733899018411165e-06
6.176759753252573362e-04
9.900712620127450139e-03
2.658053978504923450e-09
9.485222394802748336e-06
5.168582043999796483e-01
1.810127102291363421e-01
1.923918104430551723e-01
5.460132485862367544e-23
1.243470621544209972e-03
8.543516754570912308e-01
1.698863971208090448e-02
2.079819229563525940e-01
4.314038459709720018e-03
4.642617044878673944e-04
1.363630415651655691e-10
2.415170974369247947e-10
8.582827355644125815e-06
6.955344225258416110e-04
9.496160863331323809e-02
3.636725463689882698e-01
3.835225310951309585e-01
7.052703688908221191e-02
2.199550123362449261e-01
2.948138832285587263e-01
3.866984882743631502e-01
1.228517912892154174e-01
5.736228817600589336e-01
3.676526027781748529e-02
7.417054154975416064e-06
1.061894729283407030e-01
4.155481142640860548e-01
7.283310926082255891e-04
5.093540892479017472e-03
5.686406942515324081e-01
6.666428236602706683e-07
9.334756073181716312e-12
2.027497823366586002e-02
4.210158958651599378e-03
8.800757887318618519e-04
5.810263989808295282e-02
3.872919673250144190e-02
2.329804097907145922e-03
1.083423831944780018e-03
3.229747309675581879e-01
9.593467818837007150e-04
2.926708558608394073e-01
1.344450100564119344e-01
7.708648665694110003e-01
3.915665275902276976e-01
5.738557553708375503e-01
4.053263410933529570e-02
2.911576048165637753e-01
9.854083199770382554e-04
2.372100414171989056e-03
4.806967885597142054e-01
2.758715481475155773e-01
2.287541263927496682e-01
1.998761944109784250e-01
2.225292523189002780e-01
3.514354776146285117e-10
2.923374543958082716e-01
1.092564277272420198e-01
2.441705059482971452e-01
3.270738869914585623e-01
4.176637274648275014e-03
3.077256002930680023e-01
3.357410401835408443e-05
3.312998807325168160e-01
2.148864618843000286e-04
6.013412681187546571e-04
6.374953374403746547e-04
2.872993133924778286e-01
1.084733914583046153e-02
6.326561510021251871e-04
8.432009503273559634e-06
3.294480162924584110e-05
3.615845114123653059e-02
9.829843833756594582e-04
8.664364200179212847e-06
2.545892474497811198e-01
3.322166303276626043e-02
5.969661969031572887e-04
9.677248541800285682e-04
2.436267627665997942e-02
6.714132426368601969e-02
3.647455269242426690e-01
1.114662625320127776e-01
8.482534873077873956e-06
4.305276912703190351e-01
4.485107589106938075e-01
4.346428308742823245e-03
1.086834977406417671e-02
6.516989317658039788e-04
4.247274907391118508e-03
3.277201055710274964e-13
8.407397010561369521e-06
2.742651964271439757e-01
8.739792053223608678e-06
8.379439208425621312e-10
5.533797109732915437e-06
3.311557382633486168e-05
9.397668102841525740e-04
1.960437327343326011e-37
2.366271809480284484e-04
4.402624623300793738e-03
6.992308244803535687e-07
9.239037484601716685e-03
2.189063320697523431e-03
4.334018836918950912e-14
9.089592074543262692e-03
9.293059980184424293e-03
1.334846892052394645e-43
2.834185671645017002e-01
1.040642572733208233e-04
2.958810388804870017e-01
2.321850129301653075e-04
3.728898265612636820e-01
4.588309303492467128e-01
2.650237876091771235e-04
9.451735685966239521e-06
3.853359576763288885e-01
2.513009468506148016e-03
5.263580365133790212e-02
5.124464191134583402e-01
2.607649398339738078e-01
2.207561447490665428e-03
2.006298467927191964e-01
1.310423106712648444e-01
9.972558618042587939e-05
4.267020498442248186e-06
3.409398273427697301e-01
4.341969335010424126e-03
9.599349981247493058e-03
4.528590880247161770e-06
3.400072339350117515e-08
1.284648358967179216e-01
2.823786223160129616e-01
1.273458350674289696e-01
8.405978301585846635e-02
2.516285072305211726e-05
6.243055913301251859e-04
2.886507493273524627e-01
9.486240079245032708e-02
1.107033247652823432e-01
3.243053548073158716e-05
4.024142560588589435e-01
8.687563585861901010e-47
5.240594423443636352e-01
8.211201833394340954e-02
3.767449599600232735e-01
8.761300554194040314e-10
3.966491274565607517e-02
3.309888790789086155e-01
1.781320276316096306e-161
2.417559223543279921e-03
1.270812856590610718e-01
7.602534969371679829e-02
3.895801126725394886e-02
9.992798893048935802e-03
4.250050201038375053e-01
5.891817684298103789e-04
2.895450424970930636e-01
4.321373705709216077e-06
3.503813834123772897e-01
4.906150269930487343e-06
3.697960398937109178e-02
7.259331997909224737e-13
4.103882414498043196e-03
1.598631411326447149e-01
4.482689957854783443e-46
4.271916347951161264e-01
3.413443896881339514e-05
2.505395013682013174e-05
3.554480747961859949e-02
3.091723580638416902e-01
4.249556292272969701e-44
6.180775116571282912e-45
9.844203361617947818e-05
5.959157147520522946e-01
9.809345998579038822e-24
2.540684691104622139e-01
9.729877647349949744e-04
3.517908338376279920e-01
3.778841043872876605e-44
1.265528401193824868e-14
9.257953547323139479e-09
1.211588300244558982e-43
1.019184442967371732e-04
8.432255337452153370e-13
2.117540827675596343e-11
2.228245552349408171e-45
3.202894763436961358e-45
9.811560349764691617e-47
3.942624428343598914e-02
3.204139988627971588e-05
2.737098881585259269e-01
4.298290397540265058e-08
1.035225144268000157e-04
2.348113379273195620e-04
1.617337332234158598e-01
3.860488910208803026e-01
2.248827953055158825e-06
2.171316158608430546e-04
1.598205133954881951e-01
3.935018927438334035e-01
1.034938600485056865e-04
1.023566288751029738e-04
1.407422478725171452e-18
4.404928284380144610e-01
2.175493512043728296e-03
3.383070202324183867e-05
3.195031565260546341e-55
2.547628895973451657e-01
9.826153882144688691e-04
8.483279017667110986e-08
6.036120312520442538e-04
2.162197841084302825e-04
2.664814908243148817e-02
2.385804682560340441e-38
4.312742423920296921e-03
5.204560748427037192e-06
3.119236473224741663e-40
5.255335125531276352e-01
3.617982524749387419e-01
3.585044057295277420e-01
3.348137225466733797e-05
4.768509017694501084e-01
6.089256606551496018e-03
9.204635007351001392e-04
3.428265211971386062e-02
1.022290341874714792e-01
5.456975059847262616e-117
3.280100003301356384e-06
8.652257303544914888e-06
3.475550775933407971e-02
9.391100480092572783e-03
8.694434491005542665e-02
3.215923465791388350e-05
1.091307142747829084e-01
9.308354538182984526e-04
2.294185305730856161e-01
2.278731426860115166e-04
1.598408930887773027e-01
2.233159784751258953e-02
4.098362419836772824e-02
1.027323256997481338e-01
4.453405810852559103e-05
1.019868963352980582e-06
9.109496886509262176e-17
9.742897453863443025e-02
4.331220372166504073e-02
3.228384492789568397e-05
2.512779532056932130e-07
6.383832769098146676e-01
1.367204810478339101e-12
4.234048980495927310e-03
2.773954424674023427e-13
8.867552226298476559e-02
6.872183172831707043e-02
2.806083598864388962e-01
2.843744305686579099e-01
2.932486391449926622e-01
4.478759550303995085e-01
1.447960612446512522e-16
1.197405738888142473e-01
7.611403728543239544e-02
2.024068867798949372e-10
2.460208263455962579e-12
3.848295820325373444e-18
1.641430049744865099e-11
6.101758291984744429e-18
3.116114508071524125e-01
5.109017767227367474e-02
6.641165852547034620e-02
3.212757909564242231e-01
9.499725741696883261e-03
3.922937408219891522e-03
3.199868011587346115e-45
5.566435956713707833e-01
