2453342.235906 -119.80 7.90 0
2453347.005104 -102.60 7.50 0
2453355.838270 -93.10 7.90 0
2453357.849862 -90.20 8.00 0
2453359.855199 -79.30 10.80 0
2453360.979283 -97.90 9.00 0
2453364.981474 -99.20 10.40 0
2453365.831115 -121.70 7.80 0
2453367.826330 -127.50 8.80 0
2453383.926741 -128.50 8.50 0
2453390.758628 -107.20 8.00 0
2453448.743435 -19.30 6.70 0
2453451.735301 -31.00 7.20 0
2453476.651376 -151.40 7.70 0
2453480.639064 -167.20 22.90 0
2453481.633701 -127.90 7.40 0
2453482.633016 -96.20 7.50 0
2453664.995232 75.50 7.00 0
2453675.971541 61.40 7.80 0
2453676.985000 53.10 8.90 0
2453682.953042 -46.40 8.30 0
2453687.933164 -54.20 7.30 0
2453689.931046 -1.30 7.50 0
2453691.918805 27.30 7.90 0
2453697.914846 50.30 7.70 0
2453703.889276 71.20 9.30 0
2453708.885347 81.00 8.60 0
2453710.883053 81.40 7.70 0
2453718.017756 62.80 10.10 0
2453724.834692 70.80 8.20 0
2453728.829870 47.90 7.90 0
2453731.972959 16.00 9.30 0
2453733.807172 -33.80 9.20 0
2453734.814857 -58.80 8.60 0
2453736.949280 -138.80 9.20 0
2453741.788978 3.40 8.50 0
2453742.789280 10.00 8.10 0
2453743.796111 33.90 8.30 0
2453748.778662 67.40 8.70 0
2453751.773791 84.50 8.80 0
2453753.769552 99.60 8.30 0
2453754.755455 90.10 7.90 0
2453756.754826 92.30 8.30 0
2453764.741994 90.90 9.30 0
2453832.678620 50.90 7.20 0
2453833.699401 52.00 8.10 0
2453834.677215 33.90 7.50 0
2453835.669587 12.80 7.40 0
2453838.666337 -82.90 7.30 0
2453841.646835 -93.60 11.00 0
2453845.633913 17.10 7.70 0
2453846.654708 34.00 7.70 0
2454029.988983 56.80 7.60 0
2454035.990247 47.80 8.20 0
2454038.978337 37.10 7.50 0
2454039.970514 30.00 7.60 0
2454040.958980 18.00 7.70 0
2454043.965523 -43.30 6.80 0
2454044.954739 -92.80 6.70 0
2454050.954703 -35.40 7.70 0
2454051.947749 -16.10 8.40 0
2454052.940935 1.40 7.00 0
2454073.883770 56.50 6.80 0
2454079.868209 63.80 7.20 0
2454087.848513 53.60 6.80 0
2454090.843228 28.00 7.00 0
2454106.789830 9.30 8.60 0
2454109.794624 20.60 7.10 0
2454110.805773 26.40 8.30 0
2454129.876826 51.60 8.80 0
2454130.746660 48.80 8.60 0
2454133.853285 36.10 8.90 0
2454134.732333 46.70 8.90 0
2454135.872989 43.70 8.50 0
2454136.847423 43.90 9.70 0
2454148.683770 -128.10 10.60 0
2454156.666419 -1.70 9.30 0
2454159.785550 24.00 8.80 0
2454166.768728 45.80 7.90 0
2454167.763984 40.70 8.10 0
2454211.632167 7.80 7.90 0
2454231.599981 58.80 6.40 0
2453342.897625 -47.28 3.84 1
2453347.002625 -41.26 2.58 1
2453355.833725 -34.26 2.89 1
2453357.845125 -35.63 2.91 1
2453359.851125 -28.42 4.95 1
2453360.975525 -37.04 3.19 1
2453364.977025 -41.36 3.23 1
2453365.826625 -40.73 2.89 1
2453367.822025 -64.14 2.93 1
2453383.922026 -64.01 3.37 1
2453390.753326 -27.69 2.82 1
2453448.739428 33.62 1.59 1
2453451.731328 27.48 2.41 1
2453476.650729 -118.87 2.57 1
2453480.637929 -127.55 5.68 1
2453481.632529 -82.68 2.08 1
2453482.632429 -57.03 2.13 1
2453664.996635 141.47 1.96 1
2453675.971136 127.44 2.24 1
2453676.985136 123.13 3.69 1
2453682.952236 20.69 2.78 1
2453687.932836 15.18 2.50 1
2453689.929236 61.28 2.54 1
2453691.916336 92.73 2.98 1
2453697.913336 123.87 2.03 1
2453703.886536 147.52 4.60 1
2453708.882436 146.26 3.24 1
2453710.879637 150.70 2.58 1
2453718.014837 136.36 4.98 1
2453724.831037 129.03 3.12 1
2453728.825937 121.82 2.94 1
2453731.967937 83.91 3.86 1
2453733.802737 39.79 3.20 1
2453734.809437 -3.84 2.64 1
2453736.946249 -86.32 3.54 1
2453741.784049 60.98 2.69 1
2453742.783749 73.14 2.33 1
2453743.791149 83.45 2.72 1
2453748.773350 128.14 3.04 1
2453751.768450 139.71 3.00 1
2453753.764150 150.89 2.61 1
2453754.750350 141.44 2.43 1
2453756.749250 141.78 3.11 1
2453764.736050 140.77 2.69 1
2453832.676153 100.92 2.17 1
2453833.696953 94.87 2.55 1
2453834.676253 85.38 1.92 1
2453835.667853 63.55 2.01 1
2453838.664553 -35.39 1.96 1
2453841.645053 -46.03 4.92 1
2453845.632554 72.93 2.72 1
2453846.654054 77.92 2.69 1
2454029.990260 134.42 2.58 1
2454035.991761 116.77 3.07 1
2454038.978961 102.21 1.65 1
2454039.971461 102.13 2.46 1
2454040.959761 79.20 2.02 1
2454043.964461 11.48 1.25 1
2454044.954561 -18.63 1.81 1
2454045.956361 -72.29 2.05 1
2454050.954661 42.33 2.30 1
2454051.947461 52.82 2.67 1
2454052.940061 67.80 1.72 1
2454073.881362 125.65 1.92 1
2454079.864162 130.08 2.64 1
2454087.844462 95.94 1.78 1
2454106.784263 63.79 2.55 1
2454109.789463 93.54 2.53 1
2454110.800163 106.19 2.29 1
2454129.871364 105.98 2.14 1
2454130.741664 103.57 2.36 1
2454133.847764 88.55 2.69 1
2454134.727164 92.38 2.58 1
2454135.868064 103.20 2.85 1
2454136.841664 90.93 3.26 1
2454148.677865 -81.12 3.41 1
2454156.661165 48.73 3.71 1
2454159.781165 66.51 2.32 1
2454166.763466 89.64 2.10 1
2454167.759266 85.27 2.00 1
2454211.630667 67.62 2.47 1
2454231.600868 104.84 1.78 1
2450823.557000 3745.00 9.00 2
2450885.408200 3769.00 11.00 2
2450885.421300 3774.00 11.00 2
2450887.456700 3750.00 9.00 2
2450888.428500 3748.00 15.00 2
2450888.441000 3752.00 14.00 2
2451174.589900 3935.00 10.00 2
2451236.448200 3944.00 12.00 2
2451266.340000 3921.00 14.00 2
2451506.689500 3929.00 10.00 2
2451508.602100 3911.00 9.00 2
2451542.595600 3961.00 10.00 2
2451585.475500 3958.00 18.00 2
2451588.400700 3949.00 14.00 2
2451590.425400 3945.00 10.00 2
2451622.373200 3809.00 11.00 2
2451857.642400 3917.00 17.00 2
2451882.672700 3810.00 14.00 2
2451882.682400 3813.00 14.00 2
2451901.597500 3900.00 16.00 2
2451909.613900 3921.00 19.00 2
2451951.505400 3892.00 13.00 2
2451951.519400 3898.00 13.00 2
2451952.476900 3898.00 9.00 2
2451954.492700 3889.00 14.00 2
2451978.399200 3785.00 12.00 2
2451980.441800 3705.00 15.00 2
2452007.335500 3861.00 15.00 2
2452253.697600 3827.00 13.00 2
2452279.526600 3843.00 12.00 2
2452280.520900 3822.00 9.00 2
2452281.518400 3831.00 13.00 2
2452308.585000 3857.00 15.00 2
2452310.542700 3859.00 10.00 2
2452358.395900 3824.00 14.00 2
2452360.378300 3812.00 12.00 2
2452388.366800 3771.00 11.00 2
2452597.704700 3699.00 12.00 2
2452612.706400 3783.00 12.00 2
2452638.555500 3798.00 13.00 2
2452649.606500 3673.00 11.00 2
2452649.619600 3679.00 12.00 2
2452677.524600 3799.00 16.00 2
2452677.537900 3803.00 17.00 2
2452681.544800 3790.00 11.00 2
2452719.389800 3766.00 10.00 2
2452747.343600 3729.00 12.00 2
2452748.318100 3724.00 12.00 2
2452751.347700 3672.00 12.00 2
2452753.358500 3625.00 16.00 2
2452777.373400 3762.00 17.00 2
2451921.747100 3851.00 6.00 3
2451922.804700 3855.00 6.00 3
2451924.803600 3816.00 7.00 3
2451924.815200 3820.00 7.00 3
2451925.741100 3814.00 7.00 3
2451926.792800 3773.00 10.00 3
2451962.665700 3886.00 7.00 3
2451963.696600 3880.00 6.00 3
2451964.682500 3899.00 7.00 3
2451968.684500 3861.00 7.00 3
2451969.665900 3866.00 7.00 3
2451973.655800 3853.00 7.00 3
2451976.667200 3817.00 7.00 3
2451980.649100 3669.00 6.00 3
2451980.660800 3665.00 7.00 3
2451982.685700 3717.00 8.00 3
2451982.697400 3701.00 8.00 3
2451984.752200 3789.00 14.00 3
2451984.763900 3807.00 16.00 3
2451988.608500 3847.00 7.00 3
2451992.633600 3888.00 14.00 3
2451994.645800 3872.00 9.00 3
2451996.705900 3878.00 9.00 3
2451998.663000 3869.00 14.00 3
2452000.624600 3881.00 11.00 3
2452049.466400 3895.00 12.00 3
2452049.482500 3910.00 12.00 3
2452055.477600 3874.00 12.00 3
2452055.494500 3908.00 17.00 3
2452289.797000 3685.00 6.00 3
2452289.808600 3684.00 6.00 3
2452291.741000 3652.00 7.00 3
2452291.752700 3651.00 6.00 3
2452293.734800 3720.00 5.00 3
2452293.746500 3736.00 5.00 3
2452309.683200 3858.00 5.00 3
2452310.671700 3859.00 5.00 3
2452312.714100 3866.00 5.00 3
2452317.664800 3869.00 7.00 3
2452328.716700 3843.00 6.00 3
2452344.689700 3699.00 6.00 3
2452370.567500 3853.00 7.00 3
2452899.896300 3755.00 9.00 3
2452909.859300 3569.00 23.00 3
