# log_X, log_likelihood, tiebreaker, accepts, tries, exceeds, visits
0 -1.79769313486e+308 0 402749 418727 128744 418727
-1.11322953167 -5523799.52569 0.280245154324 396317 419216 173104 476942
-2.12240224222 -2698163.24994 0.908635766499 391573 418705 172732 509864
-3.17895656971 -1391750.05085 0.512278088965 387614 419010 189110 517609
-4.18376391259 -779354.474498 0.313695225375 383718 418490 190801 527768
-5.19597204531 -432934.939635 0.282343223916 380757 418408 208228 531591
-6.1513882471 -255999.318358 0.988436095295 379021 419394 186619 541432
-7.19705210146 -149196.58782 0.483962995197 376626 420117 187027 528638
-8.22433492864 -95898.2599926 0.725028609766 374073 420042 202283 527136
-9.19451241808 -66492.186317 0.832615740075 372424 420164 192510 538137
-10.2141870793 -46888.4821486 0.601758428683 370299 419837 180495 533340
-11.2722567654 -33354.8011127 0.499183482423 367608 418427 192121 521691
-12.2715217272 -24498.647358 0.477389525614 365826 418196 209409 526942
-13.2167055634 -18526.7804465 0.227378609105 363811 418413 195303 540612
-14.2295105364 -13843.1164143 0.720152588311 361707 418709 188965 535092
-15.2581654224 -10413.2862238 0.860704892941 359670 419142 209620 529471
-16.2059899713 -8162.84681259 0.0165263840021 357742 418634 212317 541008
-17.1598205028 -6460.33391609 0.123374097197 355710 419034 214276 545256
-18.1125632051 -5156.69768565 0.114390929306 354210 419363 205961 546677
-19.0955934633 -4152.71923014 0.332658206849 351894 418903 192332 540498
-20.1190108259 -3383.80766089 0.526609492388 350126 418936 198726 531116
-21.1070552703 -2849.30089768 0.479306027123 348182 418735 183842 533112
-22.1521660482 -2421.73733165 0.456481205506 346413 419304 192419 527483
-23.1580868753 -2142.37210252 0.60040822136 343250 419714 193896 533501
-24.1666253605 -1951.3646861 0.62196720897 339045 420051 210358 534373
-25.1184128652 -1825.88269707 0.242369711774 334825 420274 204399 542770
-26.1017922445 -1732.92315466 0.202684188625 329510 420726 202282 542151
-27.0917760846 -1666.09314637 0.662262247439 323558 421100 204254 541083
-28.0734577236 -1619.06717148 0.0655624434445 316291 420927 195733 540764
-29.0849135742 -1583.98460028 0.161493808008 308117 420750 206109 534638
-30.0516777232 -1559.71382812 0.217793662279 299916 420164 207332 540106
-31.0213952684 -1540.72911947 0.151703229408 290473 420366 201550 542532
-32.0144524011 -1525.53798258 0.978439654066 279282 420524 207755 538428
-32.9805107559 -1513.54738628 0.699987362992 269240 420674 202650 541774
-33.9687096808 -1502.53835878 0.157256802474 260401 420413 195716 539276
-34.9782780874 -1491.85904647 0.930445365913 253672 420431 200554 535001
-35.9649723285 -1482.59797384 0.741553831413 248830 420911 193036 538232
-36.9828591979 -1473.97463503 0.695231022927 243384 420456 202771 534923
-37.9616421065 -1466.67470766 0.735110047698 238837 420881 200820 541361
-38.9557450811 -1459.99160294 0.175116571336 234717 421055 175714 540745
-40.0419131892 -1453.23339818 0.706887386217 229467 420862 170707 525509
-41.1275464546 -1447.04936757 0.964882481967 224375 421143 199122 520256
-42.0996886328 -1441.91161382 0.409173457871 220143 422263 162814 536545
-43.2316453194 -1435.10414928 0.179790450071 216364 422580 134019 518169
-44.4641218086 -1423.89187525 0.892818213295 214269 422846 159013 501926
-45.5650977064 -1410.0154166 0.849633644533 211335 422628 197009 509288
-46.5299231314 -1397.57338207 0.268999674005 208991 422259 201854 533632
-47.5102249912 -1384.36327795 0.488786053802 207025 422150 214849 539567
-48.4536104891 -1371.28498604 0.821136409325 204939 422298 183920 548894
-49.5190695372 -1355.55503967 0.528841959802 201770 422367 188264 531411
-50.5454487978 -1340.10261751 0.00157836108154 200226 422726 202510 531736
-51.520937411 -1325.23201891 0.84364822492 197005 422688 210179 541370
-52.4825256018 -1310.7626163 0.70245932031 195669 422970 183960 546499
-53.5447292473 -1294.17760923 0.703341359043 191825 422658 187579 531558
-54.5738385202 -1278.61782996 0.711907401954 190312 422484 195167 530651
-55.574013662 -1263.57289683 0.394537797081 187031 421458 210172 535027
-56.5272994584 -1249.6542461 0.481399149039 184495 420415 185456 541691
-57.5776365471 -1234.12763882 0.713128668003 182562 420228 201217 530076
-58.5554759068 -1220.66183633 0.489280680161 181491 419757 200833 535384
-59.5416888656 -1207.22178759 0.979190694155 179271 419421 188831 535014
-60.5707351153 -1193.08857847 0.191766011247 177847 419206 181264 530706
-61.6223965545 -1178.96890753 0.515377201364 175505 419554 205195 524789
-62.5792609666 -1167.11746673 0.778902563747 175004 419741 211509 537879
-63.5317375253 -1155.79188361 0.090418364981 173751 419951 199505 546055
-64.5366141146 -1144.41190139 0.271772610251 171405 420003 196724 537516
-65.5402531621 -1133.56452503 0.0399705070287 170843 420248 198763 537098
-66.5360607869 -1123.38686574 0.0467937827287 169863 420090 185510 536999
-67.5800463651 -1113.23736601 0.024574022228 168132 420748 204056 530376
-68.5483185884 -1104.7031628 0.231076677251 167934 421804 185397 540869
-69.597801414 -1095.8781264 0.153812451177 166357 422339 188497 531529
-70.6234760297 -1087.9923387 0.751127172533 165784 422701 185538 532096
-71.6608899954 -1080.37663012 0.53762524595 163787 422534 200130 530775
-72.6434982684 -1073.83092602 0.180357586453 162276 422893 187782 541313
-73.6846905255 -1067.51299376 0.397368215805 161900 423415 207813 532855
-74.6432087153 -1062.19912816 0.887756389647 160893 423982 211489 546206
-75.6066292119 -1057.30170299 0.677163043 159179 423707 211371 550186
-76.5756082672 -1052.68002958 0.601435473392 157963 424456 192803 551217
-77.6112425381 -1048.11450995 0.282642238291 157301 425222 212895 542514
-78.5650805409 -1044.33766408 0.629609916618 157052 426297 210867 553336
-79.5398401086 -1040.71550477 0.818092151554 155520 426486 223921 553732
-80.4715387761 -1037.61416968 0.0320308678815 153677 426504 225809 559144
-81.4040281891 -1034.81250781 0.634750727427 152925 427415 214049 562296
-82.3794572932 -1032.07101317 0.492801924551 151872 427600 207761 556417
-83.368827192 -1029.51893912 0.891578024744 150219 427908 208517 553148
-84.3513940665 -1027.16785405 0.649309124511 149116 428477 204550 552335
-85.3466504018 -1025.0088389 0.0790752480983 148110 428628 203512 550998
-86.3438078666 -1023.04107481 0.872175863394 147553 429081 185903 548947
-87.4019132892 -1021.10253476 0.979095389607 145509 429731 181250 539891
-88.4657309757 -1019.3259818 0.183986111328 145022 430076 183171 537306
-89.51889358 -1017.69757498 0.409964028786 143884 430059 199812 538171
-90.5123849061 -1016.34406645 0.979718668402 142389 430193 194990 546493
-91.5339841764 -1015.06356712 0.270092827725 141164 430222 193975 546480
-92.5592342384 -1013.89033213 0.406016943976 140468 430555 218069 545803
-93.4999782181 -1012.95837116 0.896188208528 138343 430697 192598 557833
-94.5448605261 -1011.99417381 0.109149766098 137160 429967 186058 545669
-95.5981360072 -1011.10099857 0.787183702464 136222 429954 195206 541310
-96.6122034465 -1010.33193108 0.15144228527 135297 429504 191721 542904
-97.6409922465 -1009.61729976 0.501773948517 134262 430225 205115 544350
-98.6239365281 -1008.99637436 0.646050104322 133199 430706 197182 553829
-99.6471416297 -1008.40090706 0.819549787701 132251 430880 215028 547192
-100.599866436 -1007.89338873 6.67306819224e-06 131184 430843 213422 558863
-101.573036019 -1007.42870432 0.9589108737 130332 430974 192048 560189
-102.622931779 -1006.95729383 0.906379029461 128832 430721 224753 559048
-103.558732231 -1006.58989657 0.751975511288 127698 430393 221716 577930
-104.528313202 -1006.23820317 0.834742099359 127031 430687 216709 582756
-105.520505918 -1005.90114214 0.968837538496 125817 431391 199890 593402
-106.583715781 -1005.57518532 0.347210816769 124964 430757 221478 614099
-107.598216138 -1005.29631861 0.139500956737 123936 431000 227046 620698
-108.602397516 -1005.05004711 0.628406101771 122645 429970 240166 625445
-109.570642963 -1004.83710723 0.78016935103 122110 430035 228419 638585
-110.5913594 -1004.62846014 0.136334795368 120437 429937 214102 626715
-111.645391475 -1004.43228479 0.22834865105 120010 430036 212761 612490
-112.687088204 -1004.25938134 0.822063528512 119424 429970 220056 611131
-113.702731914 -1004.10951671 0.965863462886 118742 430187 199219 618458
-114.798529912 -1003.95914174 0.223302542417 117453 430433 195017 598034
-115.884815067 -1003.82797905 0.713814484079 116709 429183 179653 592547
-117.021404325 -1003.70240519 0.0936456468139 114659 428019 178776 576066
-118.140947447 -1003.59059202 0.123443346348 113805 426030 0 0
