# log_X, log_likelihood, tiebreaker, accepts, tries, exceeds, visits
0 -1.79769313486e+308 0 178664 185009 45366 134609
-1.03202885859 -8984.42947332 0.154405107979 120272 131920 53732 145634
-2.03087926719 -1187.43185817 0.119248648508 98976 113154 52142 135282
-3.01305394594 -437.045174323 0.502282636111 80511 97307 43906 117678
-4.00817002214 -172.80667372 0.173945235881 67411 83103 35674 95125
-5.00239193634 -119.252542166 0.598372607265 52234 66574 24912 70484
-6.01184228924 -106.616644093 0.718178056881 34493 47198 15051 40608
-7.01068911774 -103.591924603 0.134418263213 19121 28011 3911 11388
-8.0139148215 -102.256185917 0.172774925376 4311 6924 0 0
