# level assignment, log likelihood, tiebreaker, ID.
0 -170074.160949 0.0691905233361 4
0 -208577.954327 0.074367424452 2
0 -24330.3595836 0.98805880776 5
0 -2525.77536277 0.0511058476428 5
1 -9663.99427943 0.10793030741 0
1 -175.354780145 0.83411469674 2
1 -227.833575426 0.0149774431972 1
1 -1717.72547016 0.625997585114 5
1 -517.140738019 0.239546594231 7
1 -8053.78526696 0.225288154304 7
1 -1031.7520224 0.619167180524 4
0 -60766.0539627 0.325350949061 4
0 -54698.2623168 0.19197723549 1
2 -848.277246878 0.45243723802 3
2 -114.567885369 0.158126254617 4
0 -47194.7961648 0.215219204235 0
3 -268.844073272 0.66333936906 2
0 -3888.97598623 0.735019017549 7
1 -593.826776842 0.215266228582 2
0 -119212.961141 0.445292626935 4
1 -201.542473007 0.131418888008 5
1 -6751.66423885 0.198390827847 2
1 -6120.03408753 0.478508538693 3
4 -105.728135779 0.555914704407 4
2 -473.727298588 0.635288727208 3
3 -130.618282524 0.230739668985 0
3 -279.389135069 0.811883959497 3
3 -328.370006701 0.15189095451 3
1 -10530.9014238 0.976886998902 6
4 -127.055046121 0.900374628303 3
0 -3136.77577151 0.743707640856 2
3 -162.747605775 0.128624067584 3
4 -131.309516441 0.450754286711 5
5 -115.793630654 0.582398063999 7
3 -203.529208114 0.178218833501 5
0 -106.576431487 0.884403745637 2
4 -106.347230137 0.255127458828 0
4 -103.587769754 0.504233343911 5
4 -161.217643343 0.878531665038 5
1 -3064.37156076 0.200142886001 4
0 -8327.95908011 0.424090884571 2
4 -158.278998916 0.608699921984 6
2 -445.124749909 0.863378205006 4
1 -344.227971893 0.596876280552 5
1 -3137.79320062 0.296447059871 6
4 -116.873112584 0.121674074464 5
3 -203.884058785 0.00992587850125 1
1 -461.131794844 0.742713137484 1
1 -1248.57050682 0.372681529657 4
6 -106.374383696 0.188586476466 1
3 -131.634696003 0.406794643445 4
4 -126.356998357 0.00776927762875 7
6 -104.563737119 0.571951441991 1
2 -251.099076371 0.913826079095 5
7 -102.641005857 0.98399939571 7
2 -634.270411074 0.276131984947 7
1 -10099.4698774 0.219224288687 5
7 -100.605614304 0.24378480214 6
1 -6994.36241307 0.82571152559 4
7 -102.941672959 0.00188953301317 4
4 -110.695749116 0.795854327765 2
7 -103.01347583 0.866306775602 0
3 -215.056548774 0.721333321876 6
5 -108.681377305 0.264217953689 6
3 -171.204062731 0.640744677036 7
6 -103.614529387 0.0896228918974 6
2 -901.498397571 0.737664435431 4
0 -58420.3377647 0.790817771679 0
3 -420.73189556 0.692829402135 1
8 -99.4107282191 0.415293060791 2
8 -101.671056806 0.836438235325 5
6 -103.738823992 0.0182660636257 6
5 -111.548770762 0.261070844842 0
3 -141.094515105 0.485589483722 5
6 -104.831600539 0.497933047825 7
4 -119.573587995 0.714043190114 3
1 -1310.33608455 0.230343230358 3
7 -102.584862531 0.493934605565 0
8 -102.095006208 0.850164355832 5
8 -101.292123127 0.904721901826 7
7 -101.670667502 0.648143242446 7
8 -101.765794373 0.94209606467 5
8 -101.866453724 0.549783149165 4
3 -254.999506718 0.0560900752083 7
4 -136.257168037 0.687362711594 2
8 -101.642192578 0.958478621057 0
7 -103.035751491 0.806758685587 7
4 -114.519932691 0.415866843333 4
4 -123.361253465 0.529318792066 7
4 -114.46028486 0.402000814253 5
9 -100.456620804 0.0608546390943 6
9 -99.6431096565 0.370628286478 5
2 -699.804343927 0.268902752366 3
8 -101.981140454 0.545047555837 0
4 -123.48990022 0.646475335918 0
3 -180.416522319 0.870625363171 2
5 -114.951824099 0.657377373102 2
0 -929.180750186 0.963365654591 4
2 -1147.1887599 0.0425225444381 1
10 -99.9631320159 0.899044952219 2
6 -102.819126879 0.291784356592 3
7 -103.145156588 0.6564190228 6
9 -97.9573207422 0.0493848318476 6
10 -98.7810402123 0.656004921798 3
4 -141.339424933 0.201253413503 3
0 -40732.8987296 0.927106412447 1
6 -102.895478615 0.982909429508 7
4 -109.455710109 0.721607024921 2
5 -105.090676922 0.199128223828 6
0 -52264.1200176 0.564549573007 7
0 -118515.229547 0.28050453366 1
5 -113.751679568 0.661639988033 2
8 -101.400314774 0.419619588886 0
10 -99.6351968807 0.887456411592 3
5 -105.348993998 0.505711787034 4
4 -129.95808592 0.0829986877471 3
8 -101.823668327 0.666723235606 1
6 -105.044330573 0.658167840076 3
4 -118.816706775 0.582265747907 1
1 -2452.69917131 0.363210928108 2
9 -98.30792323 0.65179132431 2
9 -100.618779198 0.801301450495 0
3 -169.429139639 0.564576751115 7
9 -99.0612813208 0.67774277042 4
9 -90.2202446811 0.85272984665 2
3 -375.598887992 0.396658069308 6
4 -160.44945766 0.605836787637 6
11 -96.3073770584 0.608934821683 5
5 -104.310179915 0.0735090020448 5
11 -96.3841716756 0.13503526514 1
2 -597.97760789 0.726818663022 6
8 -102.133425655 0.625929688755 6
4 -132.326425039 0.614185503949 4
4 -106.243337175 0.810497676894 0
12 -84.0105312111 0.240581099465 7
11 -89.0191756193 0.727893729627 0
10 -99.8311908336 0.65872026635 5
9 -98.1142393605 0.164602811377 0
8 -101.196534391 0.940736488631 3
3 -148.37734804 0.487855046902 4
11 -84.5170298162 0.834710215989 0
4 -119.002582544 0.262918319295 0
2 -131.297966504 0.154454104636 3
12 -95.8717251996 0.667365184511 4
7 -102.232803044 0.618231526717 5
0 -31473.1816996 0.243552332192 3
3 -104.203933089 0.746158498781 4
11 -93.7758296472 0.193447091268 2
9 -100.884696683 0.240428159844 0
12 -95.3854049772 0.826518455357 5
0 -111873.152789 0.502300044973 1
1 -7326.07281054 0.0386396753096 3
7 -100.952692114 0.798940573402 7
6 -103.157351717 0.227638242708 3
8 -102.075082354 0.373932151335 0
13 -92.5864407211 0.816715206765 7
9 -100.959543738 0.397658652234 5
4 -104.888046029 0.900056279766 0
7 -101.787072348 0.953627227514 7
12 -96.2129388701 0.739369503501 6
1 -676.220228198 0.432865805291 3
1 -731.612264066 0.555153055689 3
13 -92.6440253592 0.158361189897 1
2 -581.874650301 0.96840409465 3
6 -100.326701278 0.190398471113 7
12 -94.4507470791 0.0580735536287 3
2 -263.125207246 0.276806937732 0
3 -148.893090813 0.226554110405 4
13 -91.9270197924 0.879547817385 4
6 -101.178665176 0.732871741823 7
12 -94.8776364166 0.496893383196 6
1 -764.504978102 0.136456616079 2
12 -96.2030285197 0.93863205206 2
10 -93.1815682917 0.34766277381 2
6 -104.318595176 0.491324934955 4
11 -96.3991097723 0.629827524657 5
4 -128.170716001 0.89271352328 0
2 -382.39785856 0.540504988331 7
12 -95.7322805989 0.201074678335 0
8 -102.139120904 0.379486876346 1
13 -87.8284904276 0.255558331823 7
10 -99.5809164682 0.988578126463 2
7 -100.878831254 0.707355010531 4
12 -93.8207025171 0.389792777076 1
1 -4644.38021644 0.218722154087 2
13 -92.043040254 0.638160842167 4
2 -1196.00582042 0.117334507691 0
0 -1088.45180659 0.0497878850856 1
2 -341.511573644 0.827772228708 6
3 -106.472828224 0.857947086586 6
3 -358.652567595 0.221574686939 4
8 -101.908618767 0.387451509212 1
7 -102.453093311 0.947387989451 6
13 -89.4377645278 0.511485472261 4
9 -100.644400987 0.474200421832 7
9 -91.2291786013 0.0555157942068 7
15 -85.8245393719 0.0372984701723 1
15 -86.7784452245 0.538503642513 1
13 -91.0167776901 0.305351672944 1
2 -894.628731799 0.975711818415 2
12 -93.555723958 0.232830475842 1
15 -87.4274965263 0.576545467089 2
3 -105.71207424 0.433158264228 4
7 -101.512569072 0.65380849873 3
12 -94.0547956092 0.588248736267 6
3 -218.347071711 0.773644774362 4
3 -425.987064769 0.601683395214 3
13 -91.6024762363 0.975796907494 5
8 -101.349714106 0.829715538236 4
6 -103.638362851 0.513207021315 4
12 -92.191250594 0.80937695104 1
7 -101.165321111 0.846008291054 5
13 -92.3256118712 0.233565460554 3
16 -81.3213972119 0.508428885245 2
1 -3900.12402774 0.823284456152 5
0 -9000.1776057 0.678517636213 3
5 -103.691525677 0.730110830737 7
8 -101.222834437 0.500941493155 2
3 -368.875743857 0.67238170698 6
15 -84.3034390585 0.299624414185 5
9 -100.786541477 0.633587868475 0
1 -3654.90189216 0.203711786755 0
5 -104.954053536 0.434298488621 3
12 -92.5958771343 0.26465486351 7
5 -113.544454745 0.661399717136 5
15 -86.6374481806 0.690828012619 4
12 -94.7166095896 0.61163238455 3
2 -532.277399593 0.781749204843 7
12 -95.3873945648 0.575819632225 2
16 -84.3203492233 0.782086234041 0
16 -84.5832094481 0.467982903737 3
12 -93.4181835276 0.755741599179 0
9 -93.3520012557 0.648425082552 7
14 -84.9718989893 0.165297091208 1
2 -104.969621805 0.493787412716 2
16 -84.3456312165 0.228038448875 7
12 -94.5758902978 0.544139144171 2
17 -82.7524978172 0.211715122126 6
17 -81.9330572385 0.85471949589 6
5 -104.975225706 0.148307290718 2
16 -81.1725552256 0.656371126096 7
10 -99.8900381782 0.489212567665 2
3 -291.264244431 0.347057613673 0
7 -101.917655906 0.557054190703 2
13 -92.98477265 0.373864611141 3
2 -767.207638044 0.623302137488 7
1 -10910.006437 0.644216734658 7
3 -304.046941838 0.909715132138 1
9 -100.556302014 0.573568081015 7
15 -86.7985817618 0.542113136519 4
9 -100.879610734 0.904462875589 0
12 -93.8514055974 0.315242676357 2
15 -86.9358373284 0.498825130397 2
13 -93.1053242999 0.590677858072 4
3 -424.252585474 0.597601569245 6
2 -319.397820173 0.615407995343 3
15 -83.8766480639 0.733636467607 4
12 -94.8862149446 0.992255014937 3
10 -99.5518697449 0.601112316042 5
2 -118.339365832 0.104357154684 5
15 -86.8588816276 0.575750260523 5
17 -82.7381073666 0.205208885205 2
13 -92.275967778 0.470339448653 6
14 -86.1163644962 0.0156620212564 7
2 -961.413015395 0.786789488859 4
16 -82.266867257 0.283144887023 6
14 -89.6088916805 0.156373917294 1
14 -87.6939405454 0.0627573163286 1
13 -93.0860968105 0.791710117508 1
11 -96.8788449571 0.545945401838 1
17 -80.5820452695 0.795405355104 2
0 -99462.4338451 0.47265497094 0
14 -87.6621682905 0.244811606657 7
18 -79.235042033 0.199291615958 5
8 -102.08829294 0.520657737043 0
3 -341.001648187 0.712887171184 4
14 -85.817836589 0.66818045704 1
19 -78.227751302 0.991191915488 2
13 -83.6036904386 0.422135121147 1
15 -85.5664033968 0.446502531902 6
17 -79.1474724177 0.738033973684 5
16 -85.1521444962 0.944780118654 3
3 -105.249074865 0.761919548951 2
7 -103.238111506 0.107900901804 4
10 -97.2588254246 0.0950293418226 5
5 -104.460673485 0.323298314668 2
13 -85.6249223079 0.574170114794 7
10 -93.8871648421 0.62602300505 1
12 -88.3754295773 0.120828732945 7
12 -94.8516057453 0.482508760048 7
19 -79.226706696 0.998486012038 0
18 -79.9155036721 0.817701411195 0
16 -84.3509191879 0.455958287775 0
6 -105.477712886 0.764673379707 1
6 -104.558916225 0.0915857519216 1
11 -95.5881582397 0.764931648919 0
17 -82.5650038519 0.0987383004226 2
18 -80.4283668316 0.503094085192 2
19 -79.482313817 0.820489305675 6
0 -11483.2037103 0.498635112711 1
8 -101.903979524 0.853752239498 0
15 -86.8101334476 0.564204182931 5
3 -279.164312533 0.135882926955 7
15 -84.9382661912 0.561261759128 6
9 -101.039619181 0.850107930923 7
18 -81.0427040485 0.375693419517 1
3 -195.538230083 0.141767886672 0
3 -406.729079812 0.380885462223 2
18 -80.2803119802 0.855184574928 1
0 -59824.3652632 0.839222587148 3
7 -101.986448819 0.829196193941 3
12 -94.9605255138 0.273828556374 2
20 -76.1274404816 0.539105304593 1
20 -77.2177645717 0.595359426646 6
12 -95.9256244608 0.560166074112 0
13 -93.100323924 0.328311927113 1
16 -84.0316666482 0.575737349792 5
20 -77.7264616978 0.303569613422 2
13 -88.75660213 0.816484253457 7
16 -84.2453804586 0.513308420573 1
6 -105.121905384 0.239654761874 5
0 -4879.93740934 0.763683248404 7
12 -92.2147824976 0.638643990059 4
11 -97.4218321591 0.976373826825 4
9 -100.647676161 0.828427706939 4
6 -103.308324793 0.507358776354 4
6 -103.351699614 0.189928199838 3
20 -77.1569057211 0.993769785293 1
13 -92.7315541726 0.0239835819223 7
12 -95.5518593063 0.288576002094 6
16 -83.4080636444 0.782486388107 3
20 -78.2059889098 0.362720073372 0
19 -77.1715065423 0.129576920288 7
1 -529.426935257 0.4363420878 5
14 -81.7717257457 0.166700898047 7
6 -103.067038753 0.738337870279 5
16 -82.1384572591 0.0938781635599 7
14 -86.2514122478 0.723341818217 7
6 -103.201800663 0.608760847226 2
15 -85.6870402741 0.570244909283 6
14 -90.1789165708 0.382566658869 2
11 -93.6670274139 0.283087778848 4
20 -78.0637267155 0.944527492363 7
14 -90.3619282198 0.451484478047 3
11 -98.3744750246 0.731879955297 0
14 -89.3074200412 0.549977046283 7
14 -89.2534589111 0.0435457827586 6
21 -75.9480712172 0.781857477383 4
18 -77.1667736357 0.380420188095 4
0 -4931.19225329 0.273043166976 1
20 -77.4453875918 0.0680884880667 4
22 -73.9680853051 0.512891280066 3
2 -704.076481151 0.195037525524 1
9 -101.045930947 0.0399121850337 1
11 -97.8586687771 0.0719322863821 1
18 -80.0601925494 0.466249503231 1
6 -104.187776582 0.742836135683 5
20 -78.3263477949 0.996771083476 4
6 -105.818643773 0.671052615999 0
14 -87.5112713367 0.553387783562 3
13 -88.8584098768 0.639888549794 5
9 -100.057974266 0.307863054652 3
6 -105.212008881 0.767685894298 7
17 -82.9617243233 0.748164740271 5
18 -79.0322680209 0.8302771951 5
11 -92.7535581047 0.878216275295 1
8 -97.6171717726 0.503459372944 1
22 -74.4051999418 0.101779886073 4
12 -89.7830316586 0.352491689115 2
7 -103.520392449 0.260184241081 0
4 -133.33140934 0.58495550439 3
10 -98.5992132115 0.890213661402 3
21 -77.0011963196 0.118799203657 4
20 -78.2164742159 0.778464512664 6
21 -76.3619366168 0.0436006506565 4
11 -98.2095758279 0.792716761727 7
17 -81.5973635509 0.445338701742 5
19 -79.6692131068 0.300617461539 0
17 -82.7042029461 0.386178987092 6
23 -75.0051552242 0.653887266155 4
11 -97.0202944673 0.995067738631 3
15 -85.7278938285 0.331845555423 3
11 -85.9329139431 0.636172544725 3
15 -84.8739103664 0.554294988217 0
1 -2666.73813732 0.00213132295848 3
19 -79.2304886767 0.167647028778 1
21 -77.0281859476 0.837531564331 0
22 -75.1796719645 0.723437559029 4
22 -75.7173307847 0.602208111062 2
20 -75.9931390015 0.544290297285 5
19 -77.6142593192 0.730852925235 4
23 -74.7730619518 0.0775250582208 3
4 -121.689243884 0.122762298797 7
22 -73.9935145354 0.984786909698 2
18 -73.3060589102 0.161996317212 2
3 -350.962816439 0.511086675741 7
21 -73.6008139453 0.165505170302 4
14 -89.3054279174 0.862365342764 5
3 -301.485701169 0.206053323325 7
14 -89.0672105471 0.0754001899883 5
10 -98.8759104645 0.95556705701 7
10 -98.0134077747 0.190141770635 7
22 -75.9904745753 0.841606701883 4
21 -76.976719763 0.895900976905 1
24 -74.4990878392 0.689226992172 0
18 -80.2533896495 0.419768513289 7
22 -75.1904246804 0.570991571738 2
20 -77.4971224089 0.0627366539377 2
21 -76.8437016569 0.294118335997 6
11 -89.702559631 0.639502040465 7
0 -63580.1171459 0.587991567274 2
23 -74.7206114974 0.17691067681 4
15 -85.5366200661 0.255989290168 6
5 -116.940549153 0.710347409096 6
5 -113.387566153 0.298239329332 6
12 -94.2886754038 0.476794266613 0
16 -85.1152243726 0.453447102143 7
10 -99.7846513294 0.73219436288 1
15 -86.6998705656 0.102041203465 2
18 -79.2940809861 0.557622196475 7
16 -84.4310231379 0.396118122344 2
8 -101.604513672 0.223444647583 1
23 -75.1322339359 0.749570393612 7
18 -81.2691117755 0.0824182767914 0
7 -103.255151975 0.534207815447 4
19 -79.4720206754 0.389099548632 2
14 -83.501310857 0.336652615416 3
20 -75.6513078346 0.783338305514 7
16 -83.9266465173 0.722291236895 5
13 -89.2346055907 0.575141016061 5
5 -102.2774729 0.611520970598 5
23 -75.0526783892 0.942597157925 1
14 -86.3150754899 0.721710686681 0
1 -6231.8175284 0.0396130121196 5
6 -101.498678117 0.763350774242 4
20 -77.7108206959 0.86045983163 1
17 -82.8076140332 0.414797671452 3
1 -128.357421605 0.496669162983 6
11 -98.2696664586 0.387031541105 0
12 -93.9557726748 0.85108940547 3
14 -87.3910659087 0.361723118536 0
12 -94.2801586295 0.744150181914 1
2 -1254.45670412 0.976072686795 1
4 -151.448088506 0.771039523796 0
3 -219.420913504 0.524084378001 1
2 -130.167340372 0.911979875499 2
23 -74.8785020969 0.204376121069 1
24 -74.5642400923 0.989122634675 1
12 -93.5434000868 0.765311947828 4
2 -727.057472343 0.673113698105 3
16 -84.0024403046 0.615035340138 4
20 -78.3074127251 0.505939885595 3
17 -81.2785746421 0.334547341585 4
23 -74.8960597214 0.660708617598 5
22 -74.8178334705 0.814330398753 6
23 -74.4719310584 0.917260323146 5
3 -102.86557829 0.422141487342 3
22 -74.1949808601 0.216188953706 5
10 -98.2064395749 0.312972957311 3
22 -74.5918354098 0.690013073656 0
24 -73.266680046 0.499050212053 5
21 -76.1423934572 0.391161896766 1
13 -92.9169666592 0.104337261366 1
7 -103.506388825 0.502996922487 0
10 -99.480357171 0.138236667585 4
24 -74.5121109617 0.13814059498 5
4 -131.931749033 0.995933426861 7
0 -70219.803518 0.167406796599 2
20 -77.8167781429 0.399612719506 3
25 -74.0061503199 0.904498668763 5
17 -81.148171749 0.166888915924 1
8 -101.92145445 0.819845075113 7
17 -81.7332305206 0.56503179091 1
7 -103.31493944 0.442068487693 7
17 -81.161004137 0.819226508218 5
7 -103.352331981 0.942467092874 4
1 -399.420658533 0.440626151282 1
12 -94.6829317603 0.18304696027 0
24 -73.1636772392 0.8737598665 6
10 -99.9567327997 0.714342531552 1
12 -94.9816266944 0.612063521298 0
11 -98.3436718158 0.667344974022 6
18 -78.2326790387 0.949722570813 5
5 -115.682798062 0.275060488232 1
11 -96.9907835508 0.980586018954 6
16 -80.8585528617 0.204594867453 1
17 -81.2194310797 0.422159707354 0
20 -77.3896984873 0.651244180698 1
7 -103.097933062 0.545343907488 7
18 -81.0273886098 0.850354554346 1
23 -74.3754373719 0.372908821433 4
18 -80.7379896276 0.100525059794 0
26 -73.4128344829 0.30841749542 4
20 -77.5476304693 0.387466560737 1
23 -74.7958808081 0.602515667608 4
9 -100.858263698 0.360085527605 3
5 -110.539990645 0.59281860582 3
15 -85.6756177233 0.878290441574 6
18 -78.2230585838 0.312197218102 5
2 -682.342764427 0.0976215275059 2
23 -74.3141522289 0.689954575438 5
9 -101.217522447 0.438186531176 3
25 -73.3865456879 0.324016221949 6
20 -77.5882576087 0.641539923549 0
23 -74.7867537733 0.422066250373 4
14 -86.1130041719 0.899925048332 6
22 -74.8305493817 0.436662791883 7
3 -434.729322659 0.85407308149 3
10 -98.6259646567 0.0830475594177 3
6 -104.766130132 0.198301880022 2
10 -99.3262972214 0.821039648769 2
10 -98.1005568994 0.670747982582 3
21 -77.0552449234 0.75662271539 7
19 -76.3681495542 0.228399521364 2
21 -76.0983565009 0.377927876277 5
25 -74.0057219665 0.405663795063 5
24 -74.386987302 0.174899110193 5
2 -296.28243369 0.756138425064 2
26 -73.5402727164 0.433892744134 0
25 -73.7563447595 0.983912063362 4
16 -80.4833691285 0.518840522431 5
18 -80.3858067476 0.949470333078 3
11 -98.1658085751 0.595469471782 7
8 -101.501925609 0.855349061735 2
7 -102.015730455 0.0821063497712 2
7 -101.340579202 0.581160642013 7
5 -106.5184594 0.573599047407 2
9 -99.9007248037 0.929408209663 1
17 -81.5440977607 0.692472966828 5
9 -100.207796848 0.801761949962 2
11 -96.5177432354 0.302773931294 7
0 -852.293749296 0.0883062437271 1
24 -74.2906664093 0.783498502709 6
20 -77.9022072588 0.328492681615 0
20 -78.177039174 0.333669098603 5
22 -76.0778532794 0.499643983801 6
15 -85.1047229106 0.707924917842 3
13 -90.057709836 0.313833142457 7
15 -84.9909109977 0.141370060405 7
14 -90.2722791289 0.416026342118 4
21 -74.2395621353 0.85902139796 6
8 -102.007381452 0.446701735521 7
27 -73.1139306778 0.185445098735 4
17 -77.5132629366 0.605146070636 6
20 -77.5707810555 0.227605962775 1
12 -92.2698757864 0.730046645521 2
7 -102.932170486 0.481784000984 7
16 -84.4542233398 0.860611457276 5
1 -8569.52735376 0.369584535196 1
22 -75.9203154554 0.59834107773 3
13 -90.7132393266 0.399091185787 1
9 -101.121550579 0.652088257621 7
26 -73.2675034665 0.66404768148 6
27 -73.2741276443 0.5823462041 6
7 -103.447813413 0.947633886902 0
24 -74.5718460886 0.0864052053714 7
16 -82.5109112794 0.0873061953911 7
8 -101.421055393 0.653221530578 0
23 -74.7884749172 0.860345232578 5
20 -77.2201075526 0.181624574512 5
15 -87.2893568053 0.432484699027 2
4 -152.243284653 0.889761337953 0
1 -433.598978364 0.7599595697 3
26 -73.6892027238 0.706092293752 6
6 -103.718044068 0.0937841368752 3
20 -75.8071514437 0.490961427418 6
27 -72.7546138384 0.880579836707 6
21 -76.6413436649 0.0622413239017 6
23 -74.752962895 0.753770349952 7
27 -73.0953300532 0.227526840316 7
4 -116.413963856 0.183944566521 2
10 -95.1284004487 0.638693558337 1
21 -75.9046509316 0.872957479709 7
20 -75.1765309418 0.189665138983 7
27 -73.2968773681 0.354596235188 6
28 -73.0501775508 0.481988834749 6
24 -74.3805847352 0.511736946182 7
25 -73.6635778614 0.148454453812 5
18 -76.8865852281 0.812077377648 5
26 -73.2817114206 0.748884797782 7
0 -116705.486579 0.64974184514 0
21 -76.8861786671 0.0396786132593 7
17 -81.411758527 0.664336597098 2
10 -99.2984262465 0.943947504214 3
20 -77.9946653235 0.967413038316 2
17 -83.0789606475 0.795412994534 0
14 -88.7925963244 0.342934785389 3
7 -101.603276956 0.503650444464 3
15 -87.2909668549 0.201829637926 1
22 -73.4405716913 0.252170049602 0
12 -96.1837042279 0.704012724457 4
22 -76.0719240768 0.908694118874 7
15 -86.2955713028 0.497705145417 6
3 -211.395085115 0.248837305688 4
22 -75.4204850589 0.332703941265 7
22 -75.7060422215 0.364699812465 7
13 -90.820444533 0.545504961535 3
4 -138.847466024 0.947972292216 6
22 -75.3720609549 0.417399819665 2
17 -79.7220104707 0.770441341569 7
5 -108.393069611 0.0748824105978 1
1 -1136.55174639 0.557207660527 6
19 -79.3640470716 0.601841984174 7
12 -94.8712518291 0.839797379688 1
15 -87.3703776235 0.547404922682 1
17 -81.7564197326 0.70381028881 4
15 -86.2263735634 0.838578710349 4
26 -73.4907428639 0.84001551001 7
3 -365.407983386 0.456004723175 5
23 -74.0896347463 0.291112402129 0
0 -15706.6002699 0.446717120581 6
28 -73.1428512926 0.83102052428 2
17 -82.6224078945 0.137572450406 3
13 -92.3601025988 0.175660364133 4
15 -86.9229710049 0.00686713672672 6
6 -102.279432609 0.382553844032 1
25 -73.5897448763 0.680210262423 2
18 -79.726742321 0.413484521956 0
28 -72.9758922672 0.752666857744 2
9 -97.8334276954 0.818132616707 1
19 -78.8480373401 0.157319016506 7
21 -75.6482471623 0.719064034465 7
22 -76.0871422767 0.426316447696 7
21 -76.4186889712 0.967916746401 7
24 -74.218950316 0.990625238163 0
23 -74.8503580916 0.921138598253 0
7 -102.552921351 0.105605678445 3
25 -73.6336420496 0.946460922417 7
24 -74.0788823739 0.373713807958 2
14 -87.8646795333 0.456067909454 5
17 -80.8097611223 0.18230803162 5
0 -27165.6890053 0.488969887829 0
17 -80.5166081568 0.0782185414479 5
23 -73.5003851567 0.390820260024 2
9 -90.9607792137 0.806614884206 0
6 -105.313485017 0.953454128848 3
23 -74.9599434786 0.653989852438 6
9 -100.977155381 0.392802977898 3
21 -75.8859549778 0.740789363855 6
28 -73.1322455512 0.887041407425 7
20 -76.3814948943 0.101468561329 5
22 -75.8611725085 0.748298371419 2
29 -72.4825275243 0.929863648441 1
27 -73.4077013286 0.239594941726 7
19 -79.688998843 0.156888181674 2
3 -148.40112714 0.941802900018 4
3 -347.933070362 0.605704726054 4
19 -79.6930027549 0.193445551054 2
19 -77.0492621604 0.885868239544 2
7 -101.114682421 0.549010723902 4
27 -72.7884630287 0.119528678704 1
28 -72.9966970556 0.74115890499 3
8 -99.886196565 0.807629704655 0
30 -72.4415362653 0.952454836536 1
13 -87.4376623291 0.986023413843 6
27 -72.873937058 0.908012963235 3
1 -8753.29665795 0.178776248132 4
16 -80.9100312722 0.921164679203 0
19 -79.5348251724 0.120345172034 2
15 -86.5202493402 0.288157382094 0
13 -92.7564995202 0.671013072354 5
18 -80.1650274667 0.276528965435 0
3 -370.526871285 0.0858456758302 0
5 -110.439481553 0.501130800444 5
8 -101.490564275 0.870548630271 6
22 -75.0997893637 0.596092726363 7
18 -81.3138112946 0.793158941385 2
5 -105.917831853 0.375310322095 5
21 -76.9414434086 0.371349249323 4
21 -76.9307073769 0.486754771355 2
5 -103.786632695 0.230585872943 5
10 -95.7228838581 0.619171072431 3
14 -87.2708483248 0.402496437215 0
27 -73.3908841022 0.694642035874 1
8 -101.225610225 0.108588549909 5
21 -74.8502186377 0.787927968287 2
2 -1008.82717397 0.581819967143 5
25 -73.8322859735 0.237643207094 0
15 -79.3420500343 0.804328555375 0
25 -73.7659875913 0.364485566768 7
29 -72.7853620969 0.449512505758 1
13 -91.8993982332 0.903554955959 6
28 -73.0161582742 0.224609966314 0
24 -74.530146775 0.201454265048 7
31 -72.5192103428 0.643048492997 1
19 -78.4215844354 0.823785773018 6
22 -75.8494841343 0.62150071209 1
16 -83.1519306632 0.389059103839 2
24 -74.0105005164 0.280340137811 1
29 -72.5448564071 0.652732465002 1
21 -75.1295033896 0.374849425382 2
20 -77.2705093712 0.983342375742 3
27 -73.4169140059 0.920893608274 0
29 -72.7930462865 0.0420561983918 5
26 -73.4896758449 0.878857628399 0
29 -72.8246692281 0.317769146442 5
19 -77.7826511586 0.272165974792 2
26 -73.511069097 0.144795003675 2
19 -75.5566432263 0.871596606409 2
21 -76.2551646526 0.320217874589 0
29 -72.7565348797 0.199199531333 1
19 -79.3620727471 0.762951447869 7
22 -75.1160282917 0.713757319852 2
31 -72.5918458416 0.586139584049 4
22 -75.6926473494 0.6355853081 2
20 -77.0485408413 0.55262364773 2
19 -75.8148709975 0.79860244433 5
31 -72.6238363069 0.23657617408 1
21 -76.4256312 0.902043573545 5
26 -73.5524498376 0.883143419388 4
31 -72.6132676459 0.176236697152 0
21 -76.7918793958 0.0415383018641 2
22 -75.4897180963 0.605722753375 6
22 -75.6346333149 0.547071121691 0
18 -78.2212129565 0.96148944318 0
31 -72.548414472 0.547072017112 3
29 -72.5370537418 0.496643161623 3
23 -75.0865523871 0.506978299245 3
29 -72.8533769249 0.161982947187 1
33 -72.3213542548 0.56223450549 1
24 -74.4468398963 0.407765316473 3
33 -72.4111259894 0.989192586988 5
23 -75.1297383961 0.0940513987851 7
8 -101.655604194 0.43458220047 4
26 -73.5521235016 0.116374712425 3
33 -72.409339094 0.446401368791 5
13 -92.3699290897 0.483443550505 4
31 -72.6072239648 0.946043495629 5
30 -72.7258887776 0.647254057857 1
32 -72.5368977541 0.659636405078 2
16 -83.8605846586 0.788936366425 4
29 -72.8801385164 0.0897122965765 0
33 -72.4256935294 0.231144162982 1
31 -72.6792735755 0.596008367212 2
22 -75.0019549964 0.0575671323999 7
32 -72.3973864912 0.165670443374 4
29 -72.8675297016 0.0281225068353 3
31 -72.5347504027 0.7227650538 3
34 -72.3032672798 0.231939746595 5
33 -72.4387239952 0.505289451724 4
33 -72.3288226722 0.145455419994 4
32 -72.5592585106 0.0427305331421 3
26 -73.4100203677 0.678101134509 2
18 -78.7403952546 0.411254471292 0
21 -75.6708403058 0.119218810242 0
34 -72.2638970018 0.588104165017 3
31 -72.6772053268 0.421371107187 5
28 -73.0815488952 0.507931009817 7
29 -72.7362068048 0.104373567131 0
30 -72.7420414905 0.00472051827601 3
34 -72.3556381482 0.519510037232 3
33 -72.445388252 0.241738160109 1
4 -117.453495537 0.197768545128 2
31 -72.6692637796 0.608436308028 0
25 -72.9831282681 0.156651643866 0
15 -86.0180326891 0.901775212507 2
25 -73.9517917067 0.13890232587 0
28 -72.8792786623 0.806632402657 5
33 -72.3860097232 0.274518961342 4
4 -104.910079468 0.740240914891 2
20 -77.3459792901 0.201375229021 6
14 -90.0004741751 0.231649271899 7
22 -75.5142943781 0.371713872666 6
29 -72.7595577318 0.11784789585 4
32 -72.5155222497 0.618472953923 4
8 -99.1123549152 0.412862606282 7
11 -98.4145059756 0.996259389494 2
15 -82.9493547631 0.335755551313 6
22 -75.9403675297 0.377670243843 6
33 -72.3173456893 0.774949682037 3
3 -157.198983068 0.031310614817 7
30 -72.7507091164 0.462274407434 4
19 -79.6201787336 0.00821835721269 2
25 -73.7946299606 0.73397706114 2
26 -73.5297398618 0.420548029753 2
34 -72.3598500151 0.426067801656 3
25 -73.7885459194 0.70086745217 6
31 -72.6497169523 0.956298478173 0
32 -72.4427602031 0.101256329095 4
26 -73.4762392508 0.591867383742 5
7 -99.5121111793 0.886455429533 7
23 -74.8657845119 0.0158153687015 6
30 -72.6931198154 0.581274572152 3
23 -73.0071921992 0.833589778868 7
36 -72.2498545949 0.425745662157 2
33 -72.4398645525 0.896921045016 1
32 -72.548832575 0.511236103539 0
33 -72.4322962433 0.0326316410257 0
28 -72.9457793731 0.389248827409 6
30 -72.5709482822 0.754920106156 6
14 -83.8022608076 0.220124184883 7
33 -72.2904830636 0.0022466906162 1
18 -81.1049114864 0.785706448551 6
33 -72.3207366278 0.546860765051 4
34 -72.3170206959 0.125562830015 1
37 -72.220317506 0.728990977993 4
32 -72.4776255625 0.68197054126 0
34 -72.3016992341 0.623703887545 0
28 -73.0669975744 0.892247348794 7
33 -72.3774799472 0.970768852908 0
35 -72.301830411 0.620211631034 5
32 -72.5581295988 0.154689130324 4
32 -72.512978654 0.421388862791 0
31 -72.6512555163 0.758389797354 4
32 -72.5038734236 0.877535539032 3
27 -72.930809362 0.803968150648 3
28 -72.6145565113 0.686214492727 5
19 -76.9594963339 0.814832107481 6
28 -73.0313089184 0.813744477013 2
32 -72.383321277 0.153226018824 2
35 -72.2928031633 0.934291179588 5
35 -72.3007750933 0.351606706771 2
18 -79.2703688718 0.802500840123 6
33 -72.3627165639 0.242378237156 4
36 -72.2506293516 0.684707719237 0
30 -72.6619264749 0.666955123772 4
31 -72.3603458158 0.689000082488 2
4 -147.850128804 0.0810447515332 7
34 -72.3731655936 0.555512877629 1
32 -72.3729073661 0.191333740328 5
24 -74.5436544933 0.627648283941 6
33 -72.3880963447 0.431031633297 1
30 -72.6944235813 0.133132276542 1
34 -72.3735668563 0.687496583457 3
33 -72.4485176802 0.2935131512 5
23 -73.4585330229 0.839634562141 1
27 -73.349226958 0.823371309816 1
30 -72.7813664833 0.971606854667 5
3 -116.826160112 0.39522514797 7
27 -73.0560891045 0.61125964864 0
37 -72.217487403 0.00683469906148 0
31 -72.5441813452 0.500598978339 0
31 -72.5784979098 0.554860168829 5
27 -72.7715346808 0.0210604271958 5
20 -75.7989850982 0.676579099282 4
28 -73.0222615197 0.533974708804 4
30 -72.6914658759 0.418286460273 6
32 -72.5059453182 0.467556374621 0
29 -72.7797999116 0.354430335307 1
21 -76.9008161908 0.791736668117 6
23 -75.0190982809 0.143112117434 6
21 -77.0656805726 0.949917343593 6
28 -73.0889531412 0.738062775355 3
30 -72.7367984921 0.390164349099 4
29 -72.9304631143 0.106188117942 4
14 -89.9187421974 0.360926638304 7
1 -9125.04551612 0.382098812395 7
3 -193.270853583 0.828110367197 7
5 -114.305337344 0.486097304672 7
36 -72.2270160393 0.742596027156 4
31 -72.5865983068 0.132979269889 3
7 -101.766077107 0.815182775763 7
33 -72.1634297464 0.623128509127 2
22 -75.6202768559 0.00567894512713 2
27 -73.0340296112 0.8198755829 3
35 -72.3029920351 0.808871559054 4
35 -72.303294468 0.0774715984359 3
29 -72.9463256021 0.760202305376 4
28 -73.1092231908 0.485159741216 4
17 -82.2263015753 0.468426922419 6
33 -72.3952428726 0.468420481377 3
32 -72.5636796028 0.738571891557 0
23 -74.1770134896 0.899457839464 5
33 -72.3488807737 0.845914089005 3
35 -72.2989806065 0.0631521487204 3
34 -72.365460836 0.838825467375 1
18 -80.6270133928 0.772716115475 6
35 -72.2949297496 0.984399152396 1
32 -72.5274894095 0.503496928034 3
37 -72.1986596048 0.580553175129 7
35 -72.3073032878 0.173932403368 7
31 -72.462254372 0.101250440395 1
34 -72.3733983868 0.171990103219 3
38 -72.1944220283 0.674428729709 2
32 -72.3859589091 0.629945237255 7
34 -72.3365238855 0.603578096279 0
37 -72.20393979 0.613862978845 7
31 -72.5103008123 0.700409689173 2
34 -72.2911123693 0.196859765344 2
28 -72.7827009764 0.839846727911 6
31 -72.5824354716 0.285502461352 6
28 -72.7905889479 0.47713259661 1
26 -73.6645138502 0.838072983525 5
29 -72.9071257116 0.918123774985 5
24 -74.1623964694 0.151965670046 5
33 -72.3803333157 0.959436166769 0
33 -72.455798945 0.981559682626 5
19 -78.7710753373 0.789701695235 4
34 -72.3358456713 0.0359708334316 7
26 -73.5254736749 0.825081768482 5
21 -76.2952656658 0.718073972821 6
29 -72.9549139937 0.244449489751 3
34 -72.3469749152 0.934646216603 0
35 -72.2518892123 0.00876691227851 1
34 -72.3573595635 0.618976754425 7
15 -84.9251074405 0.918749290551 5
32 -72.5360087702 0.756147265586 3
31 -72.5423330716 0.304788848503 0
27 -72.9179080441 0.494105156217 3
5 -110.76822899 0.0757068368532 4
19 -78.7863676514 0.677576109642 6
16 -83.8756108942 0.998719879932 6
34 -72.3736287934 0.725620963813 1
37 -72.2059283494 0.171064877916 3
36 -72.2255786119 0.356124182334 1
21 -75.9042895552 0.557056345516 6
29 -72.7529866043 0.439682280816 0
27 -73.2817594886 0.518527307501 0
18 -77.8886094963 0.76617159381 0
37 -72.2044601987 0.762420037523 3
18 -78.1380789981 0.669768541519 6
16 -84.4547979598 0.812175112712 2
18 -80.6495619103 0.597816991038 5
21 -74.9838007373 0.614221600801 6
11 -97.4541467732 0.556357657781 4
34 -72.3508724826 0.303787107716 3
10 -96.261428855 0.279825012372 4
5 -114.68435976 0.594972770335 4
25 -73.1249389265 0.0280696493979 5
27 -73.3032138503 0.89910587878 7
8 -100.392718859 0.428047502921 4
6 -102.657029859 0.220133038533 0
38 -72.1937125532 0.603163773601 3
37 -72.2139730484 0.130474389558 7
25 -73.9770791995 0.282497064674 1
0 -68585.108613 0.605536784527 0
37 -72.2260378601 0.42080817227 7
34 -72.3667086121 0.38032576869 6
10 -96.2817114268 0.000671537419575 0
38 -72.1838380412 0.0623022031776 3
40 -72.1504198793 0.655343939732 5
29 -72.9213356049 0.146576368963 2
12 -92.7050163403 0.0960518561514 0
40 -72.143843152 0.268415330466 5
25 -74.0199862591 0.759382116559 0
34 -72.3614851791 0.0409767446851 6
33 -72.4341675258 0.282130866521 1
34 -72.3785276059 0.810400031748 6
40 -72.1588221257 0.28610540904 5
40 -72.1577436078 0.397866427544 5
35 -72.3101346828 0.874942244123 0
40 -72.1630037313 0.220004808136 5
38 -72.1993191563 0.55051989311 7
14 -90.2976914735 0.684615963428 4
28 -73.0464730362 0.0491154624919 2
34 -72.3414035652 0.316126348357 1
34 -72.379060149 0.0747127219619 1
33 -72.4546999615 0.924486522988 6
33 -72.413090341 0.0111332675942 6
39 -72.1748414348 0.139594539825 7
39 -72.1758798836 0.802189042468 7
40 -72.1326854117 0.78186168134 5
31 -72.6811285784 0.10165519621 2
29 -72.9337992923 0.193291255818 2
30 -72.5202746295 0.800645712529 6
39 -72.1785510309 0.678444569254 7
39 -72.1783463473 0.657312084357 7
31 -72.6348521255 0.160048092084 2
29 -72.9476640771 0.167462146488 2
12 -94.4772466441 0.501942659693 4
31 -72.5934225034 0.00807241778595 2
36 -72.2392015589 0.268457088528 1
32 -72.5604883116 0.720725120039 2
39 -72.1690460366 0.629371443422 3
33 -72.4184612983 0.177250484278 2
39 -72.1717080722 0.794636583634 3
36 -72.2592992855 0.787761029465 1
19 -78.3013074114 0.640627773254 4
21 -76.7855568033 0.0581580155267 4
40 -72.1492158919 0.199248847444 5
24 -74.2798499347 0.18964944764 4
36 -72.2527487736 0.097969385571 1
40 -72.1545961402 0.364753720006 3
38 -72.1977087085 0.932472163101 0
38 -72.1971058195 0.901273148981 0
40 -72.1542701604 0.162369408442 5
36 -72.2541494308 0.786402751509 1
26 -73.2947659641 0.106812992172 2
27 -73.3086605942 0.980570495935 4
40 -72.1572080627 0.260047167077 5
38 -72.1997614813 0.085882846105 0
37 -72.2143625749 0.31405097183 0
37 -72.2221371873 0.699148505684 0
36 -72.2596981739 0.624791083542 1
38 -72.1961897853 0.23633736543 0
38 -72.1885849399 0.0530943859327 7
27 -72.8750358946 0.000658437377115 2
31 -72.6653502363 0.785552926627 2
37 -72.2206721047 0.121102894072 1
30 -72.5815402001 0.56544483389 6
32 -72.5334126908 0.100119962525 4
26 -73.4115032542 0.772939898477 2
36 -72.2577659404 0.07527597678 1
29 -72.7856322551 0.447529660598 2
37 -72.225072302 0.351952318346 1
39 -72.1544079068 0.579596668157 3
31 -72.6082594235 0.281152358001 6
37 -72.2253250436 0.308323897787 1
39 -72.1775129226 0.759367973502 7
32 -72.5198163371 0.645209084694 4
37 -72.2149512833 0.277966523072 1
39 -72.1629578668 0.237194393217 5
39 -72.178813707 0.543192074692 7
39 -72.1628262282 0.549876389762 0
40 -72.1444858073 0.931059557194 5
39 -72.174047417 0.663259651186 5
31 -72.6763176285 0.352163042521 4
37 -72.2164544819 0.670057072475 3
38 -72.1976660071 0.682804611525 3
25 -73.9012788956 0.0573281301209 6
30 -72.7832424848 0.703687839198 6
31 -72.677316746 0.561974523993 4
36 -72.2380593235 0.926779742468 0
25 -74.0951429319 0.271294383229 2
36 -72.1935061454 0.355034386679 7
37 -72.2165294192 0.124758616345 0
39 -72.1668562773 0.127070598215 3
38 -72.1929610878 0.834244072435 1
34 -72.37312562 0.212714052615 6
34 -72.378651861 0.0316147512864 6
36 -72.2491482019 0.318964828571 1
39 -72.1703070949 0.0879607084819 3
38 -72.1704939365 0.322945858345 5
38 -72.1899675907 0.0746215031298 1
31 -72.6341282023 0.028068269418 2
39 -72.1681167528 0.92255197695 5
36 -72.2533059245 0.7750964174 1
25 -73.5663396 0.00272732282018 6
39 -72.1568320381 0.272944313214 3
37 -72.2187772205 0.429728200983 7
37 -72.2136821614 0.846589980918 7
35 -72.2942868602 0.146894777931 1
36 -72.2597034588 0.811933980098 1
40 -72.1629338797 0.940175196532 5
28 -73.1740251408 0.524487921407 2
30 -72.6788970936 0.396796160766 6
39 -72.1475928488 0.894661125217 5
38 -72.1741886153 0.65273839573 3
35 -72.3068048326 0.76384651279 1
24 -74.0888638284 0.170189887468 2
39 -72.1551107283 0.371688719051 5
21 -76.4444875449 0.128214097512 2
16 -76.7935784712 0.667050518087 4
20 -76.5360880832 0.770775989703 4
38 -72.184926926 0.316178775917 7
27 -73.3773158543 0.819240865599 4
22 -75.2412159513 0.62828047574 2
39 -72.1599232155 0.684935337215 0
39 -72.1732275541 0.162531885714 5
37 -72.225445799 0.0601883943782 1
39 -72.1418480425 0.334155820313 0
36 -72.2480303915 0.492012050825 1
13 -92.4311430605 0.45694506035 2
40 -72.1544844353 0.617265409239 5
36 -72.2612907357 0.191327535212 7
36 -72.2564066668 0.161304167159 3
38 -72.1539539852 0.680582688661 5
37 -72.1947169516 0.314411219464 3
37 -72.1634247793 0.922841131819 0
38 -72.1980377539 0.534674192127 5
35 -72.3108556573 0.218055590233 3
36 -72.236509129 0.0138952437354 5
0 -837.734399809 0.880463789877 6
40 -72.162704083 0.408936817844 0
40 -72.1610402831 0.431088860629 0
13 -93.1353898337 0.492863986714 4
39 -72.1609877305 0.965732294598 3
39 -72.1696992609 0.549264748736 7
36 -72.2466139045 0.271422971175 0
2 -500.984998983 0.328252907942 4
39 -72.1742833062 0.126796439191 7
37 -72.1992376279 0.713730412489 1
8 -98.0134581303 0.215729374773 4
23 -75.209427258 0.309495496965 2
37 -72.2110805142 0.360716592161 3
34 -72.2204359189 0.615140751073 1
34 -72.2612696017 0.903767312687 7
22 -74.9740671304 0.635689401889 2
36 -72.2163774412 0.152546183118 1
37 -72.2238489775 0.201205218352 5
40 -72.1444602856 0.724523015144 0
10 -99.0332169081 0.378158129791 6
8 -100.024871226 0.959793894735 6
28 -73.1654923163 0.93381734799 2
34 -72.2352902262 0.992742421188 7
40 -72.1625536721 0.353315476833 7
21 -76.3725082842 0.00641784051231 4
32 -72.5342707329 0.37482448018 2
34 -72.2843884134 0.276920277832 7
35 -72.2380732214 0.210123550782 1
36 -72.2508067083 0.0245731882 7
6 -103.194171939 0.198905317255 4
38 -72.1992759226 0.70112922096 3
37 -72.2097707015 0.938522133836 7
31 -72.3597890235 0.412918062921 1
37 -72.20807946 0.316894416294 0
40 -72.1576701936 0.215494839326 5
40 -72.1468909961 0.305377467411 0
14 -89.964726868 0.293705682207 4
14 -86.8245858455 0.24908231271 4
38 -72.1504547745 0.27770813312 5
35 -72.2541162001 0.102030884783 1
38 -72.1858347688 0.656169766391 5
29 -72.7996942803 0.6986496372 2
21 -74.7237904635 0.295515072418 4
27 -73.1844213622 0.155109245853 2
33 -72.4009727093 0.442331594939 2
25 -74.0582939008 0.515005941086 4
35 -72.3073481403 0.253047547658 3
34 -72.3104561225 0.504814569492 5
19 -77.9226249589 0.503510099607 4
38 -72.1905967117 0.659610405195 1
32 -72.4948942647 0.95169181607 2
28 -72.9099736344 0.659805135523 2
25 -73.5480436635 0.402118431082 5
22 -75.6429189288 0.986391886474 2
37 -72.1837123845 0.644206692684 1
35 -72.2623800771 0.553950063325 5
30 -72.7998518221 0.0804393983662 0
35 -72.3128325021 0.958824759963 5
9 -93.4841789623 0.235201606641 3
35 -72.2683288904 0.168055606836 7
29 -72.7571613498 0.527116089924 7
22 -75.7822566588 0.00142608578043 2
14 -87.7573239472 0.941824900968 4
13 -92.346783892 0.909970418468 4
2 -861.719844402 0.381401970503 3
24 -74.4996722582 0.275697381638 7
13 -93.3079996624 0.889760317341 4
32 -72.5431133595 0.549352048795 1
28 -72.8190783203 0.247081775024 2
1 -165.626843631 0.49429625076 4
30 -72.7840746801 0.811187694772 1
26 -73.5674705923 0.543953339653 2
13 -91.4106351048 0.675738519922 6
13 -91.7300685925 0.942780002941 3
21 -75.1360310883 0.273781151175 2
18 -78.0331145852 0.328487448775 6
17 -81.693114352 0.455800869618 1
26 -73.4729567043 0.0256150165385 1
5 -103.764047173 0.133126823567 3
5 -113.13334823 0.33132157802 7
30 -72.4471416812 0.376149675216 5
15 -85.5130138721 0.701887991394 3
21 -75.7227289104 0.533838436027 1
7 -102.53413646 0.404031084641 4
11 -97.6794871669 0.930724985848 4
22 -75.7185206651 0.0459167879847 3
18 -79.7688372705 0.582680984466 7
1 -558.051484099 0.959873839879 0
10 -99.0492025159 0.971584721073 2
14 -88.487430788 0.50049652952 2
31 -72.6821089152 0.652380637556 1
20 -78.1686201297 0.441310394547 3
37 -72.1820698229 0.3710765183 5
38 -72.1433554056 0.385588623335 5
11 -90.0015195477 0.906488425908 0
36 -72.2537893331 0.347299950288 5
0 -18898.5557445 0.540007488015 4
6 -100.341387902 0.838234729504 6
1 -1880.17546433 0.791961016652 7
12 -94.7699572316 0.0384671950926 3
7 -101.997055538 0.498323406284 6
28 -72.9235409584 0.598450584551 5
15 -86.0628975707 0.961665921713 3
23 -74.5189800557 0.986362714677 2
21 -76.1777161168 0.449046860638 6
16 -84.9556284608 0.971233585627 0
29 -72.9401259004 0.0899228931226 5
22 -75.1312433559 0.558852829011 1
8 -101.881487141 0.301632693295 7
27 -73.3270281203 0.223028770232 3
8 -102.199124054 0.648828771423 4
15 -85.5996129108 0.679080998534 3
17 -82.6217602982 0.699049872059 6
13 -91.4300501288 0.0585285393078 3
3 -232.210629698 0.435066048301 0
1 -2740.870849 0.0748515013855 4
8 -101.77223591 0.373415233982 7
4 -152.451304476 0.131825422644 4
31 -72.6467344076 0.762695569171 6
2 -755.95454297 0.619153484549 7
12 -94.6886066097 0.942350299261 7
0 -223152.76524 0.597032517549 2
35 -72.3080952503 0.806482417625 1
25 -73.8894187306 0.317421852807 4
16 -84.8862195106 0.764661394449 3
30 -72.5846307941 0.252286052532 5
28 -72.9328172595 0.348423406861 6
4 -106.977590339 0.0493825474821 7
24 -73.9445195582 0.838088240284 5
20 -77.9736443575 0.381648951789 6
20 -77.8825971565 0.548123942096 0
16 -82.8463052418 0.744334304514 0
4 -112.418445763 0.162331449758 2
20 -77.127037174 0.0736402056972 5
13 -92.4220100628 0.0422763152019 0
0 -113145.598802 0.370179367263 2
22 -75.6782943348 0.429620491366 6
37 -72.1884625399 0.680811492338 1
13 -89.9157723515 0.196262690355 5
18 -78.2005007762 0.941593514045 4
28 -73.0309306911 0.448179008757 4
23 -74.6574671976 0.341376076671 7
19 -79.3936530865 0.352894912303 5
32 -72.515418199 0.748637805029 4
26 -73.548419289 0.198965420389 3
29 -72.7907512226 0.398720879768 3
14 -89.6591210251 0.223085939329 2
27 -72.9079187438 0.848695757285 3
39 -72.1681223605 0.0651511432812 1
34 -72.353722101 0.633440274084 1
17 -82.2843479822 0.988123964317 2
32 -72.5285037843 0.234999758772 4
27 -73.2911105404 0.718215053308 4
29 -72.6604710623 0.551613190348 3
5 -100.819962372 0.823536388336 4
35 -72.1427392101 0.000177625813356 1
7 -102.268091397 0.549446326623 4
12 -94.1460966159 0.387755551963 0
10 -96.683167569 0.366973853928 4
24 -74.3976911181 0.427323565181 7
8 -101.79943933 0.370555016802 0
5 -107.568773917 0.714809271625 3
5 -104.670884288 0.049534442948 3
32 -72.4765020934 0.998439815124 6
7 -103.361104192 0.192821488739 2
5 -111.140299203 0.924218143161 2
3 -109.933210761 0.192798716491 5
17 -80.6290172458 0.252905640251 5
34 -72.3516497041 0.776451174082 1
0 -1078.100584 0.84701777513 0
20 -77.8527175101 0.665413641691 4
1 -493.8284215 0.915134216265 3
23 -74.7692963008 0.662464008653 4
6 -92.2344839476 0.245544667171 7
11 -97.7244699268 0.771037874723 2
35 -72.2590082543 0.788097031459 1
12 -94.860662952 0.536096695568 2
35 -72.2599816615 0.527380136995 1
40 -72.1503224059 0.0156576119942 1
1 -1947.98884757 0.673735568588 3
4 -135.92119948 0.386507763336 2
6 -104.131564298 0.498645509221 5
33 -72.4345471051 0.092119113939 6
30 -72.4730516398 0.202058509142 6
14 -88.1181751727 0.0947582216924 7
18 -80.522895791 0.491310871868 3
34 -72.3290604119 0.659469738421 6
31 -72.6184620132 0.609951633025 6
27 -73.3243855442 0.942948591644 4
27 -73.1385075732 0.378212514978 4
19 -79.066297767 0.842264558824 5
15 -87.0441734327 0.0309800367037 7
30 -72.8013958273 0.161303501506 4
23 -74.9822288699 0.726844297464 2
28 -73.0211707924 0.398569102116 3
25 -73.8967085108 0.505664770596 0
39 -72.169283332 0.800803477505 1
26 -73.6164945866 0.984971741834 3
30 -72.6999869269 0.458724932969 0
26 -73.5563602343 0.953940283254 6
26 -73.6590651298 0.910764281804 0
29 -72.884155859 0.9288313479 2
15 -84.8352601006 0.880088923102 5
27 -72.9310415768 0.63219266425 2
12 -93.8730510068 0.425740164797 0
36 -72.2465920908 0.580110809989 6
25 -74.0215608063 0.0218777810688 4
39 -72.171403551 0.588998770737 3
31 -72.6291844252 0.581405273131 2
18 -79.4332298792 0.765314603747 5
21 -76.3920049981 0.00185830428632 5
24 -74.5065493486 0.304447910431 0
34 -72.2935887148 0.409740038619 1
31 -72.6354815543 0.795303528649 4
37 -72.220089081 0.441478630495 1
34 -72.2650065334 0.667017786293 3
30 -72.7792473764 0.926149896578 3
27 -73.1256674299 0.291208963709 4
37 -72.2195814267 0.183388385789 6
14 -88.0435514074 0.65974238902 7
31 -72.6670517881 0.00346372453485 4
28 -72.9158280867 0.918181923094 1
33 -72.4308206692 0.164504245842 3
40 -72.148632105 0.212144238784 1
2 -552.890779509 0.171939820401 5
8 -99.8945089651 0.371144271921 5
20 -75.1453418941 0.565818001958 4
34 -72.366713284 0.517300374834 0
9 -101.328648683 0.880681498418 5
35 -72.2552217769 0.549043867611 6
7 -102.409332408 0.705346391102 5
8 -101.899555551 0.203321057585 5
20 -74.1514414548 0.37912818834 4
35 -72.2135842499 0.576107017958 3
25 -73.8307298368 0.865490138967 3
2 -367.086217377 0.646554094075 2
15 -86.5444941378 0.209006516319 5
16 -84.7944504224 0.811673370155 5
15 -86.9389348859 0.206373763301 5
35 -72.2959885572 0.551484476774 3
4 -121.454170853 0.987949030969 7
37 -72.2079982211 0.715349347495 0
8 -101.819483098 0.562545900817 5
40 -72.1407407471 0.725444164337 0
34 -72.3671939456 0.434079002456 6
26 -73.2258013678 0.651876916027 4
22 -76.0045583841 0.145935070842 4
25 -73.7818003402 0.258195420006 7
24 -74.5781798292 0.92076298818 7
29 -72.93183681 0.201264448988 3
24 -74.201293726 0.839181328757 2
2 -537.03015586 0.041704415216 5
17 -82.1290029503 0.906599829806 1
12 -94.2983575034 0.54747427266 5
8 -101.102927433 0.567911648873 1
10 -99.3700626108 0.105350729155 4
15 -85.7890364042 0.932353900372 3
0 -17827.3311513 0.381348020232 3
12 -96.2197535676 0.96107780329 6
20 -78.3574332194 0.407233838534 7
12 -95.8621415325 0.210601453386 6
1 -1108.14328513 0.521368853493 6
31 -72.5939008147 0.938504828914 0
31 -72.6400698386 0.364160625231 2
15 -82.3196180448 0.425067505118 6
10 -99.6510911917 0.619512682548 7
14 -89.3244327529 0.487592017558 6
2 -233.849975861 0.919351696974 7
0 -4569.62543171 0.984885558163 6
4 -132.951114826 0.0069842132924 6
25 -73.9987916794 0.754839826949 2
14 -84.8186809754 0.638631305408 3
20 -77.61408548 0.00490629041849 7
19 -78.3733942486 0.234719114996 7
32 -72.5147363352 0.560176795087 2
10 -98.8139794767 0.216223722342 3
1 -2008.76775181 0.701535964297 3
3 -344.491343456 0.264135085583 6
12 -93.973652439 0.866656982361 0
7 -99.8107917488 0.804723432358 6
14 -86.6509576752 0.356672263525 7
31 -72.3900077034 0.631152246819 2
2 -396.239501729 0.670988913847 7
10 -100.08920082 0.377333761039 0
10 -99.1946400442 0.0329177118768 0
11 -98.0811653725 0.548131098386 0
28 -72.6967071544 0.740222957691 5
5 -109.592793583 0.866978608385 6
2 -282.174901121 0.805355668138 7
4 -112.257640511 0.133117975297 4
21 -76.8040662767 0.524226352417 3
11 -97.982107715 0.261650663294 7
6 -101.614557459 0.898732068278 4
11 -95.6870903789 0.588059106269 4
25 -73.8348666902 0.592265355368 5
13 -92.473271643 0.878399336301 2
16 -82.1642226456 0.888051551308 4
6 -105.414594628 0.837665675707 2
4 -125.325548419 0.685787753265 2
7 -101.2454383 0.0781539145396 7
15 -85.6752878542 0.234388135375 0
5 -108.984383411 0.710345952348 1
1 -9307.46777384 0.194960118064 2
11 -94.1600903635 0.0603899698526 6
5 -111.28616789 0.406732350516 2
16 -84.0206090342 0.615343711477 6
28 -73.1113476852 0.361976572959 5
5 -103.154908173 0.54129516024 6
0 -72191.8140508 0.110059473592 6
29 -72.8090266256 0.93354069443 5
26 -73.2293127646 0.668448018698 2
26 -73.6382346139 0.39085955555 5
39 -72.1682524864 0.017355815851 4
10 -98.8094249044 0.408929228275 6
14 -90.0579661917 0.739643341423 6
34 -72.3074137068 0.540517175535 0
35 -72.210502127 0.961326306681 0
6 -105.351060498 0.0555820265908 5
14 -89.7738532261 0.175396734341 1
2 -173.449116033 0.202791710993 7
40 -72.1571504108 0.221797786302 2
39 -72.1546460934 0.050177257286 4
8 -102.194856288 0.158433121247 5
10 -97.2219974711 0.449733628597 5
31 -72.659601336 0.30907376593 3
36 -72.2247070625 0.442051679778 2
29 -72.9596372707 0.266851492194 3
12 -96.0583989968 0.889215558532 5
29 -72.9192398747 0.441433701401 3
7 -102.961570854 0.75622549148 1
40 -72.1354410602 0.297156389489 4
24 -74.4201773111 0.637582223181 6
27 -73.3842672894 0.274846897985 3
19 -79.5826942279 0.231813834921 6
34 -72.3366561123 0.0309467036444 2
37 -72.2019682547 0.544040516743 2
37 -72.221498089 0.027719173764 2
27 -73.3095707152 0.871218512043 1
17 -78.7419742967 0.725352123325 6
13 -87.7047435925 0.7864685636 5
34 -72.3284498545 0.0648552131503 0
29 -72.7454952447 0.112171488113 1
33 -72.4569456585 0.164923839709 2
38 -72.1910874855 0.308552613959 4
28 -72.6827330853 0.0941368600588 2
28 -72.8918481939 0.28714389003 1
40 -72.1299365688 0.930150358483 4
36 -72.2319974172 0.696301390824 6
27 -73.2113728851 0.794827320619 3
40 -72.1416235847 0.974998155178 4
2 -369.291864362 0.974675788747 7
36 -72.1646994355 0.578052864957 4
25 -73.9926946519 0.859500395843 3
10 -98.8328302593 0.439795047632 1
36 -72.2271672063 0.0790865090549 6
40 -72.1506207061 0.810389213791 4
39 -72.1575073644 0.144606097871 6
16 -84.6846275809 0.264879250437 5
32 -72.4377105384 0.322718040018 0
25 -73.5353425081 0.914278654367 6
37 -72.2237574191 0.45616379028 0
34 -72.2958436642 0.724777782912 0
28 -73.0373223074 0.0162468463779 4
38 -72.170094614 0.179003605076 6
25 -73.3311162006 0.280749224573 0
30 -72.7681433011 0.570041389628 6
22 -75.3713522463 0.116637255848 7
32 -72.2511572968 0.679614072737 0
37 -72.2258909444 0.511718014958 0
5 -105.182100944 0.861842912865 1
12 -86.279258272 0.439367253102 1
32 -72.3348778378 0.32013251302 0
17 -77.2589422917 0.135952326846 3
17 -81.9241139437 0.696649311556 1
36 -72.2562900791 0.524945393013 0
22 -74.2692323333 0.0618854708705 7
20 -78.2385485213 0.496384157889 1
27 -73.3802231039 0.54064462937 0
14 -86.6315895017 0.696307332826 5
20 -76.9101725197 0.84501015207 0
20 -78.3200239669 0.414441297621 7
25 -73.5329883944 0.409910430271 4
18 -78.4836424778 0.393727192542 4
2 -472.721208573 0.137462649229 1
32 -72.3218268198 0.567242226378 2
38 -72.1823367517 0.485463036809 7
4 -163.567213061 0.708834583757 3
33 -72.1644108353 0.159085802232 6
28 -72.9858024981 0.263342006481 5
21 -76.5575184221 0.267960470236 0
40 -72.1342791612 0.54015263484 7
36 -72.1933843748 0.881457323865 7
25 -73.8744909144 0.937239943267 6
0 -3170.89530624 0.0225423159208 3
27 -73.026450875 0.588885101788 6
23 -75.1253094702 0.92597002314 6
40 -72.1448591173 0.736498946764 7
25 -73.9553675639 0.238517095441 2
6 -105.668176984 0.294512736436 1
17 -81.1219656099 0.421313864223 5
15 -76.6027865628 0.178765040746 1
33 -72.4558747249 0.0545976818156 7
20 -76.1696463036 0.708484777031 2
7 -101.638897006 0.764603455528 0
20 -78.0127289861 0.616482747827 1
0 -4403.37387377 0.890178325084 3
37 -72.2192052245 0.224953350643 6
31 -72.6747942023 0.697560168368 6
27 -72.9284946257 0.565492054617 7
29 -72.8010086974 0.0157690412032 7
37 -72.214351059 0.918418461009 4
17 -82.1044374399 0.741777978331 5
8 -98.7008203254 0.466468391713 0
26 -73.3148524516 0.813510975541 5
0 -2196.54011149 0.966564239536 1
25 -73.8008667581 0.972602582779 5
20 -76.9150787687 0.454304835485 6
12 -94.9453982826 0.425028241114 1
13 -89.9776923071 0.30817522013 5
4 -108.751138104 0.251806353171 1
30 -72.3277152363 0.729545855837 7
12 -96.2030785825 0.108801898546 6
30 -72.6775500799 0.366464284791 7
1 -1992.50472991 0.773944982554 3
14 -89.3669598554 0.627767539061 5
9 -101.205998102 0.629388205949 3
15 -86.3112987172 0.201571160658 3
8 -100.283645813 0.180772101429 6
6 -103.380070666 0.516693889942 0
6 -105.672965475 0.022768381957 6
3 -320.616778202 0.866701055033 6
23 -75.0110309408 0.63766405515 2
5 -112.132254965 0.95504871987 5
22 -75.6733070098 0.0577149920931 4
9 -99.3804567686 0.690409172182 5
28 -73.0445645626 0.990199764667 4
30 -72.7960482869 0.276491434168 4
23 -75.1389051365 0.24494031935 2
26 -73.5233082156 0.76579617908 7
11 -97.8701637121 0.410118777181 6
27 -72.9603624064 0.16276059575 7
30 -72.7625951603 0.0888523398169 7
18 -81.3094971219 0.262377347746 6
28 -73.0324240691 0.263888887457 7
17 -82.6201508458 0.811839096889 1
17 -77.2008520635 0.279498836968 6
26 -73.4566129789 0.887714420612 7
13 -93.1773065542 0.771643324974 1
18 -80.9871473745 0.40700894866 1
15 -86.1961475352 0.814209225723 2
19 -77.0793988362 0.455288363098 1
31 -72.5488615422 0.825456482961 7
9 -101.307861965 0.423018940102 5
16 -84.6026291859 0.20274552335 2
2 -218.408201201 0.235770273553 3
30 -72.7599295733 0.769673653673 4
0 -74978.8847549 0.502553880481 1
16 -81.5854529438 0.938190237571 2
11 -97.8982453021 0.214881268033 5
11 -97.8135194171 0.855838926747 1
35 -72.3018272605 0.843077805968 4
3 -140.138338808 0.667341012634 3
15 -86.7478648198 0.809004830948 1
34 -72.2620507726 0.000128986744132 2
9 -96.4749904001 0.522094202279 3
11 -97.711234109 0.0748216379782 6
3 -442.689161934 0.657725511444 6
25 -73.9126092384 0.9264046255 7
37 -72.2206729672 0.423889615988 4
9 -96.0926368788 0.313403436483 3
14 -87.4275216432 0.192866770773 3
23 -74.4038916191 0.15036065598 1
25 -73.1347897838 0.540845681847 7
22 -75.7245334828 0.553434824086 5
2 -477.353836131 0.364382721064 3
35 -72.2250060911 0.499721113728 2
23 -74.2748878446 0.024954867059 2
22 -75.0972821461 0.545473817256 5
30 -72.6645245284 0.829283897034 7
31 -72.6737582931 0.35702392234 5
28 -72.6118970423 0.501955022492 0
3 -190.878967719 0.295138568349 3
35 -72.2447177393 0.111194974939 4
35 -72.2446047932 0.0790905474865 2
4 -161.420573745 0.874108646789 6
25 -73.8453347513 0.529002746071 5
14 -87.0455235315 0.946035144719 6
18 -79.417625993 0.960258058748 1
37 -72.178892034 0.86168992317 2
4 -116.790339385 0.970813084141 1
14 -85.2728655574 0.589687976379 6
0 -4311.43217328 0.0645128056428 3
14 -82.1369278412 0.248519659545 6
9 -97.5692157538 0.800330794359 3
7 -103.49341649 0.135518403444 5
12 -88.2362463966 0.3078111304 3
11 -95.2493369898 0.855285692626 5
20 -77.9692866183 0.343437954765 1
35 -72.2872591883 0.666610947828 2
13 -90.9843087649 0.343389639734 6
6 -105.713088986 0.913337681912 6
10 -99.2040694185 0.524962851582 3
6 -103.396121092 0.620972942635 6
21 -76.644536629 0.0570922537554 2
25 -74.0912166114 0.393025633348 7
33 -72.4560717608 0.983519719444 4
31 -72.4914766166 0.654444776557 4
34 -72.2013188436 0.0401914584805 4
14 -89.1732879938 0.233195477735 6
17 -82.8202671638 0.890577854069 2
5 -113.072937035 0.36495623423 3
31 -72.2711528937 0.212397559223 7
2 -631.494975282 0.761987923628 3
36 -72.2534339684 0.884477439963 7
5 -114.316280265 0.938672104371 5
24 -74.6000949842 0.454249321355 7
3 -440.994114791 0.441230726876 3
4 -119.926887089 0.901129028936 3
7 -103.293698134 0.131412124908 5
23 -74.5076335861 0.452113978519 1
24 -74.246409524 0.639470991264 1
19 -79.6527079219 0.796077080311 3
32 -72.4228412867 0.796210055032 4
20 -77.23549817 0.789902500324 0
17 -79.7588627856 0.782119444808 6
13 -89.0347246534 0.114104406321 2
25 -73.7715404623 0.0980895635136 6
7 -101.967923034 0.132600721357 2
27 -73.2192459827 0.582418451257 3
25 -73.9802293869 0.808497319168 4
22 -75.4272141683 0.709483391646 0
5 -101.67724776 0.316848656169 5
36 -72.194809268 0.322609100527 4
20 -76.3829443141 0.796673761444 6
39 -72.1544128194 0.839389049084 4
28 -72.9219145023 0.233020298765 7
27 -73.2882096942 0.725637119066 3
19 -79.3590638849 0.0462075781595 5
21 -74.6649516797 0.329842388346 6
16 -80.5944247596 0.988013046915 3
22 -75.6060578696 0.605744993396 0
3 -129.434239673 0.299259062845 3
25 -73.87364276 0.260102262675 6
19 -79.315644301 0.034982070769 1
30 -72.7325676868 0.851612927688 6
38 -72.1877945796 0.265418933868 4
13 -91.5408090202 0.395227723867 5
3 -140.95682705 0.079439392851 0
39 -72.1779940882 0.682201354234 4
38 -72.1689276172 0.484084425506 4
2 -930.884726487 0.127594639718 1
17 -83.0737082507 0.684056601243 3
26 -73.6852073726 0.01062267885 7
9 -100.949045873 0.146452830709 0
2 -1012.96067773 0.711354374338 1
24 -74.4552551957 0.491660384475 7
13 -91.1707131689 0.598579885133 1
17 -82.2963038671 0.280339411472 7
14 -86.3609991081 0.140018475521 5
15 -85.3290795857 0.312552330261 3
15 -86.3016195193 0.0647799929686 2
39 -72.1622383074 0.486706458786 4
32 -72.4454986236 0.336336394453 4
34 -72.3071185176 0.580392999576 4
38 -72.1602007321 0.614822617038 4
27 -73.4025967626 0.620165784658 6
9 -101.289801442 0.0763366954926 1
10 -98.860166825 0.532592129882 0
27 -73.1808658085 0.773837060387 6
14 -90.0705268274 0.857798841134 1
6 -104.660250914 0.672103067342 2
27 -73.3709043357 0.128625369024 6
38 -72.186941957 0.75588484478 4
34 -72.3774361023 0.615135023629 7
3 -314.70782361 0.668255435106 1
19 -79.7567914025 0.0602757870478 6
10 -98.4363892504 0.954325890324 2
18 -81.3224056012 0.374620854064 5
14 -87.9333067445 0.0787904482628 5
21 -76.9779193084 0.100164748053 0
25 -73.5748634181 0.500759616736 0
11 -95.8091896423 0.257900708747 1
22 -75.0294452803 0.759999539191 0
38 -72.1818506118 0.069736483264 4
39 -72.1761376776 0.889358650312 4
29 -72.8793826522 0.411317191404 0
21 -76.9670290055 0.56992073078 6
15 -82.5511057492 0.697533847612 2
13 -85.2625105299 0.586173892505 3
18 -79.6446327063 0.943097793031 6
2 -201.887037656 0.157274464554 1
17 -81.0763347819 0.810434210292 6
6 -105.738237965 0.759582840102 3
14 -85.7273877868 0.00565658092992 5
7 -101.811545588 0.527966166667 6
9 -101.069604592 0.803671734647 1
25 -73.9883431729 0.0554559441351 3
3 -353.500143966 0.502768717914 2
26 -73.2959853288 0.869191856299 0
8 -102.022213496 0.70912230004 1
28 -73.0856174333 0.0183009216674 0
20 -78.2530470964 0.394924179464 0
3 -318.690376308 0.0695266220444 2
30 -72.7700373819 0.46407772729 3
13 -90.2415658039 0.0028969054468 2
25 -73.8481115132 0.355376613568 6
30 -72.5538639962 0.147956978708 7
33 -72.35258225 0.394690074406 0
8 -102.094844221 0.0404862537135 2
30 -72.7271502973 0.842965598862 3
40 -72.1556005701 0.227868063364 4
37 -72.2254063675 0.874312043855 4
12 -94.8056480001 0.735267172784 2
15 -82.3444956752 0.658634639471 6
14 -84.2892045963 0.1427860529 2
39 -72.1336451978 0.490223379262 4
3 -365.326683357 0.847598256348 1
39 -72.1321262477 0.708231166407 4
27 -73.3015380032 0.913055671483 6
12 -95.8821784969 0.200835731106 1
11 -98.2029832682 0.734353803179 5
34 -72.2813769351 0.547507247585 4
35 -72.2388849919 0.571078061346 4
14 -89.3384162308 0.0220236651764 5
36 -72.2283868959 0.549215590987 0
0 -6826.88163338 0.820379986121 7
38 -72.1938661534 0.498078904726 0
12 -95.838094078 0.59980711732 1
21 -76.6234955308 0.469491063411 4
14 -89.5435217527 0.282508608181 2
22 -75.8127198395 0.995220398194 7
8 -101.677482188 0.824712416465 5
26 -73.1189664871 0.692637816479 4
0 -4446.43453078 0.58901012374 2
15 -86.6475644122 0.207788020706 1
29 -72.9133821823 0.481485128536 7
27 -72.9458534695 0.882867851054 7
23 -75.0035505072 0.737038165285 4
3 -166.06551675 0.606366089206 2
0 -22401.5046194 0.689878368894 2
20 -74.5130023396 0.259048727587 4
0 -17330.5039153 0.0550063183993 2
7 -98.9571200015 0.233070729362 3
35 -72.2956829036 0.75648090544 0
9 -100.783973815 0.0325164326698 6
18 -78.7273588917 0.876731676026 4
35 -72.3086452836 0.59581393688 0
36 -72.2460817503 0.807451756022 0
14 -90.2758548902 0.0077013498299 3
13 -92.3565859405 0.325992619896 6
16 -85.0839668414 0.633094700277 6
10 -96.7674404541 0.824906376107 3
18 -80.3954911915 0.670280755831 1
8 -101.511068716 0.204426989144 3
25 -73.7468076775 0.055120100447 5
18 -81.3785929544 0.15889775521 6
25 -74.1187932639 0.805412586689 1
14 -84.6184843503 0.826854695662 6
31 -72.6093721936 0.681328183661 4
30 -72.5332600107 0.251355760971 1
8 -102.18513281 0.353629393066 3
13 -88.8853028354 0.844802405669 6
36 -72.2450045996 0.700031542457 0
35 -72.2112763593 0.882537546179 0
39 -72.169667987 0.947317553607 0
33 -72.3991364669 0.187260357649 4
15 -87.0902085185 0.47160018818 3
36 -72.2597965326 0.732955201699 7
18 -80.5610294822 0.0398479792182 6
21 -75.1455982438 0.704940472668 6
23 -74.8994614842 0.415488652015 5
10 -99.5975683232 0.371548598484 6
26 -72.9764312978 0.897152834013 4
37 -72.2100550155 0.00735615083841 0
38 -72.1698531138 0.00239636747844 0
6 -104.176211256 0.10773108593 6
15 -84.7396251674 0.48857515989 5
36 -72.212272687 0.264291541502 1
37 -72.2235725538 0.292223042523 0
2 -790.03594807 0.836239781775 2
17 -79.615640382 0.525858528272 6
36 -72.2358917582 0.819076610063 0
33 -72.344448308 0.459201877424 7
19 -77.9030845722 0.0813711273865 6
3 -130.773458058 0.884110828507 2
0 -372490.267598 0.952000062813 2
35 -72.2629051961 0.382612666828 0
36 -72.2502265794 0.317812646747 1
12 -95.128630628 0.839539160076 4
32 -72.355886351 0.36454011057 1
35 -72.2360129809 0.249240758677 1
7 -101.854595336 0.556929678355 4
38 -72.1468183406 0.879881370983 7
35 -72.3105836629 0.595312077756 7
15 -85.1830805776 0.46737361989 2
27 -73.2776891257 0.0626750987642 5
37 -72.1851213257 0.0897141684808 3
6 -104.407150358 0.487538755265 6
31 -72.5692337844 0.968379032432 0
32 -72.5524553446 0.334858225887 3
10 -99.9176576881 0.102378063756 2
10 -97.1416856051 0.47542703479 6
18 -78.7044247457 0.547967373794 4
35 -72.2794522927 0.00610109831019 5
17 -82.7362191976 0.316439904666 7
16 -83.2635594607 0.494129887037 7
35 -72.3017081964 0.585750648594 1
23 -74.9095888264 0.179108579139 2
29 -72.7902223916 0.961008703311 3
30 -72.4973725739 0.516709700246 7
40 -72.1553132218 0.834948039901 3
30 -72.6804126066 0.847181521764 1
14 -89.0019580365 0.630876325701 0
4 -131.451131834 0.0837441942438 0
24 -74.4709629835 0.475612194101 7
13 -85.2341235367 0.598433818548 7
7 -102.194693049 0.220696439363 4
2 -106.416484708 0.344601441465 4
38 -72.1760026678 0.820289032101 3
19 -77.7534197481 0.70146854074 2
14 -87.9077508167 0.393212408094 0
32 -72.5311384262 0.689854503386 7
9 -100.190334823 0.264810561611 4
16 -82.6277564892 0.471051147943 5
21 -77.0859616492 0.0732982875318 2
23 -74.9650771149 0.666916651942 7
17 -82.1500383391 0.147983658175 4
29 -72.6154599453 0.0365442792074 3
5 -101.780953998 0.881648976645 0
9 -100.908091565 0.151691646007 6
16 -84.4711314831 0.469412299258 6
25 -72.757664992 0.109023096643 2
20 -76.594068856 0.559226564382 6
26 -73.4706758043 0.0816381947138 7
18 -79.3941888395 0.142196260625 5
23 -74.9105902085 0.046254765213 2
15 -87.5515670212 0.541834631966 1
11 -95.3635360635 0.658194930742 0
29 -72.8015621915 0.0118030286233 7
1 -260.096355086 0.244665931343 1
9 -99.2771858882 0.907301587466 6
10 -100.048374074 0.566903707715 0
4 -134.917964031 0.255679875261 1
5 -114.304262946 0.980347085976 4
7 -102.817342053 0.777620060306 2
1 -5611.72241671 0.480751803667 5
2 -376.288019678 0.79297415778 0
3 -108.526594778 0.458794853339 5
11 -98.0259296398 0.340897828187 1
1 -103.314661363 0.938613683538 5
5 -107.472312647 0.558543834011 0
26 -73.4620353886 0.861779411481 7
4 -117.362594798 0.422152078479 4
6 -106.236642112 0.866768896901 4
6 -105.310293088 0.129176085429 5
35 -72.271764431 0.834708530535 3
6 -103.556838042 0.247756707866 6
16 -83.5952480339 0.0130526686245 7
4 -139.968315573 0.931411226233 4
11 -96.8508595402 0.478044662301 6
11 -98.425853118 0.762910926781 1
15 -86.1481231442 0.15997744876 6
18 -80.708830473 0.0958366909902 7
8 -101.529898601 0.902388519465 5
40 -72.1587730165 0.0608093164896 3
20 -76.5305405159 0.222155190586 7
28 -73.1522524525 0.303847592332 4
39 -72.1713495801 0.88859465217 3
40 -72.1360559276 0.68881677772 3
24 -73.835131686 0.116873631593 5
33 -72.3997169769 0.774122406275 4
17 -83.0123254122 0.606424444962 1
29 -72.5950502211 0.328016390335 3
17 -80.7633954859 0.905345004144 1
12 -95.2468326366 0.657764386478 6
1 -7317.00288388 0.658418488741 2
36 -72.2375626273 0.646380667628 3
3 -154.844765844 0.108001294129 2
18 -81.0926253133 0.376890050726 1
9 -100.694238877 0.949444207119 2
20 -78.1408624184 0.704032253584 1
38 -72.1972870575 0.566037155866 3
15 -84.6032654344 0.941601413853 1
11 -97.4898329266 0.949984644608 2
