# gamma_0, K, T, phi, ecc, omega, sigma_0, 
973.703  13.0571 2.87395 0.365071 0.528924 5.23997 47.4631 
-747.534  92.9791 786.915 2.86397 0.258274 1.32854 0.0966309 
1557.55  73.5273 8.28469 1.77417 0.471251 5.7988 20.9332 
-990.61  94.7787 471.334 1.13399 0.452745 6.15315 0.0189069 
-1223.34  6.49609 126.279 6.12774 0.423748 3.73635 81.0772 
7.59822  25.7263 257.581 0.181664 0.750578 5.15847 0.380372 
-420.882  46.8115 84.4133 1.26805 0.502354 1.75061 53.0683 
-82.5347  30.0902 203.059 1.79531 0.0461472 2.14663 12.9076 
-298.352  82.0905 493.757 6.01098 0.225314 0.531299 0.0893777 
-62.0718  18.9285 697.529 1.10715 0.833541 0.964605 12.0804 
-758.89  2.17772 427.249 4.7453 0.140729 0.0672623 0.510929 
130.51  56.4363 152.138 3.83918 0.327606 0.188185 78.6286 
12.0681  1.58137 8.56343 4.59718 0.643819 5.12268 0.294489 
-1008.51  1.74872 799.843 0.861627 0.565713 0.263846 30.376 
5.60336  66.2984 2.32324 5.31811 0.875431 1.00668 7.46768 
31.6804  64.1033 26.5749 1.25943 0.705179 3.41582 0.0110619 
-171.581  59.0402 61.2696 3.49688 0.797554 1.63857 35.497 
-81.4945  99.3669 1.16871 3.86424 0.542898 4.35923 42.2973 
88.7829  74.8448 77.449 1.52995 0.168959 3.28416 5.68004 
1583.79  53.868 1.28981 5.207 0.193709 3.35663 46.8198 
-534.86  16.7066 101.042 3.43406 0.344232 6.17837 90.7859 
-19.5411  77.8308 129.428 2.48979 0.082445 2.33395 6.66183 
-19.2873  79.6721 2.38032 5.77374 0.709545 0.361593 89.9901 
-551.932  55.9707 5.00149 0.917512 0.413869 3.60144 94.5067 
22.3158  32.1098 1.44693 3.99256 0.861735 3.55599 52.2086 
-17.2103  90.2855 6.07303 1.53356 0.894312 0.509865 86.9509 
-82.3819  72.6203 5.22702 3.93379 0.153982 3.71021 54.9193 
-88.9864  6.12242 1.24144 0.901758 0.501185 5.4058 30.9275 
-51.0331  18.5493 15.6474 4.93645 0.792615 2.60238 35.4498 
-65.3269  89.0844 6.53501 1.1585 0.331983 4.05554 58.8576 
-56.6407  0.634114 63.4366 3.6018 0.0562807 2.66966 11.4712 
1011.17  84.8298 6.87451 5.32083 0.80609 3.57331 58.8527 
-1104.93  54.844 150.696 2.55927 0.14701 5.86915 0.164498 
-62.5143  39.5416 1.22471 2.52871 0.249037 5.1615 58.1258 
632.553  29.3306 5.40338 4.19688 0.383124 3.33324 19.6003 
457.613  5.90228 868.28 1.91725 0.330429 2.80489 23.3409 
-36.2934  46.7072 5.68688 3.56284 0.587273 5.97318 18.2118 
299.076  42.4107 308.04 1.47323 0.248026 2.0421 1.33784 
-172.215  43.652 2.15077 0.789959 0.0266618 4.21189 42.0701 
-43.2801  59.9138 42.3845 0.355643 0.58006 5.60961 74.2733 
19.23  44.4968 1.24902 6.03663 0.564171 3.19528 40.2951 
53.0266  98.1497 67.7289 0.815183 0.490545 4.48525 91.0854 
-42.3016  90.4888 23.1563 2.24577 0.150229 1.90755 55.5838 
5.61465  68.4233 538.271 0.0365118 0.337966 1.22194 69.6757 
-189.633  11.2239 665.78 5.02203 0.899445 0.703785 0.203062 
57.039  67.1473 255.74 2.483 0.454462 4.70191 60.902 
-362.18  56.7895 2.61782 4.51753 0.336296 4.84371 87.5077 
-601.08  20.6469 3.02658 3.21083 0.594112 1.90578 68.6634 
188.147  85.9358 41.9587 3.45271 0.517667 0.0420613 64.0054 
25.8294  22.9967 17.8592 6.04851 0.708881 4.92872 24.7033 
30.6112  11.636 925.26 2.79142 0.725425 3.40069 88.3984 
-11.8025  70.4086 10.9752 2.17126 0.732982 2.42315 36.3152 
145.958  50.0168 115.883 4.67179 0.0698778 2.85295 80.5788 
22.9686  73.2931 69.6905 3.61392 0.810359 2.86242 40.2461 
6.47444  63.1463 695.256 4.92206 0.453971 6.18182 91.3891 
-139.86  4.13478 83.1083 3.0566 0.56545 4.89169 0.0539867 
-143.517  65.9206 82.6485 3.76994 0.88199 5.70666 1.97253 
-37.436  74.8121 3.32239 1.01587 0.694509 2.7825 96.8198 
2.99606  68.0694 1.20207 0.562907 0.00553744 2.20175 67.8976 
26.406  59.9755 925.228 3.4872 0.566947 1.02427 90.8114 
-50.9583  17.6596 34.8441 3.64703 0.293859 0.882926 88.233 
-14.1162  14.5477 7.70866 4.18323 0.382708 3.65007 67.2283 
-24.9143  50.4621 21.0996 6.15119 0.506155 3.69298 55.4693 
231.168  12.8494 276.587 0.35613 0.782597 3.9536 0.371851 
679.401  42.3064 9.70285 2.57894 0.103315 1.28094 39.8102 
-15.8056  58.7675 1.11274 6.10009 0.0173844 4.34129 65.2405 
15.7525  25.4316 25.2233 1.50289 0.390826 0.685342 79.382 
90.2847  3.89082 505.675 2.34834 0.622766 2.99594 4.29302 
-2981.88  89.7958 1.13636 6.16625 0.880729 5.84564 0.0527835 
-8.57079  27.2709 4.509 1.47294 0.79442 5.70566 23.7869 
1310.83  91.0461 294.391 1.60343 0.816034 3.05801 0.154921 
-213.158  57.4525 897.399 1.05978 0.330129 2.93705 37.3731 
-15.0767  22.9177 8.56163 2.85278 0.109915 3.60825 63.4392 
