0.000000000000000000e+00
0.000000000000000000e+00
0.000000000000000000e+00
0.000000000000000000e+00
0.000000000000000000e+00
3.049849329160298428e-36
4.932046665249823181e-59
0.000000000000000000e+00
3.628999754246812100e-184
0.000000000000000000e+00
0.000000000000000000e+00
0.000000000000000000e+00
0.000000000000000000e+00
0.000000000000000000e+00
1.583245746777026067e-10
0.000000000000000000e+00
7.627711568968434046e-77
0.000000000000000000e+00
1.800791528525139659e-217
0.000000000000000000e+00
1.291540058436848394e-47
0.000000000000000000e+00
0.000000000000000000e+00
3.032613857947345111e-07
2.594203996887757319e-165
3.573955248595086470e-17
2.007853919350771519e-81
1.073025008790653515e-102
0.000000000000000000e+00
1.260790761107401739e-15
0.000000000000000000e+00
3.977052417093788195e-31
1.790399856240429443e-17
4.647441336854792136e-11
1.771249688312414925e-48
1.298395406028539178e-07
1.632855869689033107e-07
2.578494854686132403e-06
1.836604130529378475e-30
0.000000000000000000e+00
0.000000000000000000e+00
3.469385951956781378e-29
2.111879491837741908e-153
1.391819981186771594e-109
0.000000000000000000e+00
1.579068139652743149e-11
1.242138716219841219e-48
7.658820603253280152e-160
0.000000000000000000e+00
1.589114574968868938e-07
1.293380607229796166e-17
2.533969071182729496e-15
9.716481496988358552e-07
3.881043388039412576e-69
2.998193857653833623e-06
4.909262604809072453e-235
0.000000000000000000e+00
3.341221515352741042e-06
0.000000000000000000e+00
2.219635421650343799e-06
7.606690355867381954e-09
2.065846535407623293e-06
1.745899928442498159e-53
5.701988011812723320e-08
1.936029869383033877e-34
2.510410300298773741e-06
0.000000000000000000e+00
0.000000000000000000e+00
8.286119160426532854e-143
3.767293964985927332e-06
2.556203877004182399e-06
2.216992618299882932e-06
3.241403853337659277e-09
1.007811034455227429e-21
7.433227462868380429e-07
2.237685246139606257e-12
0.000000000000000000e+00
3.171337381777808753e-06
1.672925508682943074e-06
1.681737760880400854e-06
2.557199211129546965e-06
2.325152737477808917e-06
2.102498457933551858e-06
7.852593590459238547e-71
1.271195210163732116e-19
2.631061890694093661e-06
2.020337195436547110e-06
1.661016373209100518e-10
5.068002092272639255e-14
1.763106868555052461e-10
3.878040356489947822e-06
2.986121909055309396e-06
1.698207866858624189e-263
1.874683133024005058e-06
4.456215754377234662e-14
1.931931348221003351e-38
1.078464510574490968e-10
0.000000000000000000e+00
0.000000000000000000e+00
2.168321065945009806e-06
2.509011969292749980e-06
1.810964052033521269e-06
6.205487409514315534e-06
7.071304460753846660e-06
7.888894028864201252e-22
0.000000000000000000e+00
2.324575175005215600e-06
2.628680696549754268e-08
5.736697888432202399e-07
0.000000000000000000e+00
0.000000000000000000e+00
3.581145821314027457e-10
3.351021850820621229e-06
3.009844152856821297e-06
4.430740332468322580e-07
6.916220841501906209e-17
2.194406837276511611e-06
6.008830354391827873e-07
4.769889692212962318e-12
0.000000000000000000e+00
4.370299223069806254e-06
3.297522962809368622e-06
4.986640124213528322e-34
5.343088522943739765e-06
6.758322435486451354e-04
3.306490756603328479e-123
3.959445412868438807e-30
3.231002812991670448e-05
1.252066865297593403e-06
2.992167198096644655e-05
2.836484531242785842e-219
1.609871638890002361e-06
6.476080545488772822e-18
1.811623692863296209e-07
4.586222905323683596e-02
2.246242157270613490e-03
2.474143679471925151e-06
5.304286930177064614e-06
1.850426913065830771e-06
6.926039320765910046e-25
2.763666344140301712e-02
3.960805486684345979e-12
1.811198743487934077e-17
1.416472101581780077e-05
4.509619910517919568e-06
0.000000000000000000e+00
1.392418974480906563e-06
1.151977238903507944e-04
2.527559175471017215e-06
2.303637895743235019e-05
0.000000000000000000e+00
0.000000000000000000e+00
2.361409421524949660e-06
1.789013230400677786e-06
1.706590890705696484e-06
1.607600634984737850e-04
2.345285233574111227e-06
7.025277084202494433e-07
2.276200841180777895e-06
1.006979921163824306e-05
2.967851522971575589e-253
2.606073446598212732e-277
1.517642494674929202e-04
2.793869024569422324e-212
4.416067036770595230e-06
5.865850387941640165e-05
2.323090989299698449e-74
4.135239926928009588e-25
3.108572778778682802e-04
1.883789785840177668e-06
3.827677137838819113e-05
1.351644403514919098e-291
1.017009059079673804e-05
8.865792224650614786e-05
1.241574605308601203e-06
2.947802105163782756e-05
4.131556966042392992e-16
3.686480259362648287e-126
1.628426067358433675e-05
1.600729078340147472e-06
7.388641284036028684e-03
3.177735109950485599e-06
2.542427957623229568e-06
1.101427355190328359e-04
0.000000000000000000e+00
2.768050399999859930e-04
0.000000000000000000e+00
0.000000000000000000e+00
2.105231391287173649e-108
1.440128667509088401e-07
7.569387696533866725e-116
2.015689532110816648e-06
3.618004410138241740e-06
1.477970346602444987e-03
3.214107712498102686e-06
6.246397505097735442e-04
1.716256768550778605e-02
6.611594579995000963e-03
7.724567310135174378e-04
0.000000000000000000e+00
1.435603751358282588e-04
3.454831065924676096e-03
3.081715572679803359e-07
2.995200072242215824e-06
8.715464140179869743e-05
6.500748928351147535e-55
4.325737739631023769e-145
4.300396653228630533e-04
3.524949103443107761e-06
2.451285895168259191e-06
2.386750710741103703e-04
1.909095665334563098e-06
2.086674454200887518e-04
1.210608620441814137e-01
0.000000000000000000e+00
0.000000000000000000e+00
2.324372048840215145e-06
1.802394989608538566e-06
2.749107431481276100e-120
3.421739137173972212e-02
2.788236425145680919e-06
0.000000000000000000e+00
6.576529338531563747e-07
1.592502001643067010e-04
4.405737346972806932e-10
7.612730457862607047e-03
4.496435423546744811e-05
9.683187530932751144e-191
2.299059162756602465e-05
3.364363447868464613e-02
2.586688669817796202e-02
1.647280792283416326e-04
7.476519206662870782e-05
1.753631903345870269e-02
6.474937020878705282e-07
3.280371845377864221e-02
5.175853466293399083e-05
8.081219087515426058e-02
1.833814500633275668e-01
6.438753593695535584e-07
1.404898715466459391e-01
2.332748073916321008e-06
1.397776210715985556e-86
1.997555528799218975e-06
1.079405956663403630e-04
9.059665255561497033e-293
0.000000000000000000e+00
3.926292921683979105e-92
3.510114834371234942e-06
6.479791442123026927e-03
2.540446958053954454e-06
1.068124016358339319e-04
5.648741394956838593e-03
9.568192276325387696e-05
2.450952938640791718e-144
8.456310942820905929e-99
5.243241615974614939e-02
3.794981742028448755e-05
3.271391523546954571e-06
7.688026528586351730e-12
6.100608127168402096e-03
8.198352249704091155e-02
2.192879941462746367e-04
1.281870702841828198e-02
0.000000000000000000e+00
1.313359299351264109e-01
1.245506913431976932e-03
8.452766139038747975e-03
9.753944645117143097e-05
1.824534085396235341e-05
2.535713780562252606e-01
0.000000000000000000e+00
8.725641558391153754e-03
3.634622997073346795e-01
1.684194088142794351e-06
3.505561974388132385e-108
1.727799104744097772e-02
2.490655968866528069e-01
6.888804525694228187e-02
2.221719836300808243e-02
3.967257326518099370e-01
1.464396926959461373e-02
4.896329393509687285e-07
1.650213066711486562e-06
1.247752822289076236e-05
1.077132166633281251e-06
2.095438178447548913e-02
1.030603558018940976e-04
4.275943200003437354e-03
3.928622278204189498e-05
3.665045419051649045e-01
4.938278383291933582e-01
3.263071116073389816e-02
3.895600346428534515e-07
9.763436716465573963e-07
1.880873515199105750e-05
9.747752090622632815e-02
2.956936025053374384e-01
2.838380397440999903e-01
0.000000000000000000e+00
2.025062530660902667e-06
6.405369603758408886e-03
2.514034883721133601e-81
1.813614488096672653e-02
2.164807810294863780e-06
1.599700443094257130e-01
5.232598961806908813e-45
9.993020651982461235e-137
3.428793523736742843e-01
0.000000000000000000e+00
1.864757997123053258e-06
3.523197755828429568e-05
1.000000000000000000e+00
6.838256813959278091e-01
1.342146346404986714e-05
9.616156654410346332e-05
4.490308249123240586e-02
4.111696517395461159e-01
2.920725828901126874e-03
3.626280768536211535e-02
5.560318006458384832e-07
0.000000000000000000e+00
2.331241602088266732e-04
1.060072664052808446e-05
3.203598170169285516e-06
1.538320326209818311e-06
1.473022338855982752e-06
7.267349888016649828e-01
1.390452629795553628e-04
1.950401479050274415e-05
8.377289014769334630e-02
2.545452692153121754e-01
7.162011496577687097e-01
1.674785818387988473e-189
2.154868534507452804e-01
1.958104990398304154e-06
1.493314585647298742e-01
1.119937349722460555e-02
1.711234866277635034e-06
1.969234167477417960e-02
7.043483119629694944e-04
1.284387611057215576e-04
2.934598667112727766e-01
5.865520119657290305e-04
4.088915125014029043e-06
1.683734504504043458e-03
1.777086767093748318e-03
3.953052645627112005e-01
7.195988970739619628e-01
0.000000000000000000e+00
5.446154848549981109e-01
1.799387879761665809e-01
2.369328214169096017e-265
2.151187080609575708e-06
6.848885455172007877e-06
4.273050127238736673e-01
1.415098317536038814e-06
2.256803934707789783e-01
2.770192778857644282e-07
3.177195057271258762e-03
2.638008852715006090e-03
1.972123568366560369e-06
5.081222107668032003e-07
6.555577619301435066e-02
4.451670428839074600e-01
1.360191358979809381e-04
8.719683455277589152e-06
2.979696606076887022e-01
1.046449105159103724e-03
1.244362646005530407e-06
2.370571753548645182e-18
8.481369803249737987e-06
4.173809863350027016e-01
2.518902279364756414e-01
7.909692908236281017e-01
4.821952268235793456e-06
2.565342278488322303e-01
2.354513953767733425e-01
8.481078382107463953e-02
3.435133494298791557e-01
1.583876223434219950e-05
1.890405138877955526e-02
1.539982496873864432e-02
1.934168722813183611e-02
0.000000000000000000e+00
3.651210466264935284e-01
4.062666888239129248e-01
2.885040816195936220e-01
4.978997345984231826e-01
3.778852219239458021e-01
4.599916264196689530e-01
4.332518706391655372e-01
2.697623400376758569e-13
1.754207713992245454e-01
5.013645219597743369e-02
1.654539897576762375e-112
9.771380915499090769e-02
1.687092055301329333e-03
5.085286040798953420e-91
2.140894516011091885e-03
6.431287279238399821e-06
5.867020559283166124e-06
3.788934117370664767e-01
4.277230888739925185e-01
2.712670537594794595e-01
3.522358478869134224e-01
2.854184981250950104e-01
5.171563239340586371e-01
4.885755436699816268e-01
1.134140001652876248e-03
0.000000000000000000e+00
4.565826342709674024e-01
2.288885293585781258e-02
1.476092389921932841e-11
5.154119129866632051e-10
6.897914645101511108e-05
1.519473095954486028e-02
2.592010559235302997e-06
7.152053520886794864e-03
3.426250237007812394e-01
3.011881185347112591e-02
2.732088763334895719e-06
3.025199610319652677e-01
1.275589802253287164e-01
1.622330899401750772e-06
2.867747127461351409e-01
7.631444477915473590e-02
5.318820055730253404e-01
4.987533418594837509e-02
1.810908578195232540e-03
4.312608825406870736e-06
3.275703394224104281e-01
1.050860659249441137e-02
0.000000000000000000e+00
3.037096579219320636e-06
4.176513147559464678e-01
7.647864987766028744e-02
3.427903059420347067e-16
4.540732080484628105e-06
9.622670929839987773e-05
3.583013399606028732e-03
6.956913510660290483e-05
0.000000000000000000e+00
3.212767612414927551e-26
2.221262209187326824e-55
5.610360890263890838e-17
3.898956351671621356e-01
2.541568308529197351e-01
1.453405414480119016e-04
2.478035722517889564e-275
4.623480125133345997e-02
2.299943814121382379e-01
1.263575998279122259e-01
3.831097404297474918e-01
4.142823422859582272e-01
2.787347338120548246e-01
2.395130282090715215e-06
3.676791757802824745e-01
4.837098869875092452e-06
2.472391787912396333e-01
5.215015723362068784e-02
9.851582649901761135e-01
1.155134561304925787e-04
1.261910814831335934e-06
3.513905196707112992e-06
2.677572138319368467e-01
9.609877533753280635e-18
0.000000000000000000e+00
3.756618719923436323e-01
1.732181376442532561e-01
1.439576089779246448e-01
1.989982119301518788e-06
2.239438000884612090e-01
1.528178459690988023e-06
1.421220913092670901e-01
1.472091142598496019e-06
1.491776693801493359e-133
4.650444396052177487e-05
1.982717012249255589e-02
2.182241112428417507e-06
3.449633004839977341e-05
4.216826762018197975e-06
2.478412862219239177e-01
5.192157998159994341e-11
1.631314391567548325e-05
1.923155978633621643e-01
1.340562574334650259e-01
5.758050322859236125e-01
1.898535605232588680e-06
1.624389133646960137e-01
3.069712948753919868e-01
2.169573944968530566e-01
4.505900078595035524e-02
4.916844435288369453e-01
4.234775025345741684e-01
2.595260947297463420e-06
8.888751856092726714e-09
1.991856802920961497e-02
2.502371382529517407e-01
6.508163735049258893e-256
3.263725055782185080e-01
1.811994768159981706e-06
4.625925511661758277e-02
4.721090496912486723e-01
4.273602886453201632e-01
1.286185449528078756e-02
4.090477168596833857e-01
6.907896540809267739e-149
8.257488824950939580e-06
7.936168118405664938e-07
4.099184126044807919e-06
5.377361409102253447e-06
3.954209276703876674e-01
7.860702825090768453e-01
3.401453425671265296e-01
1.732923521163301783e-01
3.034461943964988362e-01
9.248381588473652364e-89
1.038122646586791126e-01
2.223732489970804971e-01
2.798689602844098845e-01
3.085499909817687736e-01
5.037682393489870534e-06
3.027249629973522002e-06
1.810946521088873853e-06
3.557296696244631688e-06
1.375890676357328033e-07
2.307951600166424554e-06
2.705691999171115913e-01
4.973649712945672507e-06
2.618041136904759747e-05
0.000000000000000000e+00
3.341283510640240539e-01
3.449020095102634520e-01
2.620219898808167081e-01
3.471914045175960029e-01
1.535513863270443480e-02
7.951094116604589829e-04
1.720606770675043445e-02
6.415649570619268464e-04
3.516475789076042302e-01
1.826129411831886134e-06
2.083844893608740104e-02
5.088761509029299246e-01
4.804324085774074327e-01
2.206279721879418718e-04
2.240827978696571791e-06
2.942809273035687859e-02
0.000000000000000000e+00
4.064309500184689061e-01
1.046403535129462664e-03
1.994513554517248251e-06
5.210723339968333784e-02
5.176320652654893550e-02
1.338035513948329947e-06
2.522310479706370567e-01
1.028955472299421109e-01
3.282235386104414949e-06
4.266253727208688118e-01
6.822253663713534477e-01
3.966615774815750346e-03
1.450541018758831979e-26
2.139183866409919603e-148
8.944770143572947085e-02
2.263543543696902385e-06
4.551277103276972213e-01
3.539285402300973438e-03
5.981563027787774045e-01
4.420479246793665995e-01
2.122968443429716981e-02
2.499232328246136961e-11
2.978721244017587140e-05
4.128476231644005456e-01
2.894117041743144991e-01
5.059890189451733689e-02
2.221022823019662418e-02
3.053952617852400131e-01
9.176940611746695065e-02
4.680665714465035432e-01
5.137213073767973176e-02
0.000000000000000000e+00
4.682569077489234788e-01
3.088535207161390850e-01
4.215039383908873673e-06
3.144428308080472467e-01
5.830366763179670869e-02
2.817466177809150457e-03
2.735469671402551237e-06
3.960234465165054021e-03
1.146959994887470358e-01
1.036853157954036828e-05
3.492560876094087940e-01
1.071558028721381062e-02
6.794739480789881706e-52
6.699777121647909617e-01
5.035521510250974275e-01
9.400275211646296446e-04
9.533670229166304092e-21
7.032191301376504722e-01
2.233426499848762958e-01
7.607408552665331039e-08
0.000000000000000000e+00
3.194722892029372985e-01
3.852193457461231235e-05
3.657911891985617548e-03
2.188104688165621869e-01
1.148333120428991945e-02
1.090835358755950918e-01
8.814972239666755931e-119
1.593443024138460618e-01
0.000000000000000000e+00
2.024441943395896559e-02
9.203949275486121573e-02
2.015930551353016444e-04
5.721889493572953310e-03
4.304165642870825998e-06
9.880141835657035854e-02
2.222883224268683289e-01
2.392294876143332555e-02
7.023958959793368216e-06
5.352212805011546948e-01
5.335124158974542397e-01
3.439812770135581843e-01
7.473299512228366304e-01
3.589708893651445965e-01
4.010247341098689966e-01
3.274268763761161610e-06
9.455813090094247753e-02
1.610668759733852040e-01
7.126033395715638576e-03
2.019316958452543609e-01
0.000000000000000000e+00
2.707192934004528095e-01
1.080367751796813408e-01
8.169472048049695838e-04
4.590898098220591458e-07
3.594006271991529999e-01
2.304342499972723967e-06
4.206388081285513669e-01
2.046026911093676640e-02
7.756495957094603488e-01
4.311935222221260355e-01
6.482830025417542826e-04
4.529089024259340401e-02
2.308386004338514874e-01
6.763287059195156017e-25
3.423570275241871893e-111
2.299161908701853885e-01
3.977937282400813568e-01
2.008259338817855195e-06
3.421488371371928308e-03
2.343037855089618107e-02
2.341726825111537897e-06
2.679492680020661424e-04
3.419887848459432413e-03
9.716572389925227232e-03
0.000000000000000000e+00
1.826660004203275733e-01
2.693178922614324344e-01
8.559319990095418107e-03
1.356196349405415134e-04
3.847766963125184847e-01
5.273709229646458976e-121
9.828592433678995108e-09
3.061839344703102623e-06
3.124960516499238339e-01
1.219827118493677226e-01
2.508610045519824139e-07
4.430808911824932195e-01
4.478634485825183642e-01
2.113494836756132416e-06
1.643800084728071879e-05
4.040715426201263796e-03
4.605899801594700443e-02
1.797398860530685870e-06
4.010806624726623859e-01
0.000000000000000000e+00
2.061112471753983322e-01
3.265775943953995175e-01
2.202392466089062029e-01
3.432114640619191807e-03
3.195633243540693495e-04
2.297880318780841716e-02
2.629712835204403021e-01
6.249330442701389208e-04
8.198596560871240779e-01
4.362630429747122451e-01
1.082282507414245032e-01
1.724662413422281826e-01
6.091097412238485062e-04
3.033471345961180621e-01
6.486921336928439530e-01
4.487555599392745870e-02
3.405842689590963829e-03
1.091999922004669998e-01
1.020727551085155033e-02
3.887033461864642381e-01
1.068886608370908931e-01
5.846926233686658980e-01
8.800961016957703498e-01
3.532492815379739345e-03
3.201036542252152506e-01
3.074624316775123045e-01
1.489651173790083058e-03
5.103425443801475891e-01
3.980807679652916264e-01
4.516278535285326856e-01
1.442750722947376898e-03
7.421597827231488642e-01
1.025557957429903272e-01
1.458079526026451710e-03
5.145621602465864086e-01
6.251623706312301465e-01
5.408252373871120788e-01
2.506994092055234713e-01
6.069463402762187952e-04
6.138810107683655148e-04
3.166600531681878494e-01
9.918414249132808530e-03
7.802465016280271583e-05
2.858169916824313539e-01
2.762228424129180271e-04
3.032758544237313392e-01
2.596010671083995244e-06
1.025892688525888718e-01
2.767168649912865900e-04
1.996218039165511182e-04
1.466918376392526520e-03
3.642425856663335237e-03
6.139767761242482212e-04
5.328146032494343598e-02
9.656501925218767546e-03
2.722281223732506486e-04
1.364945153302188005e-03
3.446144313171175533e-01
2.800441972941633919e-04
9.779029812017270978e-03
6.152966165874965403e-04
3.216064772228148104e-05
2.687038742978015474e-04
7.744410010144248797e-05
6.004001484613446290e-04
4.518598058905900355e-02
5.960486881746801524e-01
5.215938393632568726e-01
3.345207651173296841e-05
1.367771120735414986e-03
2.152427933677749858e-02
3.605036431862568974e-03
3.584063422304717417e-03
7.539499632629459577e-05
2.669191163244782178e-04
8.837791613931300109e-12
1.378676585465499118e-03
2.375046707407815760e-02
1.414324885747122833e-02
1.828946537755042900e-01
9.664808678777213682e-03
2.832483872594388137e-04
6.872178903517723110e-07
6.015371615575738629e-01
8.419455888323424536e-04
6.099854638967706633e-01
3.521830735119125828e-03
6.272421109277778913e-04
5.077049401966304293e-06
3.928464877905537642e-06
6.637170827004591767e-02
3.983623330191234935e-01
7.833804479539792191e-05
1.021639177557519377e-28
3.553132344511993231e-03
2.472843468430339919e-01
2.140205569142426545e-01
1.049114829388368836e-01
7.507811044586564398e-05
2.153266358905449596e-01
1.405890444404302555e-03
2.676215153798126704e-04
1.106771700667614627e-01
3.404077583659549662e-06
3.948858304064807312e-01
3.763761536656048175e-03
2.318575926601973425e-02
1.023069893969924582e-05
2.683975768405174353e-04
6.066926272332892178e-04
2.704365989326239662e-04
9.042996641813577305e-03
1.521108796642797918e-03
5.648145111255675754e-02
3.257443573797532766e-05
1.503219213475128768e-01
7.807285517823242147e-05
7.836350828043124801e-05
3.566442559985359539e-06
6.514686626688339678e-04
3.221111664610008059e-05
2.183977590937321786e-02
7.376608787374027841e-05
3.220689156879528921e-05
6.010783300051843192e-04
6.288395920758281044e-04
1.403729055122812826e-03
6.345914677847408437e-04
9.179388750481807038e-03
1.456201468316649632e-03
4.351537542496006217e-01
2.263328354837657735e-02
2.840109098510594705e-04
3.249894740348731917e-05
3.224089801217434978e-05
3.508464762201863318e-01
7.486320354618415771e-05
1.022277570683468273e-05
1.388829557832158565e-03
7.504089589241442614e-05
1.173419653123828110e-24
7.408502837684520514e-05
7.410416163877217154e-05
2.594430245126032597e-01
2.826579712863253090e-04
3.758857670150511903e-03
7.405530678180991140e-05
2.660851177646781068e-04
1.126542973424454197e-01
4.801820858370987183e-02
3.445855477811077001e-03
1.654977411370872456e-11
2.207931859423273996e-02
3.576550255937852091e-06
6.095210668225310366e-04
1.509668232029787345e-03
3.479901541144706824e-03
4.588596579034770473e-01
2.283898501698300790e-02
3.769991721284213660e-03
6.332780222796450652e-04
3.451257888011548518e-03
4.614527059832916334e-01
3.387569596842856523e-01
3.913159100984928696e-01
2.136549683535511265e-02
3.602904008516063811e-03
9.182567643035155491e-03
9.136498196130226268e-04
0.000000000000000000e+00
5.051572066175395595e-44
2.058597725069149666e-10
1.046704191945719030e-05
1.497488716067394560e-03
2.324495430669645278e-06
4.867704971859909256e-07
5.486455745900463699e-01
2.257178902856727537e-02
3.216950098846812784e-05
3.215977334404434879e-05
9.038058443617670232e-03
2.093677692082704031e-02
1.367731991315558060e-01
2.806451491199498890e-04
5.977515831378952746e-04
3.743451090759758459e-01
7.590619378303080161e-05
3.229880581993416455e-05
7.465804018618295637e-05
2.424213263554281239e-01
3.242990902123002423e-05
6.197805403062308597e-04
1.423620107385896991e-06
3.203110867694676723e-05
6.615598698317197131e-04
7.406778389329343759e-05
1.429665606583821071e-06
2.832627806370099487e-04
7.684997723757210953e-05
3.625333678010332346e-06
6.305257816248500740e-04
3.255394290869589722e-05
3.441260074401629194e-03
1.503735507967847440e-03
3.414222289838486288e-03
9.168355116706276842e-02
9.399385059188119368e-03
3.798571054387051005e-01
2.848607925344396122e-04
2.641547179675634454e-04
5.780395388207218987e-01
7.690211566190861576e-05
1.053600110050064570e-01
8.455016288095515975e-01
8.960768431921801308e-03
7.605099819217504039e-05
1.020990454311613280e-05
7.526532186988829155e-05
1.837637096135962683e-02
6.145228342757468433e-04
6.106486702579525319e-04
9.298582185831873875e-03
7.074864532734205630e-09
5.692672220956642715e-01
5.248682568416308813e-02
7.405072015291410618e-05
3.618131649850768428e-06
3.547728399746937510e-06
4.129968435129554583e-01
3.545049336560559140e-03
5.136966144144633484e-02
3.496239361836000481e-01
3.623447513654792668e-06
2.724318815748347777e-01
2.941118761718345201e-02
2.370162520511077953e-01
3.509277847258235328e-01
1.026364393106434029e-05
7.575516119769760102e-05
3.382925138655099099e-05
1.409172452577092272e-10
2.061031210498978639e-02
5.027929650961052155e-02
4.133943972393932346e-06
2.950533666580091257e-06
1.430680278632808521e-06
3.589141634106435316e-06
1.783276933860784841e-01
0.000000000000000000e+00
3.546099485931453288e-06
7.456494176302998656e-05
3.315001874400464561e-05
1.444877528308882143e-06
1.517563144148216539e-07
9.266765288360685748e-03
1.427846206205903674e-04
1.527576635014153067e-07
1.708380056736594210e-01
7.495544573826327852e-05
2.699310088561353901e-04
7.368884665828325333e-05
1.504865623234519077e-07
1.506489523291563142e-07
3.194054422835860933e-05
1.498586007306079480e-07
1.422681466183682114e-06
6.254667008351762203e-04
2.229265893354813455e-02
7.647588742522071258e-05
7.364961461876466816e-05
2.644451792208816045e-04
2.756807762090578476e-04
4.812471989688353833e-07
4.807477077854101957e-07
1.544716380995595302e-07
1.362415523045638118e-03
9.151984007473558391e-03
6.242682901500258390e-04
4.794652733919235707e-07
4.795634221145323141e-07
1.426944859793266400e-03
9.025969320640991195e-03
5.712449410643946314e-05
1.487304348250287822e-03
1.034026953733290412e-05
5.996622295980684686e-04
4.840443154926827167e-07
2.742040757291123857e-04
4.827574858459566847e-07
1.013452802076504409e-05
2.314028645003642637e-01
5.178258336681403895e-01
1.519391371412907491e-07
3.377620584106509338e-01
1.020113227498519971e-05
1.511238620149383785e-07
1.424974466304002701e-06
1.425833826758399696e-06
1.511731333715476465e-07
1.018685398744256867e-05
5.070584948342476278e-02
5.000618252422244642e-02
1.507296532449457411e-07
1.422052317758456640e-06
3.587743840583871004e-06
3.559958672245085823e-06
1.013048628125246784e-05
1.427140537711839126e-06
1.438035094067713160e-06
9.705901328506700426e-03
1.384082667547731306e-03
3.565178128286183678e-06
1.505082362321845738e-03
6.161202569675198028e-04
4.511902456481715895e-02
1.015007966962220189e-05
3.431187551941499922e-03
3.549525104564540335e-06
1.511523112507808783e-07
1.465400229122602567e-03
3.548628105269184518e-06
4.799632687135721206e-07
6.245544531311564415e-04
3.585632327241972833e-06
1.498654740780120235e-07
4.793393458636133086e-07
1.498852034577677235e-07
1.526595245174931502e-07
4.816294695557531778e-07
1.368985827901161552e-03
3.580246458776455419e-06
1.425035316007758937e-06
1.923704876272491482e-01
3.439397107616246931e-03
1.367618733261045764e-03
1.035208730729680730e-05
1.584690172514256479e-01
1.430975612680273108e-06
3.579978174826018324e-06
4.851054173890263300e-07
1.431755789414561034e-06
7.408798988133007298e-05
7.367969101210425061e-05
1.023792838693006685e-05
4.834342921094422552e-07
4.833439749105990130e-07
1.436048167623631627e-06
1.427978232278438774e-03
4.844943391010278259e-07
1.019545028796631194e-05
1.011411672770906184e-01
1.507863419600232552e-07
3.571940132576003524e-06
3.590185820611752361e-06
3.245076456916787423e-05
1.013043274278801423e-05
1.498690689592331404e-07
1.962305840239413068e-02
1.365459127191866054e-03
1.521859411420357866e-07
4.815614690943029977e-07
3.204707872947220096e-05
1.594671911513240170e-01
1.510461154793534232e-07
7.282964782834642214e-01
5.136886226516091947e-01
6.645483768484616860e-01
1.443305079393676470e-06
4.668819682899849610e-02
8.015229087654570650e-01
1.503209542960184060e-07
4.820245016032877220e-07
3.548199615134987566e-06
1.530627359923789211e-07
1.024937884828514856e-05
1.877686509835756884e-04
1.511407442337334886e-07
1.011436569570823967e-05
1.016388578597406566e-05
1.512209381241661508e-07
1.429244027055134594e-06
4.867729150297378941e-07
1.424505662143852111e-06
3.191752420987421150e-05
1.036814750109993987e-05
0.000000000000000000e+00
1.499035123340619528e-07
1.501531293817259056e-07
9.284800970465162233e-05
1.501610205264143638e-07
4.837282292323945392e-07
1.026390724739759624e-05
3.768211348672909843e-177
4.815158717642360496e-07
1.422797459855658445e-06
5.866725129380970939e-06
2.800460181151200878e-01
3.599538378251874666e-06
3.566020272181825455e-06
1.011457945497186264e-05
3.543602558949655590e-01
3.580522294095377650e-06
3.553869982644483792e-06
1.526634206977977958e-07
5.495163125371397994e-06
2.038499413694084986e-06
1.979121492064827431e-02
1.038079297035305043e-05
1.499260611520026282e-07
7.826514706382209363e-01
6.155918265885170024e-04
3.277357174500810126e-05
1.035194343602233325e-05
1.022096278984178946e-05
1.724339326372497017e-06
1.422742975296986995e-06
3.604256188383117500e-06
7.508268971959774346e-05
3.610357013555455416e-06
1.506600125074420508e-07
1.522927907476828168e-07
8.725872926155518782e-04
6.313462393067736933e-03
1.517510189402745517e-07
1.018719250935699081e-05
1.441995379859738218e-06
3.383275764010946780e-03
4.551334781842201194e-01
5.662133628087825943e-02
2.790416963928933842e-04
1.644173694377332462e-01
3.202967203386005335e-05
3.193027891933215737e-05
3.379313087171850194e-01
1.435145003693768597e-06
6.403152242132551918e-04
9.372654417641032229e-03
1.030086714258529879e-01
5.363626813210695676e-01
1.445059098258504934e-06
3.350285929995299648e-05
3.382742798640716274e-03
3.185449054252467455e-05
1.542077431841287489e-04
3.330414867716300687e-05
3.530280507297319393e-03
4.666002271963249903e-01
7.933627250718168836e-03
2.042959736639436686e-04
0.000000000000000000e+00
2.711085664552089769e-01
7.812843095140087520e-05
6.101723743375285025e-04
1.026450327563038604e-02
2.234211083976167064e-32
3.436536048153573161e-03
1.010268420583485538e-01
5.209836091377042892e-04
3.785261250823499283e-04
3.013734247998478000e-01
3.025822132492541061e-01
2.331101984581923081e-01
1.110410699563922077e-01
2.161772355162836559e-06
6.645993215041675915e-10
2.664515026354299823e-04
2.343559955263223651e-02
4.952192505489932950e-01
3.336356879079375782e-06
8.192896857350326768e-06
4.973076457903196079e-01
2.131253178461835485e-01
6.201198962504255042e-202
5.408017992554658115e-06
3.822877834999829395e-03
1.361080551439339693e-03
2.642372768357181823e-01
1.447434647301740142e-06
1.528321886750731047e-07
8.410659018635204941e-04
1.019052291068129187e-05
0.000000000000000000e+00
4.351683863637527604e-06
0.000000000000000000e+00
4.262847280731684997e-05
1.845083558119147246e-06
9.246351313388289153e-03
1.352273733987802498e-02
2.659242669105054691e-01
9.509672683194733134e-01
1.782397804820514894e-02
9.094265764191977741e-03
3.028197797276603875e-01
2.071127121895859715e-06
4.909607644654546965e-02
1.507505125209086723e-06
2.149149286188325320e-02
9.209911649379561027e-02
5.109662580806434038e-04
6.195789577625397101e-61
0.000000000000000000e+00
2.310223315922129516e-06
1.178116268444931678e-26
1.410089834819801616e-03
6.986654161296478295e-288
4.624128564275314354e-05
0.000000000000000000e+00
3.200575128241333125e-05
1.946656167533602766e-01
1.910506689549024487e-02
1.500437944505156242e-03
9.160975970432054180e-03
3.133080672878433620e-07
1.842295387155307995e-01
3.211226853881257171e-01
3.517323259166613147e-01
7.357611191754262481e-02
1.358432583590357129e-09
7.487689298764390600e-01
1.894913965821970871e-04
0.000000000000000000e+00
5.177203183625795901e-01
1.438211120335766771e-06
9.163672519641749645e-04
2.559460880845385033e-01
2.264184569322002030e-02
4.863429339504347637e-01
3.101526275950885481e-01
6.273073793040958527e-04
1.029699860082139984e-01
3.413668292891864752e-03
1.184491136675726699e-03
9.391933999031855385e-03
4.844916222097313666e-07
7.553959518277629699e-05
1.290600327562466954e-01
6.191521693004344408e-04
5.089154002939722671e-02
1.390852349510941820e-03
2.696591034008237846e-06
1.529263922029020788e-07
4.353257954869398054e-06
7.954978256521340275e-05
2.218878852380438911e-05
3.002154834489656476e-01
2.248224454647246576e-06
1.734697736661968406e-07
8.729223310577396379e-07
6.522009788712614152e-04
1.459234123175344024e-06
4.876745457974501216e-09
1.630654441406215518e-08
2.419360360409660571e-01
7.569630553258557500e-05
0.000000000000000000e+00
3.624005511431058202e-01
4.832783760508628615e-174
4.348864216218474299e-01
2.285762237983292354e-04
7.832523796875016692e-06
1.013747791385265868e-05
3.893200587118382131e-05
1.012761482104253683e-05
1.517711073396998973e-07
0.000000000000000000e+00
1.778777134766031581e-19
1.496922441842710115e-06
2.698285680761669503e-04
6.544552549877052884e-04
5.530394295859782962e-03
2.690224496692973366e-01
7.742569075271550909e-05
1.450525361952196765e-03
4.922598813993215444e-02
2.033254677304741770e-02
4.302729793219072230e-01
5.068762242095402847e-03
3.377523856243058991e-03
3.514798304280408181e-01
2.286390971199682778e-02
1.932517070017482352e-01
4.839294676302015043e-07
9.619354447653701012e-02
3.738003907999939718e-03
1.021555449774085578e-01
9.218447265391334355e-02
9.617786267766688726e-03
2.010388323864645971e-02
9.177257408033391226e-03
1.045252459818701195e-04
1.026413114363269519e-05
1.705692248297710212e-01
4.829045181209657750e-07
1.435055317714657936e-03
2.981175079309976161e-01
7.675401282674552128e-01
2.692505246192126167e-01
3.247342783138742914e-05
1.426046982207134460e-03
3.567257317679308344e-06
3.341498095890739505e-05
3.453165356402091227e-03
2.059530289034262537e-02
3.569068710937802747e-06
5.958881999668291796e-03
1.381729581709702703e-03
9.317942968480843330e-03
2.708359427319183320e-04
1.520278631151654012e-07
1.080789686794536470e-199
2.322342133091216168e-06
2.985804181170702565e-01
7.456459340388799800e-05
1.621419636434179691e-06
1.017593600927089122e-05
3.779846910395747686e-06
2.034041198668396318e-06
3.840413228094987086e-01
3.590537358299954656e-06
2.064322341364294988e-01
1.645785331774282730e-119
8.354296429519922004e-03
2.094128711907249779e-02
5.631271165172607555e-03
3.239559015883417285e-05
3.412496702822250043e-13
3.610650326901992700e-06
2.203610178020023681e-06
1.532323155258471954e-07
7.452876167927861113e-05
5.432615977105615529e-02
3.735945510281702409e-01
2.167840487875054567e-01
2.506385305614320935e-01
9.169962249318415123e-03
3.653653774827174128e-01
8.354539605486330779e-193
1.507499792879669620e-01
6.831450623325356912e-05
2.032005698897165341e-06
3.923650893945100591e-06
1.778283529154245715e-02
0.000000000000000000e+00
1.000140986713991542e-05
2.187729394248846548e-01
1.430112356088194181e-05
0.000000000000000000e+00
1.486593123880845064e-03
1.419518861118072286e-03
1.245874157066706872e-01
2.962382934680476978e-06
1.655331902488768733e-03
1.202645601474197097e-61
0.000000000000000000e+00
3.467471611929639478e-18
1.744974890176479165e-01
2.043996631945077871e-02
4.600715979469117700e-01
8.603363017005327684e-01
6.277352633602157218e-04
6.842175283375018460e-06
0.000000000000000000e+00
1.069552852946563757e-109
9.452148832852002105e-05
2.525132238049632768e-06
7.510577885285482126e-03
2.821182265010530868e-04
3.591390784215437923e-132
1.911492521283248359e-06
4.676009790857437834e-06
5.482654252591597140e-06
3.750283837101367479e-03
2.291939976016788193e-08
1.238480829286243575e-82
