# log_X, log_likelihood, tiebreaker, accepts, tries, exceeds, visits
0 -1.79769313486e+308 0 212544 233542 86341 233542
-0.99747191445 -6377039.22059 0.741356723614 209459 233875 93142 238015
-1.96513535326 -3023214.01584 0.533591122844 206953 234047 89153 241276
-2.96284282037 -1643205.6379 0.343773866635 204896 234324 85687 240999
-3.98038164952 -910717.50558 0.212969658135 202920 234060 85356 239918
-4.99756386401 -508537.185193 0.162614991638 200513 233279 84995 238578
-6.0140070494 -291822.418122 0.00305434431319 198556 233299 90048 238450
-7.00040928011 -177503.812457 0.880222122664 197073 233273 91800 238700
-7.97723593313 -116422.022574 0.428909863832 195803 232839 88140 237636
-8.97300987445 -78360.0948201 0.936922854762 194464 232516 86541 237598
-9.9781295314 -54396.0179473 0.516060331488 193078 232085 75715 237021
-11.0482810251 -37260.8273532 0.775168542316 191888 231974 77962 236355
-12.1028620607 -26520.8680663 0.129066363891 190440 231818 79761 236339
-13.1462427108 -19141.4161067 0.620123077044 189208 231822 81332 235861
-14.178934002 -14161.7895832 0.0994468442627 187540 231560 87434 235684
-15.1746187091 -10788.3030112 0.491672320237 186184 232008 90323 237007
-16.1562983484 -8387.90400496 0.645626368453 185927 232704 93289 238447
-17.1240594587 -6629.32630251 0.365535726739 184408 232161 91624 237626
-18.0995719293 -5290.45346786 0.302233976285 183142 231668 91596 236998
-19.0738829411 -4277.14764136 0.821143583744 182283 231359 84868 236578
-20.0867490636 -3471.21075271 0.902124073346 181750 231798 86300 236612
-21.0911572858 -2883.39446058 0.80350224141 180872 232297 82673 238094
-22.1205329794 -2440.00244403 0.722154971789 178921 232570 78511 238760
-23.1769084594 -2134.68630137 0.831113554599 176868 232676 81863 238002
-24.2110080522 -1940.65473388 0.249353907519 174116 232609 82955 237209
-25.2367567525 -1809.0703053 0.805311104025 171507 232789 83561 238187
-26.2609642945 -1716.76915775 0.472600107287 168754 233308 81758 238936
-27.2977251734 -1651.44156103 0.834260839215 164590 233167 87255 238253
-28.3000431077 -1607.57524501 0.590703709595 159866 232808 85316 238281
-29.3139261002 -1574.99901741 0.502879887417 155007 232513 83125 237576
-30.3394424657 -1549.96034391 0.679320158506 149538 232514 86069 237736
-31.3476614025 -1531.32542742 0.656551518374 144731 232756 86107 237991
-32.356207199 -1516.37464006 0.678498108767 138812 232983 90781 238561
-33.3386046452 -1504.05745059 0.00311328808642 135432 233544 99205 240121
-34.2768375872 -1493.82001582 0.815618058177 132525 233843 96558 241745
-35.2332607365 -1484.65303223 0.263518118597 130413 233869 90289 241304
-36.2244230293 -1475.95174 0.489387231699 127818 234195 92983 241172
-37.1998090322 -1468.68479342 0.450092582583 125620 234285 86713 241734
-38.2128381167 -1461.7506128 0.0339551333398 124114 234876 89110 242319
-39.2130375383 -1455.72867351 0.675678891742 121913 234815 94476 242257
-40.1822717594 -1450.56122376 0.259952881966 119585 235029 83203 242913
-41.2188225987 -1445.06886203 0.70481265912 117216 235485 90028 243005
-42.2151507456 -1439.91935358 0.444384173476 115849 236332 91923 245377
-43.2056105064 -1434.21598284 0.458066710879 114997 236795 105067 246577
-44.1258764656 -1427.56690978 0.563223176904 114964 237242 85486 246692
-45.1567917714 -1417.23863051 0.173222588943 113906 236957 87883 243711
-46.1671600439 -1407.13584049 0.545144344197 112340 236225 96486 242589
-47.1257979602 -1398.00767209 0.544454054258 111777 236101 91869 243006
-48.1114993446 -1388.33115779 0.462160383925 111132 236232 89950 243708
-49.1097857987 -1378.21218985 0.0318584409304 110704 236307 89598 243633
-50.1099578555 -1367.74146842 0.0197448518924 109882 236691 86885 244551
-51.1280049325 -1356.87286476 0.821064882429 109864 236930 92986 245201
-52.1120051141 -1346.02388222 0.803072148076 109518 237356 97092 246190
-53.0749530361 -1335.034058 0.82389115329 108801 237610 93135 246958
-54.0618441513 -1322.55542818 0.64098502422 108545 238219 96076 247688
-55.0336565608 -1310.19644379 0.431997146336 107335 238291 94760 247961
-56.0134547476 -1297.45120156 0.450231197901 107187 238878 96225 249064
-56.9873473722 -1284.36702106 0.134419056547 106513 238528 91139 248327
-57.988588811 -1270.16474741 0.273780382952 105190 238548 91750 247954
-58.9855221004 -1255.95864053 0.907920815205 104225 238537 93810 247185
-59.9690544302 -1241.9771318 0.0608913592573 103707 238219 92046 246788
-60.9618124076 -1227.96695226 0.226570903044 103000 238573 93481 246961
-61.9467391515 -1214.44336609 0.112063203463 102210 238938 88480 248058
-62.9628637929 -1200.75639365 0.31868667726 100972 239249 90836 248111
-63.9653963778 -1187.62076145 0.0723440714578 100413 239275 101656 248158
-64.9073958331 -1176.30954124 0.652649930145 99917 239706 95631 250734
-65.8881489112 -1164.53997546 0.859181504392 99131 239776 101720 250211
-66.8341427528 -1153.90267074 0.426351813573 98494 239942 89455 251899
-67.8526837311 -1142.13497647 0.529737560147 97989 240044 104391 251919
-68.7878623554 -1132.67176037 0.380313895498 97075 240226 101448 253666
-69.7426010999 -1123.40376644 0.365475900356 96597 240151 104827 254050
-70.6799178898 -1115.07156581 0.730936430086 96201 240431 102543 254594
-71.6306562796 -1106.77719322 0.650413119069 95364 240489 100224 254735
-72.5943173732 -1098.93826835 0.848183882524 94553 240574 99648 253313
-73.5581626969 -1091.60690433 0.296418373439 94201 241074 91656 254523
-74.5694705541 -1084.19041422 0.0682152240547 93607 241253 88200 252862
-75.5973701583 -1077.12598419 0.228862531605 92961 241127 98846 251499
-76.5618232175 -1071.18423814 0.619873663195 92325 241353 105559 252434
-77.4918461007 -1066.05311198 0.402286604267 91950 241770 102715 254700
-78.4418758429 -1061.07832279 0.333591974723 91170 241963 94386 254958
-79.4385177814 -1056.01397377 0.749943246276 90500 242272 92001 254065
-80.4468855283 -1051.24987284 0.862902712443 89485 242232 92570 254163
-81.4521985193 -1046.94643326 0.681545436806 88925 242493 93251 255096
-82.455574788 -1043.01345536 0.951572034028 88320 242970 104490 255735
-83.3982159384 -1039.72597391 0.615089003687 88038 243939 103682 258213
-84.3503493955 -1036.68854066 0.52589218762 88175 244547 108201 259593
-85.2813302592 -1033.92495705 0.749091046657 87434 244844 107460 261188
-86.2195047513 -1031.34939396 0.349271784225 86274 244837 90285 261367
-87.252939607 -1028.67809297 0.401101154207 85548 244839 97876 259034
-88.2384982406 -1026.38316012 0.278089298281 84703 245087 101438 259513
-89.2054678619 -1024.39467136 0.690832112232 84599 245320 91782 260591
-90.2286627721 -1022.42600844 0.165200590211 83871 245555 102244 258886
-91.1899556962 -1020.76674325 0.359572828272 82800 245693 92996 259669
-92.2042934967 -1019.08716244 0.769575025017 82054 245540 95933 258892
-93.2004027575 -1017.63837559 0.999788767764 81557 245410 92552 259185
-94.2162752066 -1016.29244746 0.746436752434 80789 244931 98871 258851
-95.1959462001 -1015.12956335 0.451507344992 80152 244846 101550 259261
-96.1617845643 -1014.06127736 0.324900467457 79548 245321 99896 259967
-97.1381231111 -1013.05855348 0.0532807334647 79092 245664 105590 261079
-98.0859782666 -1012.19747849 0.0601396767356 78862 246145 95190 263065
-99.0948774341 -1011.32412964 0.956271523443 78157 245909 106940 261269
-100.035963637 -1010.60090021 0.980513435333 77270 246248 102132 262552
-101.005433112 -1009.90862771 0.900924225143 76900 246507 108713 263357
-101.941488937 -1009.30253578 0.359746456521 76310 246902 98753 264268
-102.932976982 -1008.70796859 0.511677663545 75785 247113 98112 263186
-103.925792246 -1008.16014915 0.247191547051 74919 247020 95358 263308
-104.934244302 -1007.64120885 0.407772459225 74552 247301 105230 283348
-105.928938792 -1007.18381955 0.133433809483 74665 247532 109879 301785
-106.934862209 -1006.76567621 0.261115089637 73383 247449 124278 316232
-107.895646645 -1006.40127028 0.582583815978 72652 247687 126438 329608
-108.87050308 -1006.07739175 0.441384060616 72674 247736 141892 342472
-109.79691034 -1005.79701427 0.943704979251 72400 248289 135314 348520
-110.763730333 -1005.51971521 0.455388283666 71535 248198 133085 356832
-111.755271697 -1005.26063676 0.432162913683 71142 247798 125715 349150
-112.768313372 -1005.02409136 0.778620695119 70518 248089 127960 342180
-113.758374446 -1004.81672728 0.878633333832 69996 248648 125297 345033
-114.76621399 -1004.62092757 0.922438787425 69776 249041 103580 342693
-115.880449838 -1004.41288724 0.207168323913 68946 248756 105723 320587
-116.943402 -1004.24554695 0.795867107095 67839 248490 106891 322626
-118.00389989 -1004.09451741 0.811096018617 67328 248677 106551 323848
-119.068431549 -1003.95628768 0.993403272631 67770 249063 111932 323849
-120.104864196 -1003.82569001 0.488673967912 67668 249179 114394 329434
-121.138848432 -1003.70319869 0.646742519565 67202 249664 0 0
