0.000000000000000000e+00
0.000000000000000000e+00
0.000000000000000000e+00
0.000000000000000000e+00
0.000000000000000000e+00
0.000000000000000000e+00
0.000000000000000000e+00
0.000000000000000000e+00
0.000000000000000000e+00
0.000000000000000000e+00
0.000000000000000000e+00
0.000000000000000000e+00
0.000000000000000000e+00
0.000000000000000000e+00
0.000000000000000000e+00
0.000000000000000000e+00
0.000000000000000000e+00
0.000000000000000000e+00
0.000000000000000000e+00
0.000000000000000000e+00
7.232137182135172027e-111
4.281143774489589481e-238
0.000000000000000000e+00
0.000000000000000000e+00
0.000000000000000000e+00
0.000000000000000000e+00
0.000000000000000000e+00
1.161893598310278454e-138
4.288279410522928908e-281
5.637182585765782844e-197
0.000000000000000000e+00
0.000000000000000000e+00
2.718093446018451290e-129
2.608156298260784185e-127
1.696522314488620400e-58
2.963080830307396298e-207
0.000000000000000000e+00
1.732295961406276758e-233
3.178388986523835783e-57
0.000000000000000000e+00
0.000000000000000000e+00
0.000000000000000000e+00
5.088503044668245102e-84
2.708683078592251078e-96
7.989521188423482639e-67
4.682122048889913750e-57
0.000000000000000000e+00
2.461933649128733560e-156
1.678898118840741694e-50
0.000000000000000000e+00
1.011454241806512085e-64
3.260725463435413670e-56
0.000000000000000000e+00
1.552734008229816640e-58
1.577298186818356723e-89
3.501574340230658423e-52
2.150704235007660458e-112
8.933729308257081102e-56
0.000000000000000000e+00
1.273961551906543601e-62
4.725840035418402785e-56
0.000000000000000000e+00
0.000000000000000000e+00
8.671969707328597727e-54
1.759520153604440362e-103
2.370949787112458857e-238
7.245690475792862765e-83
0.000000000000000000e+00
0.000000000000000000e+00
0.000000000000000000e+00
2.572027268893094493e-54
0.000000000000000000e+00
0.000000000000000000e+00
0.000000000000000000e+00
0.000000000000000000e+00
1.893474211949180912e-80
6.241547064286603803e-68
3.588751601264208100e-117
6.104673238400184666e-55
2.302517227410495135e-48
1.675772753016954085e-87
5.692500978501954535e-53
1.507450022376914975e-56
0.000000000000000000e+00
0.000000000000000000e+00
0.000000000000000000e+00
1.803147219975695524e-59
1.404932379930728244e-147
0.000000000000000000e+00
0.000000000000000000e+00
1.481006882425916969e-154
1.233282201462484949e-53
2.346564028872635513e-53
1.270535172543252352e-57
2.012120118323701576e-57
5.358892281625679470e-53
2.800824507641321881e-53
5.488646365907217150e-54
3.520096322659958673e-67
4.607065036112222257e-62
7.493728588847925612e-50
1.425713481108730215e-97
2.422219680154466076e-86
0.000000000000000000e+00
1.365232908275748096e-52
1.304167441174900590e-71
8.249978488172892606e-53
4.745568321375337318e-129
5.949057672616824364e-51
0.000000000000000000e+00
7.094375106452100833e-54
4.024984446318108511e-49
9.449556862815271707e-51
2.820585996447249890e-308
2.434512973848817088e-49
6.805059397219613563e-54
2.423175817637081321e-48
7.337572485281006197e-53
2.318603944139387290e-168
2.317174083069281191e-50
2.489673906415881921e-68
0.000000000000000000e+00
0.000000000000000000e+00
1.166659204520052942e-58
7.626207583286526718e-54
6.418404083425573246e-61
0.000000000000000000e+00
3.524728678708446416e-47
3.037570671059140170e-50
6.544375272114220281e-65
3.236557421583680124e-47
9.073858497583416819e-53
0.000000000000000000e+00
4.139724537509483765e-49
1.988254596827175995e-53
4.506796999458382369e-55
3.052620364869680452e-48
3.031397111549238287e-47
2.831376077086592897e-48
9.179579927649378452e-71
5.766909063412836997e-71
6.474783475125475119e-101
1.501551881345521674e-52
0.000000000000000000e+00
7.065728077270314905e-236
3.063963087943732776e-49
4.436565870239877790e-55
5.480075722232210790e-49
2.996794881341756752e-51
2.562759441146126895e-51
1.749382801137761400e-61
6.473135676969426320e-49
2.383937687731816662e-48
1.272847612275178560e-53
1.741965266883463791e-50
2.010425912798239090e-53
2.472584816303118231e-49
0.000000000000000000e+00
3.886777430125535413e-48
0.000000000000000000e+00
1.098506667441848903e-57
0.000000000000000000e+00
4.634330084700912226e-55
1.576604464005002602e-74
0.000000000000000000e+00
1.684258587269770571e-56
2.515225361288923642e-57
0.000000000000000000e+00
3.371295516399453587e-47
3.778299794361543981e-49
4.692241259757591558e-52
0.000000000000000000e+00
4.860342814177880943e-171
4.895594708327067995e-68
4.068211138661135900e-48
1.259474604086558457e-205
0.000000000000000000e+00
7.156475473066411161e-57
2.299093911051722638e-46
0.000000000000000000e+00
1.494802876137694880e-47
0.000000000000000000e+00
0.000000000000000000e+00
1.046659243298089628e-255
2.329895119856800579e-67
3.130029882786743744e-47
0.000000000000000000e+00
1.393663126689588820e-62
4.009401273629238727e-53
2.514032126637764104e-195
2.900414239172322369e-102
3.017275686803939260e-48
3.040600931136869364e-46
5.621808524401821739e-66
9.763043225145294904e-111
1.961234672117839884e-50
2.086625600734885247e-44
5.602070612283523850e-47
1.194468916393683234e-47
7.603674268564228094e-52
6.368936743586621735e-56
1.772400530392693173e-49
6.520214137222371620e-46
3.068627229755756618e-46
4.522092840153364738e-56
6.726513985887282465e-46
0.000000000000000000e+00
4.850364953026948360e-48
1.780394826613708014e-57
1.128080364428783147e-46
3.304367758772588845e-46
7.247834839961524279e-141
1.541434059910872808e-52
1.548109291777929887e-46
4.886775570844657958e-55
1.955873481309509676e-46
1.913665874688027567e-61
7.826226306748756258e-51
3.622793928466150672e-49
6.407972727764008673e-49
4.778629366216814440e-97
1.103862490257648006e-47
1.332276734339005297e-74
2.002064543324270947e-48
1.101706958992822957e-93
6.420709404013731970e-51
1.559916588877254435e-46
9.257420062233920373e-53
6.055970825460532836e-61
9.712189051085165777e-53
2.565121639135892731e-46
2.927244013333579246e-49
1.672515170508899741e-45
4.442913191642895205e-54
2.520603301338206497e-46
0.000000000000000000e+00
4.149314643797239551e-46
2.304979322273497487e-49
8.119999784166720000e-47
3.296708026324532590e-49
9.309224027951566437e-51
0.000000000000000000e+00
2.886096143990282538e-47
5.951642076197686123e-59
0.000000000000000000e+00
1.092358352410736788e-45
0.000000000000000000e+00
1.653948716614586664e-150
1.928029441567399770e-49
0.000000000000000000e+00
0.000000000000000000e+00
5.625997797218353759e-46
1.376665895888707682e-56
3.575639361494063412e-46
1.564870084641160481e-45
1.586763110391772495e-50
0.000000000000000000e+00
1.968469967339599828e-61
1.630617369107915469e-46
7.168600491283933701e-215
4.274727597982306198e-50
4.329639864643032045e-56
7.979565637039566596e-46
0.000000000000000000e+00
3.168693794199290940e-60
0.000000000000000000e+00
1.003570821785273457e-45
9.890193861037234413e-48
5.680804952733410586e-47
5.468404708774311250e-46
9.254926088232644790e-53
2.116469592961139776e-189
1.304662732266428555e-51
1.569941108412252713e-44
1.697027664569173855e-46
4.598961354551927833e-40
1.641188905957326569e-53
3.935315027970991535e-46
4.646893125157708239e-46
1.516371101297051083e-45
1.187962548471944274e-50
0.000000000000000000e+00
0.000000000000000000e+00
1.660308637993459405e-50
3.539901925721267773e-46
1.164168325089587259e-45
8.389986929346745227e-47
1.287974830209881979e-46
1.115613346316156793e-74
1.782390213603797327e-46
1.046034402873052218e-45
0.000000000000000000e+00
7.344725242686246705e-46
1.986739976787925489e-48
1.307712707925538596e-63
5.620624106523250167e-47
9.823701241637820882e-41
3.671966225124510938e-267
5.278921790558508204e-46
1.240299556832751657e-54
2.863018897960939368e-53
0.000000000000000000e+00
7.906542866090779631e-47
1.668046223803267209e-51
3.665577348011172678e-45
2.223219088817223638e-46
4.848805917626121881e-45
8.198711778310591600e-47
5.067608032376982764e-49
8.317501119710666389e-46
1.039475070776265388e-44
0.000000000000000000e+00
5.957256180018393544e-47
0.000000000000000000e+00
2.723022211184836095e-53
4.106580736500415330e-51
1.546701351487085602e-53
5.912079658148701227e-46
7.002451119380781387e-59
9.283041203746395092e-46
1.171157573829397636e-45
1.653436685858081003e-47
5.400089990893198537e-57
0.000000000000000000e+00
3.001086004886475250e-49
0.000000000000000000e+00
6.469970497917729887e-59
1.188484309563263823e-53
1.781772286843580206e-47
9.925735455772421661e-48
6.177395090155322282e-46
2.448292432130599970e-45
2.153710190315154365e-48
5.368565982091491970e-56
6.969535214989902420e-99
2.411867972175552457e-43
1.681571608858110075e-50
7.521808398633824807e-47
2.975461539138859872e-47
1.078561797384307061e-50
1.661021981663952975e-45
2.206543597436782586e-47
1.516234948090014201e-46
8.551729978647173482e-48
9.467637073711893565e-46
1.310013947896519835e-58
9.669314789869973314e-51
1.441221897432090147e-51
8.424196277997398890e-56
7.295541182238732341e-50
1.541851760834109862e-47
2.955038187528499126e-48
1.373020480937353494e-46
0.000000000000000000e+00
1.833450021423937038e-49
3.646659601148597671e-48
4.614731851196667826e-39
2.197303387245212626e-42
7.775301228400249240e-39
1.262680935976171941e-38
2.795267984147568433e-53
3.134578576813377702e-49
1.790139977648979931e-46
6.715163585409482648e-41
8.777642376339235816e-46
1.559770238680880813e-39
4.849936909560200390e-55
9.224866347909180959e-49
0.000000000000000000e+00
8.940603764034239311e-46
9.272936513261474543e-160
1.663418134593615046e-39
6.350154820510137398e-49
2.439707860229063525e-47
2.966136298961458867e-44
1.376645840911590584e-38
1.881521699114618819e-42
6.171986145244352282e-47
1.420971943232429990e-45
1.542133279118337917e-45
6.968555192744671001e-42
0.000000000000000000e+00
4.682010967073794595e-44
4.451169064794248160e-42
1.678291483304873664e-47
5.484153419587253605e-46
1.933089463136702322e-47
3.856070384661424921e-42
1.916895500409703674e-54
4.180043075100078029e-46
2.145554575180451783e-47
9.090857207803790030e-46
1.838362635438836053e-58
7.494082454390212956e-46
5.005068854373428145e-49
2.084704537263906534e-43
3.127250794479997438e-46
6.703748676641556216e-98
2.034467263796313478e-49
1.567262548316833254e-47
0.000000000000000000e+00
1.872754973313131538e-43
0.000000000000000000e+00
4.966100467550868176e-89
4.548869022370695893e-36
5.213097879201792732e-47
0.000000000000000000e+00
3.526840572309336059e-48
2.018628739555019202e-44
1.859811243259547954e-44
2.402461165671401296e-46
2.272561884774496794e-47
2.471908666228370783e-49
4.084699617076294026e-44
8.284152123238672621e-42
6.678212383419152714e-43
5.004915840352840692e-40
3.553169495978789274e-94
2.970312352441161064e-44
2.246031238795202039e-52
5.565293571533092557e-46
5.736447499265159679e-48
1.796254317604751163e-45
1.288174058370104433e-45
2.318435915955127759e-46
0.000000000000000000e+00
8.069738956909011595e-57
1.338457601823627132e-50
1.584759305535236896e-44
3.025523023701495591e-236
5.170142474125945148e-83
7.148932315355689936e-46
3.328958120990320532e-44
8.490825113251546657e-45
9.626050968281438474e-47
4.083307942595663913e-46
5.234312657393628323e-48
8.058114038397906308e-42
5.581394706324529770e-46
0.000000000000000000e+00
1.427419633351683966e-45
0.000000000000000000e+00
9.883858833730482597e-47
0.000000000000000000e+00
2.684272712222807756e-50
4.908830504974899243e-70
2.339242922602691101e-50
1.995313863938263439e-38
2.370855840763875851e-27
2.166310426194095061e-219
0.000000000000000000e+00
3.116159550268726893e-38
3.991234875395189928e-46
0.000000000000000000e+00
7.639333979124976489e-41
2.955483746096276756e-47
2.338575007376906601e-51
3.504872779917292215e-45
1.302993843853944978e-45
3.936345683836370010e-40
5.779331476309423507e-44
3.226162222026442750e-38
5.041241204599034206e-39
4.543453067583802584e-55
4.832716075395452681e-72
7.787611855929518983e-54
1.072885738667317356e-38
6.050128040834764043e-47
2.515998636830725765e-45
3.741072030526409937e-46
3.063302271568382947e-49
5.167660805536517105e-47
1.934160657151351280e-43
1.069616661764116879e-38
2.127878934676718113e-36
5.849966991421695725e-25
1.058800290990680959e-28
3.263298622409909233e-47
1.505628902298087294e-31
2.405970177926943536e-46
2.593305854599230143e-36
8.228529379732178964e-46
2.462947668171125659e-47
2.162267787521311483e-34
9.685504653282855711e-32
1.165519859144246043e-40
6.589774356497293360e-65
4.433990758122055300e-41
6.240769375158145103e-34
2.914986074677218096e-51
1.481746685929544909e-44
9.753517370341948087e-102
2.667643367763809172e-42
5.278536865729996852e-36
1.463969368546912482e-31
2.260044945674839170e-36
6.285356552640205601e-46
1.880342733355088142e-30
2.323448387624060217e-32
4.439671455349583637e-46
8.478226010819904591e-34
2.562218516613552933e-37
9.909338253946240582e-55
6.620861794107570470e-52
3.434767401392024448e-45
3.273180123553392728e-47
1.664411676798999538e-47
5.923135514558425943e-57
7.908066426586304381e-29
1.920838386800146539e-38
1.023212139129757018e-31
4.475858174577188208e-31
4.156276033756689393e-46
4.004252664690201335e-46
1.412628298327966524e-50
1.291238552796342252e-28
3.496547166824324950e-48
7.365670728968244455e-36
3.441236531243844041e-36
5.506988466343306008e-97
3.047879461113009693e-46
6.137810065751976110e-47
1.154266078961878011e-54
1.478921481187209212e-31
3.450168871697754181e-46
2.575680671417557700e-46
3.642805843615980370e-42
3.379579507608035049e-47
4.410543439365380755e-23
6.652637663813503050e-28
2.984304678438053153e-46
5.427919835674929652e-31
1.992964784575058280e-25
1.475635526764684416e-46
9.588450234488388749e-47
1.353363481002168723e-20
2.445455485453321116e-29
7.618678306664287554e-45
7.346759616107177747e-44
3.714386809475470006e-46
1.881626074194854674e-45
1.356546636466507290e-38
8.240853412461225297e-46
8.200150473940177065e-51
1.603629317409919180e-42
2.006928350685715533e-42
9.547983143549578079e-46
1.682933914118677860e-47
1.809802460991137879e-23
9.854554659174254743e-37
7.359967636857718060e-34
1.170214899658475172e-42
8.970985773429116721e-25
2.926499366258751484e-31
1.349600133396632863e-44
1.484113658484703230e-33
8.190720367940988477e-81
1.472702216585044464e-42
5.024974367168834913e-41
2.384987525310853148e-53
0.000000000000000000e+00
6.299928450039606553e-31
2.337355020018935676e-25
2.333414191049512478e-32
8.926308151355297852e-41
3.015997514624452998e-34
1.315119905697316427e-26
6.326462667507804494e-52
4.534539194578841740e-27
1.396088002731385251e-35
9.513938492396599174e-46
5.989145754865775557e-34
5.191986511875068117e-46
6.600475026098719554e-32
3.839649082014144209e-46
5.031186264070489976e-32
1.181790587314921689e-29
1.593361069459164795e-21
1.518213540271173442e-29
7.182293203464081711e-25
2.800993052995888793e-33
5.655443350124878193e-46
2.632249262332822840e-26
3.116740461601137395e-41
2.338182150589176976e-25
1.521842462518346589e-29
1.009058977707480974e-19
6.493572567198529307e-42
9.201008775046638319e-41
2.664767260053887377e-24
6.745574888784884725e-41
3.103722917798621159e-46
2.735156403607534852e-28
5.802736935745099268e-47
7.006040974531890630e-38
4.082522737267339229e-21
3.684212912115288922e-44
8.326335639670416704e-29
5.517350558972304863e-42
1.960566214150918450e-21
8.864370135780121464e-23
3.622967862480194635e-44
6.486650697838314717e-21
7.024910237171696594e-40
2.423972854001241549e-20
7.245624218985908242e-63
8.137804134649470999e-21
2.225165904470553829e-64
5.752528650306591473e-57
0.000000000000000000e+00
8.362566474422732383e-46
6.843668397574054770e-174
6.821629890403504523e-48
1.242778057964838944e-73
2.504274853956752783e-47
2.962797149922279276e-30
5.241612371376137068e-43
5.583644000107340665e-42
7.230442095126641387e-68
1.019444591914524973e-36
1.436712534198274072e-21
9.691812974556212969e-103
4.703657539134530415e-101
1.606980746824980599e-42
4.179178999036052462e-46
1.635201667104053994e-45
2.634148036972316385e-45
3.537788408432298561e-46
1.453876495186393960e-44
1.366375265411988536e-40
3.083596618101628475e-42
9.678971453750940987e-42
1.079683638638405674e-45
3.460418444773988747e-36
6.971316414519459666e-47
2.852673419600124721e-35
3.054464829470108903e-106
4.720265164382474793e-17
2.278408753482904236e-47
4.020368674543985171e-40
2.053823801082528993e-39
6.577803513240373632e-46
1.135826756115593176e-38
1.149018067409587755e-27
2.521541501021918461e-36
1.238983761079543292e-33
7.650036712564204422e-52
1.278503411040942048e-23
0.000000000000000000e+00
3.580839649646180785e-16
5.933873070047664200e-19
1.849691431519952312e-58
4.613921606853662011e-23
1.356180762896961731e-14
8.148066955858236898e-49
3.322029091613873612e-57
1.948533619379691821e-67
7.739213935001789386e-52
0.000000000000000000e+00
8.312290145689705374e-46
2.115722673619220396e-49
0.000000000000000000e+00
4.125919573758536018e-17
5.470264184029354281e-48
0.000000000000000000e+00
1.144575263925801339e-63
3.057330461613058395e-45
4.631095307452549377e-14
1.101008885907619919e-42
4.776013996812095336e-24
2.432000102288784553e-46
7.126468339027632186e-47
8.929734503532224131e-15
5.826994361985336637e-47
1.324745315795557911e-42
0.000000000000000000e+00
8.011169161505095085e-46
1.173893040785440002e-46
5.194389473478312953e-108
6.551303736175716113e-46
2.148382276766103817e-40
3.378249389310726706e-48
6.755568419735659238e-41
1.320237844400209230e-25
4.428339906677745929e-15
1.017194479019594447e-15
1.860340471347595346e-45
1.656936730090511026e-19
7.729290774624440366e-51
4.086562362744326400e-46
2.064382892121803721e-46
4.450408206294858164e-47
5.802070330271159254e-19
9.433173980331526204e-21
3.085400055635634028e-67
1.098270794211571969e-64
1.917731370114726649e-18
1.703832991387872946e-52
2.714339724590564314e-150
3.830574386579406557e-22
1.591048817834664348e-67
1.389965707157634992e-46
3.684872542744530952e-17
5.514843500076127025e-46
8.166109801697798765e-81
1.713268339178428624e-23
1.931629696219399391e-48
1.707775556962826608e-12
8.557332917166987360e-27
8.581253971406231591e-22
2.274904231120222261e-19
1.275979385973661446e-46
2.687696490713757433e-14
4.304287668768994964e-48
3.112842279039739978e-17
0.000000000000000000e+00
1.985759327861914957e-16
3.863308479983810494e-55
1.532427970309053310e-21
3.952845003569309897e-47
7.274201852830932805e-33
7.312949491508888260e-47
1.614886879963073177e-52
1.281462781002707441e-32
1.379779334053247847e-38
1.077979524746813963e-34
3.821045077075079993e-50
5.432183683713319920e-12
1.404126859383918324e-29
6.373694292792657084e-38
3.264706640107973050e-12
9.568772903864166258e-46
5.754900198730069677e-18
1.772307607485925438e-27
2.937375140382262920e-48
8.811736164667127654e-46
1.271301949318847382e-20
1.431794668249343208e-46
1.341273840087795001e-22
2.065797198819414641e-13
2.642850995938621574e-48
3.002182837110833030e-44
4.219910070863790425e-15
1.448778964909032470e-27
1.543105301560958896e-09
6.468060103347149406e-33
9.232002395055291277e-29
3.163738676517831892e-07
4.068466137743675810e-33
1.674396926410158945e-40
7.155460199134860361e-11
5.338781703805868431e-50
2.150686336106919834e-21
1.450428032179289299e-11
1.236483615034270627e-11
8.601080582358182260e-11
3.456944155575009600e-13
6.283674906961168666e-15
1.677104403047013553e-09
9.776562264973761260e-14
1.794588205186150812e-42
4.336471130536433580e-12
8.407977953386838424e-12
7.016469790778486933e-09
5.433380600208123059e-46
1.246686266228431856e-29
8.009398305378575601e-23
3.178822830476532080e-46
3.662139376466427091e-08
8.173356025771394741e-13
1.114878174581206320e-11
2.890608841673119197e-13
1.420226347733524700e-47
4.288738900750467912e-29
4.619290606594417640e-07
5.895615985234761337e-18
3.796666078032286497e-08
2.645618183042558530e-15
1.917193384925103604e-17
2.529282397851504097e-21
1.531653823732162619e-46
8.517541741066671582e-48
5.075819601623417050e-09
1.777445727077010237e-93
1.853175374790596319e-54
6.815764693981114659e-22
1.468107544337125572e-49
1.169131841613630082e-51
8.314090821875095936e-10
7.262953851826964305e-08
1.939285144206729040e-12
4.004513188376118346e-48
7.672073921277342243e-07
3.726323686879950989e-101
6.413402734674848047e-15
4.488771273985484709e-07
5.606315797999132076e-20
2.255695709043291959e-13
7.548871505304588264e-47
1.810114805024877405e-44
1.044524656259814409e-45
4.370770059757973288e-119
2.440855030270080240e-46
5.238998668951045319e-18
1.704958039547434875e-31
0.000000000000000000e+00
0.000000000000000000e+00
1.167869936818368013e-24
2.067098055754239562e-37
2.452230130910332248e-45
7.231191858332167404e-47
1.506861724617143339e-45
1.819459497776137603e-07
1.006612700582053450e-50
9.048860513349253506e-62
2.557128876789327223e-46
3.270754494333329945e-27
1.976224087937878426e-47
3.988652028449121485e-21
9.851958360388773732e-25
6.437832856598925850e-54
3.355535874445866759e-48
2.664326836446503151e-27
4.934760750976074795e-51
2.367419131352021160e-50
2.272134265404326016e-12
7.022693532953519572e-15
1.221341095338867008e-11
1.076512283925020504e-24
0.000000000000000000e+00
5.433710834815717845e-46
9.561494323607738109e-53
5.772763771713125863e-10
1.237951568657735948e-42
2.282219263622498047e-13
1.148556852583851793e-25
2.965942410770462007e-72
9.624184458811929040e-46
8.264202160429384989e-20
2.634549912726740649e-21
7.685990024401931292e-38
1.299444665204986903e-50
3.193720103833601658e-44
1.353085096475427448e-41
1.469060828100812987e-46
7.035725951152086365e-47
4.632027322074936757e-12
2.081859331151074523e-68
9.915042215057901178e-52
5.911262339956588912e-40
3.638356471723062396e-15
1.406234324373172209e-48
1.701024421642853778e-45
5.834258338971781681e-45
1.913752832747631772e-31
7.719480902471500024e-46
2.350248627564535619e-38
1.106108562346485749e-16
5.462945409158198549e-46
2.556190868960052383e-49
1.626446802386324892e-49
1.883236803536971881e-56
2.912719668064538361e-35
6.004752759204260571e-29
0.000000000000000000e+00
2.044885587019107077e-36
6.843508414680784358e-37
4.013953241601312259e-11
4.104103263434105976e-27
1.616641434068087849e-17
3.726816125916990154e-46
3.843721942998195421e-46
3.189501581670967090e-46
4.532789059477885205e-44
3.535752112944154078e-26
6.615950128366538976e-52
2.160694700788737717e-47
3.731462775239505101e-47
1.652263947286523398e-47
7.358545952760382189e-44
7.609525842305945003e-09
4.518586956603295956e-23
5.550034625272148274e-55
2.779304575568349323e-25
3.115951584233782783e-32
4.218557030454728348e-61
0.000000000000000000e+00
4.004903011320982688e-23
1.655782798015048873e-24
7.175955325477337281e-32
0.000000000000000000e+00
5.573535237548694802e-48
2.155461214882023576e-10
1.899973720116495548e-35
1.854923825821122235e-88
2.618032989002853218e-38
1.179887799696339879e-06
5.444256115852596280e-05
9.306641612587072575e-48
5.978826938040931168e-26
1.634645758625269010e-10
1.516294280177639682e-49
6.293598355875200165e-13
9.160154572713727172e-21
5.956029401941940166e-22
0.000000000000000000e+00
6.185612514829714572e-38
6.474805143193873366e-56
0.000000000000000000e+00
1.188292220249880796e-22
2.416380404083399678e-278
2.714777236355819574e-13
7.788258785769320238e-24
1.323741707613382298e-46
4.529859507433556894e-30
6.065936642913715203e-50
5.745719896324474538e-03
2.431146662050979531e-151
8.584385222826169055e-48
8.898864012914350811e-47
9.837180775687370627e-11
2.172628856298709055e-53
3.501563575944325399e-47
2.979050869430685272e-49
6.578237882967306304e-46
1.945905461383068707e-50
4.124849129608678746e-11
8.604728988615423228e-55
0.000000000000000000e+00
6.006452133827139204e-45
2.895439376311823905e-37
3.990777845862158112e-10
2.069321350294683008e-55
2.727624115321754589e-53
9.065173474326872581e-10
9.461933409165634752e-12
4.775920171704974047e-10
1.753198179052783899e-16
2.019670590284837709e-83
2.946009354413446954e-23
6.370258539378920096e-49
1.599241447536735596e-45
1.971201843482937582e-34
7.833028695503996319e-49
9.765014223032838393e-43
2.606699348489671514e-49
2.143978948756894467e-10
2.933999044814846112e-46
2.182512334119657438e-33
2.081365653534926488e-42
4.556550284012354006e-35
6.156610789149156816e-34
2.398467449469577222e-51
1.902715048002161482e-13
1.096749294440141853e-09
5.681446732888330280e-13
1.380667485724309910e-53
2.654866472536113705e-46
1.690820312801706836e-18
3.910885432390144101e-62
6.509846667915552930e-67
1.686223306825904507e-40
5.713942885352384343e-29
1.289612236466034020e-20
1.109616818504065907e-47
2.726313901862811267e-08
6.590202034159581104e-08
1.147490406702348226e-09
5.089721422928921965e-13
8.239637653817291038e-06
4.719220491766154562e-05
9.050103769136339524e-53
6.332979934942384085e-29
8.386710675219863434e-47
7.847985244398402806e-33
6.753129231380763745e-21
1.210464603322427588e-46
5.299348414054310587e-37
5.744354190196513890e-10
3.914026094514032330e-16
3.154672389046701428e-07
2.108365871177612086e-48
8.846360319492610158e-32
2.495816706202034004e-13
2.537323038762632060e-39
2.666229396785198381e-18
4.403461293171636687e-05
2.159337170481053202e-45
2.449716320894501851e-43
1.338353939990659125e-42
1.724640331107969851e-45
6.145294424123098066e-51
1.223899577079972048e-52
3.782291653754341841e-53
3.152892128225517265e-36
5.436129172976179635e-40
3.712902883020617647e-16
1.490806423654505655e-11
1.518153443574072515e-50
7.896925165616274816e-48
1.131818190939255575e-47
6.360711286883643439e-52
5.188681134418784041e-30
7.073851020965753294e-11
9.073609774448119041e-39
1.221706548397579771e-10
4.417254502099006198e-47
2.824407907815563670e-11
5.510500195344371579e-15
2.675079621385901453e-05
4.294396123808906429e-10
2.997998427656411351e-04
3.238551987922586114e-46
1.827832422365936469e-46
3.482263631564138392e-46
2.116362600355011424e-134
2.082821066999405244e-82
5.555368813334344019e-95
1.894353083676029128e-14
4.246875740819329042e-48
5.574180518874271528e-57
5.619222625948387932e-36
1.774232109215196130e-48
2.740429962734785145e-13
8.560709891351523153e-07
1.118568764101352816e-04
4.956494715652223559e-167
8.013771532100880167e-05
2.663866359079635821e-05
1.498276814269907239e-37
6.726034245363324902e-13
1.096160840979658077e-11
2.491421567734853963e-19
1.188860377538509153e-22
3.787931128829241603e-08
2.152862031101703724e-48
1.526061000285207350e-45
2.187127897546288459e-12
4.755772982118467086e-09
1.307049976673633165e-13
6.390593638258948753e-05
3.034139289386793084e-18
1.665795805016325544e-04
6.137927764353380321e-46
5.534231831277729302e-52
6.803065496545023276e-17
1.447863077494692924e-08
7.623825574338374780e-47
1.854867788469002406e-44
7.827435860267480686e-46
7.907646546006244822e-35
4.370083259024840794e-22
1.599721160736689167e-25
6.577012418620628958e-27
6.921239130769250702e-10
2.608658297019104821e-105
4.693551878287366489e-06
4.573516550321867630e-02
2.706054096135430617e-03
2.911929385626892194e-46
5.106258037411147759e-52
6.283205299304386189e-38
1.152815795856382058e-03
5.524569844701801921e-05
3.460453182901449166e-05
3.167443529897421058e-34
3.823255144873772605e-15
1.735461913960435033e-13
4.394852136127156629e-17
1.226086595712358334e-07
5.180977897366793525e-03
3.930052021864200134e-05
3.656658913014670917e-28
3.511533555062499605e-22
1.349192655157359795e-21
6.853696728417825065e-33
1.968072159361355403e-20
1.408774798197383167e-31
1.760671177490937589e-28
2.940604451847625211e-45
4.417898742719126191e-11
5.226501316708663635e-16
2.092845963522078283e-08
7.432984521666950213e-18
0.000000000000000000e+00
7.725104799326688425e-07
6.272165192360393575e-04
6.326330490551728379e-03
2.526295333311043140e-11
7.089516173416860339e-26
7.887127501009691534e-37
3.740056447879833308e-23
6.575458219835678479e-42
7.893200943805872560e-02
6.222074824570512528e-05
2.667183191106617629e-16
1.417577220582908373e-07
1.643510942751718808e-20
1.527893392287936371e-42
4.840703936040032275e-10
1.094487089008417685e-51
8.605057279387283768e-48
2.758132991090765606e-23
1.351182455560558351e-33
3.473091415613084295e-04
2.498240794193319972e-02
5.446344359569915458e-06
2.113284316693852352e-25
3.641163051763862762e-23
4.467045163746636433e-02
1.778149294480718266e-04
6.777246250684360585e-08
2.185740080325566763e-03
1.765197942358090984e-24
2.505526679979739406e-15
4.236525048607344378e-05
4.254440431632086161e-07
9.840196826910801579e-15
2.842404049296669644e-23
5.200502753069664761e-31
7.343839686570404759e-05
4.705035853048762531e-05
3.280815723711079639e-03
1.860171349466110263e-02
2.957027668362117480e-03
1.097357733500433545e-03
6.296666744524370674e-05
3.100132748813073658e-01
3.492973976055467584e-10
2.501330539796869164e-04
1.112335106858409540e-25
9.606502458290821367e-50
3.072776842979240142e-01
3.710370971391116198e-05
1.497856700472612767e-06
3.134969525506515198e-01
4.131403450626636487e-12
2.806377093075318810e-03
2.404205182544089848e-27
1.092250752562209069e-02
0.000000000000000000e+00
3.234252581330820803e-93
4.090043918766497613e-34
5.027277425191968574e-04
3.215254829331833155e-47
9.969471183566721662e-12
1.938328258172912211e-01
7.261559977797449675e-03
3.453352080189589588e-03
3.000871493618611495e-19
1.014433224435471885e-05
1.962423489850362995e-02
5.804616620066345725e-17
1.274055587027311204e-33
5.268631987536965880e-07
3.032591316236653544e-05
2.141326290010049938e-23
4.370200098589492827e-05
1.393280266941554089e-04
3.120587383323492059e-01
3.555928579372854301e-05
1.626669501386146521e-02
5.182759460278465622e-04
2.069146850351904329e-08
8.106620728873441648e-09
9.343057796670350967e-02
1.289330695846216263e-20
3.186716707808549108e-35
1.619886262095318412e-31
1.016570326152838976e-20
4.939805629695782869e-05
7.457480902111540643e-27
7.425676856056217869e-15
1.263322098477092012e-18
1.971191245124938816e-06
7.108210866290018370e-06
2.690674666520135174e-34
9.692147225948507803e-20
2.615007974975904403e-04
4.689738741702585615e-26
3.041983671045719317e-01
4.663865925066251736e-42
1.091944776131175202e-02
2.249056490839713484e-42
8.786314466971287401e-07
4.931936059143179549e-03
4.524266097104180030e-26
2.124310811409986424e-03
5.815755602266181080e-03
8.106378753624962586e-05
3.983403307751644033e-19
2.051038503076724675e-09
5.811031307641685052e-03
1.445757679384003123e-07
1.790622701846406247e-10
6.072332280191663722e-07
7.336235869287810208e-10
1.804403342363498919e-01
4.853160028006126402e-07
1.114837901780897167e-03
6.015180012332049407e-04
1.018908628991527926e-01
2.182924040226504922e-17
3.557508755038552573e-01
2.084197119974411899e-07
3.081915679438099034e-10
3.777242389653661520e-02
4.666913604910362390e-02
4.648122937414287011e-03
1.201391911930319596e-27
1.709951245619925142e-03
4.447739297973493478e-46
3.945371468723682384e-01
4.113549753680342258e-01
8.580805314541144018e-15
6.516604135944353165e-05
3.953127836574384633e-16
4.075612971823348082e-17
1.335987956150299575e-04
9.900843276740181609e-02
8.671587680364980459e-10
6.280241526376920477e-19
5.900129046697309976e-01
1.892896291183366558e-175
5.330732236162827320e-02
5.241362416736162158e-08
7.145356361404413548e-01
2.248233401408072929e-01
4.606916864501512943e-01
7.515603259047232131e-87
6.539403885554041507e-01
5.616090552035597591e-46
6.617791188283199973e-17
3.025900962107851144e-02
4.565986492858026282e-06
7.308386296194922176e-11
2.350738910633391569e-49
7.533853745661674765e-27
2.657877465560040675e-01
5.120228803395543990e-04
3.331923453078133694e-03
9.706037764355533762e-12
2.755291910468904110e-14
1.015181100706989874e-16
2.021638028566292323e-45
8.604475284660868112e-03
2.998199881043004485e-16
6.526036019131924601e-10
4.480525424355090713e-01
5.269241645167475202e-02
4.007761200947158058e-58
1.877818534103061106e-05
5.771025274594854260e-01
1.704393292081252953e-01
2.505985864440796740e-01
3.266158877678572714e-01
3.611850263948483415e-46
2.848300437983191172e-02
7.240785738203120436e-02
5.020214879814788096e-46
8.605573321356341232e-02
6.302245169325007002e-01
7.616747495673562931e-10
2.222213407915900607e-01
2.355306452858833986e-14
3.269849344371210018e-49
2.614318396187161886e-01
1.245160160658170470e-24
8.139179802114213948e-55
1.455013822786030073e-03
6.048270458158081329e-143
2.196956866280699785e-28
2.493503871707067834e-47
8.609537083242294053e-02
2.219729209491556593e-07
2.738227660100477513e-03
1.341028280123518710e-05
4.044567057315667509e-04
1.154401093773794029e-05
3.238749313245146283e-02
6.324894839547439140e-01
1.667514811611891424e-21
1.497991878164049951e-21
7.518710130078198883e-01
2.287783649601418378e-19
1.416201291223899150e-01
4.758912191406991185e-05
9.946290174331398268e-03
5.669285044342669000e-01
4.358760500616367514e-32
2.353039955263365794e-46
7.099144997333525775e-02
2.266141129473850102e-01
9.368703862217948278e-05
1.890253736786509026e-23
6.369629593568129078e-01
3.832397991472293319e-01
2.554200414481975782e-19
2.128885659956615286e-10
2.866759712435716922e-01
6.611373377360466109e-06
3.694535269552239876e-01
1.264209333768516524e-47
2.364251539533474286e-45
4.875666778448922868e-46
3.913518988560337752e-01
4.225104158203507109e-22
4.557073849844992725e-06
4.874927544983990169e-01
1.390317806448706904e-24
2.405009676791433134e-46
7.261479655256786371e-22
1.582966932619549840e-68
2.775721083399446121e-01
1.512386643256073162e-27
5.108259051646096838e-01
0.000000000000000000e+00
1.376350996702413548e-13
1.488271294200152293e-46
1.240037274179964372e-01
4.272233307807642451e-56
1.492614506680316547e-02
9.926445424993482133e-03
3.346841904797943413e-04
5.181797411884532503e-13
5.037020375867128363e-01
6.046011992238788281e-52
5.196067425821407148e-05
7.730505743978563984e-50
6.907395917798286877e-01
1.241801827271380019e-56
7.490059959485393130e-04
5.343555294119684690e-02
2.436581153214831521e-45
4.170188449113270270e-55
5.476081330629054314e-26
4.291634243132715805e-52
2.042376933818113212e-04
5.367899193382614786e-01
4.569504387540371243e-05
5.532567992267357810e-11
2.336760660288595864e-45
1.581826338464076430e-05
2.123357588567363605e-45
1.581342333167582332e-19
1.280777009745473700e-68
3.347911266347380245e-13
1.849950835731400932e-44
4.186046154036225375e-01
1.161747557719248725e-07
7.611231452100736728e-46
4.735759965353344980e-01
1.173256410858432154e-42
2.877316993087914443e-01
6.243453557151718429e-06
2.262596430934465030e-44
5.153533787869741959e-04
2.402837912481704811e-23
2.182180830041538792e-27
3.311703018201948253e-45
4.346549181648213245e-01
1.841470043833358782e-27
4.012159761550070924e-01
1.063073569635459302e-58
8.839559987228039911e-05
3.580217484420756048e-58
7.219262166893700905e-08
3.967302144882781226e-05
3.743135182043563769e-01
1.605064933450042204e-24
6.314007036298816588e-46
2.635196757256063615e-01
1.473464587879988369e-38
2.257931323979381431e-03
1.028098892193338902e-45
1.888680190847664298e-56
2.227901143828229271e-48
2.482803589153295019e-46
2.468116474402991811e-01
2.014934497558655002e-01
3.699251609908654827e-46
3.346950772980087363e-01
0.000000000000000000e+00
1.739534902707144393e-28
3.050619894137672522e-07
8.958985442079778439e-51
6.117688718368899983e-13
6.497289945219711213e-44
2.048507545302334617e-23
3.247824632061039497e-38
7.364009877721572990e-47
2.069534824856045132e-08
1.700386480232865740e-45
4.630982976628085975e-46
2.012766939893106954e-01
2.569603882546340288e-47
3.897627323100210095e-01
3.869609777679978158e-01
1.990583351005405510e-01
4.100248925143392120e-01
4.963252430047784824e-01
4.569937897764090318e-01
4.618800402807616834e-01
2.762287217276280300e-44
4.767017209059053752e-37
4.556886495767997758e-01
4.011351822018636715e-01
0.000000000000000000e+00
1.990942706560379638e-01
3.012179660668962144e-01
2.825749418509477806e-01
4.459461012701659328e-35
0.000000000000000000e+00
1.511359033775562032e-56
2.895390678647537889e-17
1.408541327655946978e-26
1.919225059276037430e-14
9.961168385574889483e-02
9.801228426906410940e-02
9.418209906384053115e-18
3.889863607962594769e-13
1.933063617061643591e-02
1.385690190145114676e-23
7.534810701908550444e-37
1.581050972172841740e-47
1.624065259413526119e-20
1.163041235348869432e-15
2.236474490692030115e-16
3.272465968024899779e-17
3.188869130200870927e-01
1.356996775380205633e-01
1.758160183226914822e-02
1.475032395445058375e-01
9.573824328512172688e-01
4.797912616319744902e-03
5.725211268061729470e-11
2.324245810282861557e-24
7.382083097773702638e-19
5.258321578197107105e-01
4.636848108779624823e-39
1.269160307453356951e-01
1.899962929998934014e-01
4.153865974497461533e-03
1.198693009806971535e-02
1.630552726914111134e-14
3.933140458800766237e-01
4.655313206503978914e-19
2.184317306209378196e-02
3.339555342741823332e-05
4.860784100632650510e-11
9.564658725707724570e-04
2.495040476006058693e-16
7.479816805263800586e-57
2.143272978629314571e-17
1.241065734640228273e-05
3.319150718367939835e-10
2.794788803596516466e-54
1.228683713546139221e-03
1.664242902671995698e-05
8.215880985232193669e-49
2.767816322932425965e-01
0.000000000000000000e+00
1.145977903118941308e-18
5.219560741501182979e-04
1.561774106113863930e-49
1.217410370492058499e-46
1.108792231791257621e-42
9.312455392183302875e-47
5.365114736211936288e-17
2.764205587623153551e-13
1.168330571522115489e-15
3.658844496988522699e-18
6.246596850340604262e-27
1.660569543622175290e-44
1.022533011539116715e-45
8.975473108230530572e-01
4.618729534994922559e-02
6.337200122843955982e-06
1.861243303118314965e-06
0.000000000000000000e+00
2.386195604310692628e-23
1.931655118563869499e-13
4.482169177883385579e-25
5.378421097364868321e-03
4.133481997906875032e-46
6.963987810832077226e-47
8.391133315395173270e-51
4.005640756761121804e-95
3.286158862739832487e-01
2.830467095125786536e-01
5.106844479843579421e-02
2.543597825688726433e-49
8.335662913382748990e-10
2.427235979481053721e-06
7.045474420503021048e-46
1.267239729519871176e-48
1.189758912539405869e-32
2.877946289678853106e-17
2.658369368183334633e-21
1.167540951850976558e-11
3.110662893323840779e-44
8.811260844708840301e-02
8.356570131039179259e-41
1.659913462343236279e-01
1.818636354535637947e-27
2.496573060159277084e-34
1.621474562893302542e-38
4.045340137070957771e-38
1.862357482881036030e-45
1.935461616044781284e-21
4.543082473195460253e-25
3.465090454553878690e-40
5.460626619980010325e-25
8.454670992292265755e-13
3.944479551467437222e-11
5.003659831351381376e-07
4.173606577584671830e-47
2.297486851973359406e-11
1.426381266839770391e-19
9.072056612622888495e-22
2.772118788195965555e-21
1.435721391926263724e-45
1.413177339934033315e-48
1.223889437337802108e-45
1.389214600707583125e-01
2.930278504269313548e-46
3.010880174675166845e-02
1.881648605878283492e-49
8.408127639752080733e-05
1.756017891888141032e-46
8.346874506534992152e-31
1.612045318981573409e-28
3.659908256653008115e-13
1.421182839392022518e-18
6.855458856976110992e-22
5.528181308830567743e-31
2.550748614230951722e-21
7.649122862300215534e-24
2.346028515767694560e-04
4.916810029148147896e-46
1.407835086613092868e-01
5.024006808341376378e-23
3.751178541552227073e-19
2.369070074123123619e-18
1.781601554939786646e-07
1.130442279469818641e-05
6.583336191231722391e-49
6.763162873679360349e-19
7.728591719939023466e-21
7.368844678770812497e-05
1.720743006951776217e-22
2.677130208787017781e-47
1.253209528746363482e-46
7.611155019902739405e-06
4.385566876669299568e-49
2.203216210639678124e-02
1.052013566190711930e-02
1.433165910883926729e-53
7.355911697557846482e-46
1.428692851258015908e-27
2.514621591944693479e-01
5.959676998363190314e-01
2.799509950838282024e-01
3.132897080384067495e-38
6.840378870419105601e-26
3.386760730091070443e-03
5.466512034100324824e-01
1.322733899270355507e-01
6.160834577462782383e-47
3.514354660452785905e-25
2.802596268566142563e-22
3.472661552315297435e-05
7.280494826451188584e-34
1.302133784754008978e-03
7.431589073378270642e-44
3.421086323989948608e-01
4.140357891429091719e-01
2.995277305773284527e-52
9.747143746296652589e-01
3.287637412831293312e-05
1.557243924710663939e-02
7.664407881534531786e-01
2.884327235722774179e-05
1.183978290376160101e-43
1.241437652083799967e-40
8.011914709983886648e-43
4.415264780679965528e-01
1.714812738901715420e-40
1.301445649561823806e-02
9.011818809389647578e-02
5.420650915375550419e-23
4.700143944343592173e-01
1.262998237329262000e-09
6.763085410548166714e-14
2.403955223757763340e-03
4.232819378318345045e-03
4.262980301260008728e-05
2.034578666378111567e-05
1.030539205255446011e-01
5.769900340185767362e-01
8.959997719845262665e-02
3.460234337984459413e-39
3.170388498956331320e-37
1.216157754065456035e-44
2.969557180419048291e-31
8.422612434443502161e-02
3.441179798144901921e-46
6.589541399904397674e-49
3.287904887872760470e-03
1.860001524698755571e-01
1.033713858183918505e-01
2.865316186178675349e-09
3.221196377368691355e-01
7.411517285403824333e-05
1.364581593259907022e-01
7.467419552486750045e-46
6.357727433618291748e-10
5.332760389193886945e-03
1.649562854757515043e-20
2.232154856700780322e-19
2.621939146419833833e-01
4.446075588479874054e-52
1.380417592693848194e-13
1.785510853060873025e-11
2.711613318713175236e-01
1.288380790274297494e-13
4.601031490012617020e-01
2.038138699351746692e-45
2.742129239240345684e-01
8.826370414320683366e-02
2.787122887753467042e-03
4.693417906971912579e-02
8.676047575327419659e-02
5.463989279440562008e-01
3.445133219919397916e-01
3.559028202250917317e-01
2.377772753666432775e-09
7.300443830421758928e-01
3.816273555088721675e-18
3.791811554835022302e-01
2.185779436516008811e-01
2.303308951664077816e-50
1.733839589353056501e-02
1.651417851998372976e-46
9.082041306567416317e-03
1.862764333964807000e-11
6.806783939230552916e-01
3.648675887779621041e-01
1.732046396289509563e-11
3.471068956792501825e-01
1.798563035045070563e-04
8.175242401350471533e-02
3.911179127627657515e-01
1.087404613979831534e-02
2.595980113131963196e-01
6.365375872670271384e-01
5.849508749755756298e-01
4.359487126887669484e-01
2.070393488563965377e-19
3.722841594464795095e-02
2.979900612512723090e-01
4.325569432093244737e-01
3.927663877753138633e-01
3.524273871809164294e-01
4.717447954535610756e-03
1.259464127121577293e-01
8.270419229078954104e-02
2.554869980006118795e-05
1.039771629322837343e-02
1.708333081344776821e-02
7.006235527380052887e-46
2.304446349543207439e-47
6.652122611996104012e-40
3.415267470345457969e-48
1.752412934325126362e-02
3.600308358697663080e-01
8.084042602499032226e-02
1.120461588211581205e-02
3.051512114974886877e-02
1.276571245833666990e-01
3.731993544843144606e-01
3.544466983069530975e-21
5.230281390435478350e-01
1.063667801879461527e-01
4.908467934745455586e-46
2.907449961009415905e-07
5.528907386797511370e-01
8.150515970439857483e-02
7.400620011453888314e-46
2.132918740136169680e-38
6.039870921376184785e-45
9.839391888226206584e-02
2.630329695892305586e-01
1.737992329738077824e-01
9.857528882510411920e-04
2.426092450283111660e-05
7.997762767486367441e-02
6.006252392034505672e-01
3.280204127015852178e-01
3.749131960064680964e-41
5.952776539425084223e-01
4.796692803673772277e-05
6.451026241146307072e-01
3.650694752759215400e-01
2.899191970533004925e-01
3.043903185485989449e-43
7.702129782689620847e-04
4.571003143223987264e-01
1.591006646441305819e-41
3.764863276711541418e-01
1.225787578162586045e-18
1.837931024470501818e-07
9.531232778705196751e-02
3.213940043839139116e-01
7.116393329082730534e-02
4.966714351529093272e-04
8.529764245498958411e-03
9.190275365359122650e-02
1.337289078152678092e-03
6.223719858286155736e-07
6.501693394589028565e-04
8.666652778921967949e-16
3.610985245522636555e-01
3.469672727866078641e-03
8.546043535855801787e-02
1.365099372787767218e-01
2.770643107397206539e-01
4.246302137063660826e-13
2.580617077693693779e-25
5.311586500398955984e-15
4.053599864299536337e-01
6.227662760064216861e-40
8.365470472928300538e-02
3.917488174868162809e-01
2.269211965828611694e-14
3.527954968967552535e-02
1.908415400459785305e-01
6.050862499613047249e-12
1.000000000000000000e+00
8.032938110392428679e-24
2.850210887924587988e-01
1.442007512409103076e-01
8.611146711850710203e-21
1.526561880387153065e-12
2.838738443098267061e-01
5.011017364845923305e-01
2.257758908166181133e-02
1.941656342214948539e-01
7.252786629965041199e-01
4.325143798304576515e-01
2.210993177112679509e-01
9.843234793870269209e-37
3.630556906601372091e-01
1.862888454248371461e-01
7.805143735017006287e-35
2.760134410466223986e-01
6.543754512657251241e-38
4.106711981239775065e-03
5.605957910639470956e-12
9.747001307560837491e-02
4.016858213868358951e-01
1.722482683206459642e-01
1.593290737297448634e-01
8.096853004132839593e-02
6.467714211361314143e-03
5.096979124841525266e-01
2.785283915542268035e-47
3.474195647879084192e-01
1.216826784011128537e-01
1.788071146479361384e-02
6.698900430192431820e-46
5.846973085154846261e-01
3.785674782855317361e-02
2.904123966691071201e-01
5.531075835356235454e-02
5.285032888178488042e-01
6.697538408796306110e-04
3.615488519623822894e-01
1.171603889276532972e-49
1.150369719301209836e-08
3.332237192212400231e-05
3.620813811277120431e-01
0.000000000000000000e+00
3.708382157281521763e-01
5.140179105130775541e-04
7.094721091086620194e-05
1.576200861867013070e-07
3.098217838759314002e-01
1.556180404969502211e-54
2.537659929472253773e-03
4.569240882432084039e-01
1.158364764226096494e-01
5.023821248163075730e-07
2.660512999933375977e-01
3.345000797473276499e-01
3.439028226969548796e-01
5.703702060510411620e-01
6.391521840285782075e-01
5.262382561892595297e-03
4.751515952163872506e-06
1.949638442058837864e-02
1.706807200183853290e-02
2.451950840133190479e-01
2.057434635264122902e-02
4.930569814040418608e-01
9.887342181977923421e-15
8.271507894656168758e-02
8.676841672865555355e-02
1.730220017355213815e-45
3.758714806403708891e-02
6.343371175724047406e-01
2.947698283574631999e-07
4.598185726005492024e-01
4.653901861481267210e-10
1.559825450955791188e-50
2.952879114608321087e-01
4.456887273817060624e-01
4.659868605982629580e-15
1.403524960795089367e-168
8.845639526591375271e-10
1.189181884367520731e-01
6.115154281330572256e-12
2.564369662609026698e-02
1.158473094527253977e-04
2.967159436020770369e-01
3.399167623213315795e-07
4.231536277243245769e-01
1.840318228715354110e-02
8.665878153355745705e-05
2.066876370961813134e-02
9.346895095922712778e-53
6.486148431914634153e-47
5.790171554336668414e-34
2.502134927657734729e-40
1.412091302780531764e-02
8.170123215301911554e-32
1.248089182322424811e-50
1.966309397709126055e-35
6.031690031805880213e-45
8.515951396698899909e-47
1.192864308586372990e-01
1.205073905665351303e-01
1.506453390489151024e-47
2.908950281887124900e-01
5.895758844978487394e-50
1.037025393500159465e-57
1.254206207726048935e-51
3.940945301344805212e-08
3.598967660364770864e-23
2.539409359362919772e-19
3.607528809896281605e-09
4.695346269530109584e-03
6.386481575043279904e-40
6.035939953473670093e-49
7.342506432670627137e-02
3.775552385571865573e-20
9.411605910082754267e-02
2.074960110434423978e-13
5.372601086609194181e-16
6.143573692289976780e-56
2.957785528745895953e-02
1.459923159719996900e-02
1.697663019962240008e-46
1.749327296103268613e-11
9.599833346647918425e-15
8.810565568500209829e-45
2.632628293212878458e-30
5.213875968621968742e-45
2.644406425841640540e-01
2.851695700297392989e-05
2.261046977645611578e-01
1.416503214432843216e-01
2.645075207938546902e-05
1.863889023480732053e-08
2.455513611778124880e-42
4.295376680856926449e-03
3.662653166608806354e-01
3.574783656934348852e-01
1.107954633359259750e-42
1.220987664831176961e-01
2.173721200979515655e-02
1.733362419146787514e-02
6.572892686922450432e-12
1.008686258402435955e-05
8.912681296300496575e-22
5.330488951630495511e-25
5.536808234610726686e-13
7.710580771223596561e-09
8.527929821278565359e-02
1.336823233264813875e-05
2.381956947925359044e-02
1.685635092026497098e-02
5.449076797074380855e-21
4.423407916197630643e-03
2.907050151855487385e-03
7.746594583198908313e-02
6.384981619176331377e-03
9.280635891211173351e-05
1.778444917069815680e-18
1.032625021633940682e-02
3.994052328411323308e-61
6.644972388636890966e-07
3.759272305534447513e-05
3.688197206449942474e-03
1.531677857591021040e-10
1.080727984776416938e-45
2.267173652608882040e-01
1.752087966355098364e-18
1.280799789996675356e-07
1.372504135965443156e-02
1.512609311061879888e-33
7.837847853356470773e-02
4.666798297850300870e-01
4.432306047990630275e-05
1.547543407135466365e-03
5.883252885541568888e-01
5.873276451831289110e-33
4.931358071411913180e-01
1.803980670869901326e-01
3.240191921894039045e-30
1.241425245042045503e-02
1.772805999457435083e-02
3.519241505805137732e-45
1.314053135983402994e-50
1.213633825811128598e-06
4.030480185559860990e-14
8.343038553373282318e-06
2.300373494018787823e-01
4.147469079203630615e-03
1.199627149694170905e-15
3.547267164331762562e-02
7.090404436715680436e-02
3.602094913863974207e-03
3.586413076008888173e-02
6.447315484134384178e-04
3.080330638023618395e-01
3.349513053692673714e-02
1.737640900510201980e-01
7.492079629861803092e-02
4.213756567831561939e-01
5.773918214936301085e-01
1.497160153324853527e-01
1.206393530957918792e-01
2.984867323640137682e-02
6.600517204670236504e-01
2.223150825603131819e-01
1.419237675229439045e-03
2.164521718346361021e-02
1.113655576028766137e-01
4.659978994255221676e-44
2.147685125011230406e-02
1.454432908448955591e-02
3.433926275179687709e-02
2.899488034350117781e-03
3.355786006873649474e-01
4.499656420085203917e-03
3.761027281814639416e-22
3.058066432995118157e-15
4.131681900281398978e-02
4.202050026563305084e-03
1.229820915642369894e-09
4.460295978541405578e-08
1.350228053700999742e-02
2.214568774744207491e-01
2.974658918649744077e-01
9.068710601147167427e-02
2.810674143542239989e-01
1.014957582434145651e-04
3.907971352960234277e-13
1.857502523188862553e-01
3.335898702792210874e-02
2.951192726926136004e-02
4.892630785519037212e-03
3.210888583629248338e-02
3.068261633812052747e-02
1.419579561053389838e-02
4.422066570765582905e-03
1.544190055593868023e-03
4.314704381855437830e-03
4.478543549011519525e-06
2.303506641141517541e-01
2.938099665740710048e-02
3.957715533049589274e-05
3.528331434329530225e-01
2.601954552947283873e-07
3.022801911509718706e-03
7.933279549449652468e-02
1.929088722660841360e-01
3.668263841069280828e-01
4.810849606322080418e-02
1.359686706072727553e-03
3.820517185413333516e-01
4.444795542424234691e-01
1.392994875483910891e-03
3.004473273664914901e-01
4.941310388077243708e-04
8.287273339918105330e-02
3.748777411466678233e-04
2.818457941998546157e-01
9.957723146746219290e-10
4.723508653884326280e-01
6.895557303759203413e-05
1.454295112633235687e-01
2.190112753359900813e-02
1.287990243590313133e-12
1.566915153701009598e-04
2.726469111240812371e-01
1.770770271827900864e-09
2.093222401419447265e-01
7.695247789812006967e-02
8.792623624643133851e-02
7.445290467644449794e-02
2.205549882120371452e-01
1.213090205190427984e-01
4.041259833377593980e-01
3.128956866776067827e-14
3.536378227724398625e-05
3.191530809350159315e-01
2.924592954557587998e-02
1.827186474340741079e-02
1.908701406936504750e-47
8.705048034966156143e-21
1.947375045188722356e-02
1.210198782972788240e-01
2.831876430453482927e-34
5.108946841790189925e-11
9.475951773776829234e-02
0.000000000000000000e+00
1.553563991777993231e-02
1.399350292373869199e-03
6.276705272692846282e-01
1.420338330297490036e-02
3.764616295824925950e-15
5.130265036509511212e-02
5.167017875096399093e-01
1.978129848214915515e-36
1.463684338576372312e-01
1.698778245488735406e-01
2.165423874880539334e-01
9.307044527600834283e-02
1.105866146873887036e-38
6.502373114770772233e-02
3.166079258629686572e-44
1.130380425710265369e-01
1.138276647121725660e-01
9.494021314513195753e-02
1.980271129090742680e-04
3.131127108094977629e-02
8.610742926423291255e-02
1.525081932508005368e-02
5.086953010898510597e-01
3.069859863620662700e-03
3.379637421338896627e-07
2.109597896024737663e-47
2.184763441781199800e-02
2.011037460582772163e-01
1.947057927354299556e-02
5.636589918694218104e-01
1.636763744685111946e-02
3.402658492980251001e-49
4.192483994040256247e-07
3.515402279274874864e-02
8.419176751601294140e-02
8.351179526165543321e-02
6.464909710031510387e-04
3.200814079246798753e-04
2.539556109635066061e-01
1.148323591795146759e-01
9.085521693818819286e-03
9.466655150785342521e-46
7.792087658090914593e-46
3.077677811942292618e-01
9.731851061129528436e-04
1.902138282166276650e-45
9.133988719213573249e-03
4.931741001301342964e-01
2.737475692838443799e-03
6.716326648001893496e-01
4.932681924211204660e-01
6.861744064005332417e-04
2.956951723207091473e-43
3.403019349471723209e-27
3.317528515043388290e-03
4.553692993911716627e-03
4.764567251038095632e-08
6.500509797174135315e-04
2.778256154241723341e-01
3.847273452150317546e-02
7.214506695157684541e-04
2.259565408672759249e-09
9.586835166472283676e-02
3.633551627753495771e-13
1.104037099997686699e-18
2.935725960019822459e-03
6.526963251145427811e-19
4.543389351746601572e-03
9.863849144249349499e-02
1.545143992128021200e-13
4.842998413181962870e-03
8.958372658043031733e-02
8.736413837199021818e-19
4.888095443530330805e-03
1.019417117723048396e-24
1.162770809274190770e-01
2.975827964071143562e-03
6.530331280998600586e-04
7.019715514225628727e-02
2.875469034722835104e-01
1.396603986707419497e-02
1.831180515329626480e-04
1.577163038762305781e-03
5.937034832718005327e-23
2.919290870787861203e-01
1.059623805376175894e-03
2.685016392701877752e-01
2.557720755926823569e-31
2.751328608728534353e-01
2.859376993117600588e-03
4.230840392619431012e-01
6.376849497098818244e-04
7.888676205733433089e-02
1.889680279666781371e-01
6.246287511869465323e-04
2.998930441284915639e-03
2.886490276196124683e-13
7.301130480485915064e-02
3.094082504970879073e-17
2.564354377996942436e-01
1.400463111750565627e-03
1.996321690478668464e-11
3.438045150664874594e-01
8.821449024188798838e-02
1.022269728277253816e-06
3.756454554227577763e-02
1.504867941751622355e-02
2.855281497456990114e-01
3.043679095471891749e-01
4.290600602695667128e-03
