49610.532755	-33258	9	0
49612.471656	-33225	9	0
49655.311263	-33272	7	0
49728.227362	-33310	7	0
49729.22498	-33248	7	0
49730.234998	-33196	8	0
49739.265801	-33221	8	0
49750.245959	-33249	8	0
49751.243898	-33233	9	0
49753.24468	-33313	8	0
49755.249967	-33187	7	0
49765.257681	-33283	8	0
49766.25624	-33314	8	0
49766.265039	-33318	8	0
49767.2554	-33233	8	0
49903.542366	-33185	8	0
49903.551167	-33190	7	0
49904.574652	-33227	7	0
49906.60002	-33256	7	0
49906.60622	-33258	7	0
49907.558699	-33167	7	0
49908.590383	-33213	7	0
49909.573262	-33299	7	0
49910.590144	-33270	9	0
49910.601345	-33266	7	0
49969.384097	-33294	7	0
49969.5882	-33290	7	0
49970.434009	-33215	7	0
49970.628111	-33209	7	0
49971.441218	-33189	7	0
49971.61902	-33212	8	0
49972.351326	-33262	7	0
49972.358026	-33269	7	0
49974.398938	-33245	8	0
49975.429641	-33200	7	0
49976.442543	-33250	7	0
49976.598143	-33276	7	0
50021.290405	-33223	7	0
50021.448195	-33224	7	0
50022.364137	-33190	7	0
50022.458231	-33210	7	0
50023.295478	-33278	7	0
50023.429469	-33282	7	0
50023.441968	-33290	7	0
50024.310211	-33310	7	0
50024.428604	-33308	7	0
50025.258049	-33238	7	0
50025.451536	-33233	7	0
50026.289379	-33215	9	0
50026.440769	-33198	8	0
50027.399503	-33238	7	0
50027.443	-33280	7	0
50028.290541	-33320	7	0
50028.343937	-33316	7	0
50061.279015	-33294	7	0
50062.254426	-33332	7	0
50063.251736	-33292	7	0
50070.267495	-33296	8	0
50090.251231	-33222	9	0
50091.219749	-33277	7	0
50264.594107	-33273	8	0
50265.599893	-33292	7	0
50268.604647	-33253	7	0
50324.485699	-33291	7	0
50324.502099	-33289	7	0
50325.462024	-33254	7	0
50325.591528	-33250	7	0
50326.451549	-33191	7	0
50327.459572	-33218	7	0
50328.486795	-33286	7	0
50328.501195	-33288	7	0
50329.488015	-33267	7	0
50380.355467	-33272	7	0
50381.359111	-33208	7	0
50382.373154	-33232	7	0
50383.345397	-33296	7	0
50384.323139	-33294	7	0
50385.340078	-33206	7	0
50447.229536	-33309	9	0
50448.229648	-33252	7	0
50474.23207	-33208	7	0
50475.243801	-33213	7	0
50476.265832	-33305	7	0
50675.569681	-33300	7	0
50677.603672	-33187	9	0
50678.577014	-33218	7	0
50681.521432	-33194	7	0
50700.527405	-33305	7	0
50702.503523	-33227	7	0
50703.48133	-33202	7	0
50730.43665	-33294	7	0
50731.411316	-33274	7	0
50736.355322	-33220	8	0
50766.31189	-33213	7	0
50770.297177	-33222	8	0
50773.374726	-33317	7	0
50795.271201	-33255	8	0
50822.245798	-33247	7	0
50823.250014	-33310	7	0
50824.241232	-33307	7	0
51023.629608	-33250	7	0
51026.560096	-33288	8	0
51053.524757	-33220	8	0
51058.576485	-33197	7	0
51088.421158	-33213	7	0
51118.354823	-33227	7	0
51158.243508	-33313	7	0
51390.586734	-33305	8	0
51391.615399	-33242	7	0
51392.604161	-33191	7	0
51417.501535	-33210	7	0
51418.476765	-33197	7	0
51420.504621	-33291	8	0
51423.550495	-33260	7	0
51438.472858	-33224	7	0
51442.485544	-33252	7	0
51466.416757	-33286	7	0
51467.417414	-33285	7	0
51505.326424	-33297	8	0
51510.352697	-33243	7	0
51781.537609	-33201	7	0
51782.493539	-33207	7	0
51783.51297	-33276	7	0
51783.549872	-33277	8	0
51784.5139	-33297	8	0
51785.578729	-33227	7	0
51786.515453	-33193	7	0
51803.467971	-33215	7	0
51882.239728	-33292	8	0
52111.591808	-33199	7	0
52114.607024	-33296	7	0
52115.607194	-33214	7	0
52116.599263	-33192	7	0
52117.528726	-33262	7	0
52136.581321	-33223	7	0
52137.569667	-33175	7	0
52158.534707	-33194	7	0
52159.581023	-33258	7	0
52160.577636	-33315	7	0
52197.409466	-33220	7	0
52198.367024	-33304	7	0
52217.421154	-33216	7	0
52250.316391	-33283	8	0
52488.589618	-33194	7	0
52532.514001	-33308	8	0
52533.510702	-33308	8	0
52561.308937	-33250	7	0
52565.465356	-33232	7	0
52612.356694	-33266	8	0
52833.607987	-33315	7	0
52852.620554	-33196	7	0
52858.587011	-33300	8	0
52887.53981	-33275	7	0
56451.8386244	-33146.0221	0.354	1
56451.84400682	-33146.3158	0.348	1
56451.84975964	-33146.8392	0.292	1
56468.78930921	-33141.9911	0.326	1
56468.79675199	-33143.3906	0.258	1
56468.80456517	-33141.8687	0.378	1
56468.81330436	-33140.9228	0.498	1
56468.91592906	-33131.3505	0.274	1
56468.92228378	-33130.9697	0.252	1
56468.92885842	-33131.1783	0.248	1
56468.93507425	-33131.241	0.25	1
56468.94123219	-33131.7547	0.247	1
56468.94769109	-33131.8872	0.254	1
56506.82588371	-33145.3705	0.558	1
56506.83340732	-33146.005	0.583	1
56508.77796914	-33146.0807	0.361	1
56508.78406904	-33145.6788	0.388	1
56508.79022681	-33147.132	0.368	1
56508.79633828	-33147.8234	0.333	1
56508.80249605	-33149.3095	0.312	1
56508.8087117	-33149.3961	0.298	1
56508.81498522	-33148.9604	0.289	1
56508.82101567	-33150.3122	0.272	1
56508.82717344	-33149.4565	0.283	1
56508.83333121	-33150.8786	0.279	1
56508.83948899	-33150.8276	0.294	1
56508.84565833	-33150.6134	0.285	1
56508.8518161	-33152.1099	0.27	1
56508.85803175	-33152.3563	0.292	1
56508.86407378	-33152.9352	0.27	1
56508.87004635	-33153.2516	0.291	1
56508.87655137	-33154.1963	0.327	1
56508.8823156	-33154.2149	0.308	1
56508.88893636	-33153.8506	0.33	1
56508.89485106	-33154.7502	0.307	1
56540.67364827	-33144.8813	0.336	1
56540.68104422	-33143.8277	0.338	1
56540.68837074	-33142.74	0.377	1
56540.69497964	-33142.626	0.429	1
56544.59546206	-33168.3239	0.456	1
56544.60277696	-33169.2475	0.391	1
56544.61002241	-33168.7764	0.327	1
56544.61734887	-33167.9593	0.32	1
56544.6246059	-33168.492	0.33	1
56544.6317819	-33166.6233	0.365	1
56544.63916624	-33166.4198	0.365	1
56544.64648114	-33165.1892	0.435	1
56544.65414326	-33164.1281	0.487	1
56544.66133083	-33164.2106	0.547	1
56544.66815961	-33162.2957	0.699	1
56544.67598377	-33163.2359	0.536	1
56544.68372691	-33163.0061	0.454	1
56565.52996408	-33185.102	0.426	1
56565.53377187	-33185.0372	0.41	1
56565.53757966	-33186.0088	0.483	1
56565.54249854	-33184.5784	0.414	1
56565.54810027	-33184.2958	0.355	1
56565.55367886	-33184.8343	0.321	1
56565.55930374	-33183.6662	0.357	1
56565.5649402	-33183.5091	0.315	1
56565.57035675	-33183.8152	0.289	1
56565.57615524	-33183.299	0.291	1
56565.58157179	-33182.0157	0.283	1
56565.58711566	-33182.6577	0.279	1
56565.59269425	-33181.2371	0.285	1
56565.59836542	-33181.6356	0.248	1
56565.60389772	-33181.3321	0.263	1
56565.6094763	-33180.2105	0.271	1
56565.61506646	-33180.7374	0.26	1
56565.62064505	-33181.1154	0.263	1
56565.6262815	-33180.6326	0.247	1
56565.63180222	-33179.5287	0.253	1
56565.63738081	-33180.2039	0.242	1
56565.64300569	-33178.8355	0.246	1
56565.64848011	-33178.1373	0.25	1
56565.65411657	-33178.1107	0.232	1
56565.65948682	-33178.6748	0.245	1
56565.66527374	-33177.1417	0.254	1
56565.67091019	-33176.354	0.263	1
56565.67659294	-33175.6673	0.239	1
56565.68195163	-33175.2367	0.251	1
56565.68753021	-33175.0519	0.228	1
56565.69316667	-33174.9583	0.229	1
56565.69874525	-33174.2175	0.219	1
56565.70433541	-33173.9195	0.221	1
56565.709914	-33174.1444	0.222	1
56565.71544629	-33172.5966	0.234	1
56565.72117533	-33171.313	0.228	1
56565.72660346	-33171.2517	0.218	1
56565.73228621	-33171.3859	0.228	1
56565.73783007	-33170.1798	0.248	1
58274.86011069	-33167.9433	0.286	1
58274.86750716	-33167.4739	0.295	1
58274.87439434	-33167.3673	0.306	1
58274.8824043	-33166.1125	0.274	1
58274.88927989	-33166.036	0.233	1
58274.8968037	-33165.1443	0.229	1
58274.90374875	-33164.5981	0.248	1
58274.91133043	-33164.2692	0.209	1
58274.91836808	-33163.7428	0.203	1
58290.81823011	-33187.805	0.192	1
58290.82879818	-33188.3497	0.187	1
58290.83947041	-33188.7041	0.166	1
58290.84920507	-33189.6966	0.181	1
58290.85627744	-33189.6105	0.221	1
58290.86172932	-33189.7877	0.203	1
58290.86735481	-33189.7528	0.213	1
58290.87292243	-33189.6142	0.206	1
58290.88041152	-33190.722	0.17	1
58290.88522675	-33190.9657	0.768	1
58290.88902339	-33190.7119	0.202	1
58290.89444053	-33191.1602	0.191	1
58290.90011233	-33191.249	0.192	1
58290.90569152	-33191.4891	0.185	1
58290.91107394	-33190.9188	0.222	1
58290.91487058	-33191.5791	0.222	1
58290.91873666	-33192.269	0.223	1
58290.92253328	-33192.7438	0.239	1
58290.92636464	-33191.8505	0.254	1
58290.930196	-33191.9795	0.231	1
58308.78827291	-33161.6559	0.193	1
58308.7988409	-33160.8537	0.187	1
58308.80918897	-33159.5933	0.236	1
58308.82070611	-33157.9841	0.248	1
58308.83137828	-33157.7899	0.237	1
58308.84215462	-33156.4828	0.208	1
58308.85263001	-33155.637	0.236	1
58308.86360313	-33154.5653	0.206	1
58308.87437947	-33154.7807	0.205	1
58308.88516739	-33153.5134	0.206	1
58308.89573538	-33152.1043	0.193	1
58308.90640755	-33151.4885	0.198	1
58308.91718389	-33150.6165	0.217	1
58308.92827276	-33149.3494	0.217	1
58308.9389565	-33148.8204	0.214	1
58313.77438999	-33102.3935	0.254	1
58313.7782213	-33102.5933	0.262	1
58313.78200632	-33101.8879	0.26	1
58313.78588394	-33102.1349	0.281	1
58313.78971526	-33101.5171	0.261	1
58313.79358131	-33101.4276	0.26	1
58313.7974242	-33100.6272	0.365	1
58313.8012208	-33100.0797	0.245	1
58313.80501739	-33099.1365	0.253	1
58313.80892973	-33099.4161	0.255	1
58313.81268003	-33099.3023	0.254	1
58313.81651135	-33099.8956	0.267	1
58313.82038897	-33100.1133	0.277	1
58313.82422029	-33099.3781	0.278	1
58313.82801688	-33099.1492	0.276	1
58313.8318945	-33099.2088	0.27	1
58313.83567952	-33099.9787	0.26	1
58313.83954556	-33098.7339	0.274	1
58313.84341161	-33098.5668	0.275	1
58313.84724292	-33098.8357	0.262	1
58313.85107424	-33097.7677	0.254	1
58313.88437547	-33095.8846	0.25	1
58313.88813734	-33095.9709	0.252	1
58313.89207283	-33095.888	0.25	1
58313.89591572	-33094.7024	0.248	1
58313.89963129	-33094.1433	0.247	1
58313.90353206	-33094.6088	0.251	1
58313.90833568	-33094.0499	0.254	1
58313.91215542	-33093.4242	0.247	1
58313.91595202	-33093.7772	0.253	1
58313.91987594	-33094.0826	0.26	1
58313.9236378	-33092.8575	0.267	1
58313.92749227	-33092.9298	0.283	1
58313.93127729	-33092.2836	0.292	1
58313.93513176	-33092.5945	0.285	1
58342.6721447	-33154.5703	0.325	1
58342.67950618	-33154.1945	0.285	1
58342.68711073	-33153.4844	0.246	1
58342.69518984	-33152.968	0.247	1
58342.70249345	-33152.3319	0.249	1
58342.70979705	-33151.5895	0.25	1
58342.71696177	-33151.3519	0.255	1
58342.72433482	-33150.892	0.268	1
58342.73170788	-33150.6229	0.276	1
58342.73901148	-33149.9733	0.281	1
58342.74631509	-33148.9637	0.29	1
58342.75368815	-33148.7608	0.27	1
58342.76099175	-33147.9227	0.264	1
58342.76822591	-33147.4646	0.269	1
58342.77552952	-33147.5512	0.276	1
58342.78283313	-33145.7056	0.271	1
58342.79013673	-33146.0078	0.273	1
58342.79744034	-33145.3249	0.265	1
58342.80481339	-33144.3159	0.262	1
58342.81204755	-33144.5668	0.267	1
58342.81935116	-33143.3369	0.268	1
58342.82665477	-33142.0728	0.266	1
58342.83402782	-33141.4696	0.268	1
58342.84133143	-33141.9703	0.263	1
58346.76797665	-33166.2055	0.291	1
58346.77170367	-33166.1137	0.321	1
58346.77553486	-33165.0377	0.377	1
58346.77960912	-33165.5397	0.397	1
58346.78333613	-33164.662	0.388	1
58346.78716733	-33164.8376	0.384	1
58346.79103324	-33164.3117	0.382	1
58346.79451719	-33163.0234	0.461	1
58346.79886924	-33162.7443	0.401	1
58346.80245737	-33163.6564	0.377	1
58346.80635801	-33163.7147	0.367	1
58346.81015447	-33163.2672	0.384	1
58346.81395094	-33162.3227	0.379	1
58346.81785158	-33161.9591	0.367	1
58346.82161332	-33161.0562	0.394	1
58346.82558341	-33161.4666	0.387	1
58346.82937987	-33161.2657	0.384	1
58346.83307217	-33161.2092	0.365	1
58346.83693809	-33160.0203	0.391	1
58346.84083872	-33159.0177	0.431	1
58346.84460047	-33160.6144	0.436	1
58346.84846638	-33160.5763	0.448	1
58346.85229757	-33159.8556	0.451	1
58346.85619821	-33159.7231	0.431	1
58347.67668606	-33096.9137	0.229	1
58347.68189462	-33097.0294	0.211	1
58347.68711475	-33096.0631	0.223	1
58347.69228859	-33095.4618	0.204	1
58347.69755503	-33094.8547	0.206	1
58347.70277516	-33095.3132	0.209	1
58347.7080416	-33094.4059	0.211	1
58347.71326173	-33094.5993	0.207	1
58347.71848187	-33094.1365	0.195	1
58347.72365571	-33094.1758	0.19	1
58347.72887584	-33094.4865	0.195	1
58347.73409598	-33093.8284	0.193	1
58347.73926982	-33093.4318	0.2	1
58347.74453625	-33093.9808	0.198	1
58347.74971009	-33093.8524	0.2	1
58347.75497653	-33093.8292	0.206	1
58347.76019666	-33093.2127	0.205	1
58347.7654168	-33092.7831	0.205	1
58347.77063693	-33092.0893	0.208	1
58347.77582235	-33092.1915	0.212	1
58347.78113508	-33091.6692	0.212	1
58347.78626262	-33090.7771	0.207	1
58351.65744058	-33114.4445	0.352	1
58351.66130647	-33113.5121	0.343	1
58351.66506819	-33112.8858	0.337	1
58351.66891093	-33112.7957	0.329	1
58351.67277682	-33113.8543	0.335	1
58351.67657327	-33112.3588	0.318	1
58351.68043916	-33111.7646	0.317	1
58351.68427032	-33110.7455	0.306	1
58351.68806676	-33110.6907	0.317	1
58351.69189793	-33110.1995	0.311	1
58351.6957291	-33110.8691	0.316	1
58351.69956026	-33109.5222	0.307	1
58351.70342615	-33109.6222	0.313	1
58351.70729204	-33108.1708	0.32	1
58351.71101904	-33108.9361	0.312	1
58351.71488493	-33108.976	0.299	1
58351.71864665	-33107.7905	0.291	1
58351.72252411	-33106.8381	0.305	1
58351.72639	-33107.2869	0.293	1
58351.73025589	-33108.1156	0.291	1
58351.73412178	-33107.3941	0.274	1
58351.73791822	-33106.7445	0.265	1
58351.74171466	-33105.2554	0.271	1
58351.74551111	-33106.1819	0.292	1
58351.74941172	-33106.3316	0.278	1
58351.75310399	-33105.0605	0.302	1
58351.75703933	-33103.8157	0.308	1
58351.76041909	-33106.5573	0.367	1
58351.76438915	-33106.2766	0.521	1
58351.76839393	-33104.878	0.349	1
58351.77177369	-33106.093	0.561	1
58351.77633405	-33104.2973	0.485	1
58351.78061662	-33104.9484	0.399	1
58351.78389221	-33105.1189	0.3	1
58351.78768865	-33104.8044	0.296	1
58351.79158927	-33105.156	0.275	1
58351.79531626	-33104.9179	0.273	1
58351.79914743	-33103.9999	0.285	1
58351.80309434	-33104.1227	0.283	1
58351.80685606	-33103.8268	0.267	1
58351.81068722	-33103.6179	0.284	1
58351.81451839	-33102.315	0.279	1
58351.81831483	-33103.1047	0.277	1
58351.82221544	-33103.9178	0.273	1
58351.82594244	-33101.9644	0.277	1
58351.82980833	-33102.0352	0.279	1
58351.83367422	-33101.8175	0.3	1
58351.83750538	-33101.6862	0.315	1
58358.68787473	-33191.3829	0.218	1
58358.69514346	-33192.678	0.258	1
58358.70017833	-33192.199	0.259	1
58358.70507429	-33192.5139	0.272	1
58358.74854776	-33191.9589	0.214	1
58358.75605955	-33192.1181	0.202	1
58358.76315468	-33193.318	0.194	1
58358.76989098	-33192.6694	0.22	1
58358.77658099	-33193.1008	0.229	1
58358.78273857	-33192.8103	0.229	1
58358.78888458	-33193.0567	0.23	1
58358.79508846	-33192.485	0.246	1
58358.80129234	-33192.114	0.273	1
58358.80808651	-33192.2274	0.228	1
58363.6564842	-33168.5518	0.188	1
58363.66539643	-33167.6989	0.242	1
58363.67296604	-33168.8221	0.226	1
58363.68021157	-33167.6834	0.23	1
58363.68744552	-33167.1218	0.224	1
58363.69499198	-33166.2682	0.235	1
58363.70235325	-33166.3695	0.231	1
57323.35619812	-33142.094	0.38	2
57323.35875584	-33141.2538	0.401	2
57323.3614293	-33140.5815	0.397	2
57323.36399859	-33142.3343	0.365	2
57323.36655631	-33140.9532	0.351	2
57323.36916033	-33142.2506	0.399	2
57323.37192637	-33140.8238	0.403	2
57323.3743915	-33139.6342	0.351	2
57323.37701866	-33139.3026	0.335	2
57323.37958795	-33139.6524	0.327	2
57323.38389326	-33138.4046	0.316	2
57323.38640468	-33138.1297	0.332	2
57323.38908971	-33139.5083	0.361	2
57323.39162428	-33137.9324	0.369	2
57323.39432088	-33138.749	0.336	2
57323.39691332	-33137.7122	0.342	2
57323.39950577	-33139.1845	0.365	2
57323.40194775	-33137.9054	0.438	2
57323.40472537	-33137.7023	0.435	2
57323.40734095	-33137.3888	0.367	2
57323.4098871	-33137.4842	0.336	2
57323.41245639	-33137.4373	0.331	2
57323.41507198	-33137.1537	0.349	2
57323.41766442	-33138.0641	0.355	2
57323.42026843	-33137.0003	0.351	2
57323.42288402	-33135.451	0.33	2
57323.42547646	-33137.0458	0.334	2
57323.42808047	-33134.7749	0.328	2
57323.43067291	-33136.6199	0.321	2
57323.43325378	-33135.7881	0.33	2
57323.43586937	-33136.1299	0.311	2
57323.43846181	-33136.109	0.308	2
57323.44105425	-33135.7775	0.315	2
57323.44364669	-33133.9109	0.324	2
57323.44628542	-33133.7283	0.321	2
57323.44887786	-33133.2809	0.319	2
57323.4514703	-33133.5772	0.31	2
57323.45405117	-33132.2745	0.311	2
57323.4566899	-33133.1734	0.324	2
57323.4592592	-33132.7228	0.311	2
57323.46186321	-33132.5619	0.32	2
57323.46446722	-33133.5642	0.319	2
57323.46702494	-33132.1783	0.314	2
57323.4696521	-33133.9706	0.328	2
57323.47226769	-33133.7577	0.354	2
57323.4748717	-33132.8066	0.36	2
57323.47741785	-33133.4453	0.358	2
57323.48010288	-33130.6387	0.362	2
57323.48268374	-33133.4182	0.338	2
57323.48528776	-33130.9633	0.415	2
57323.48798436	-33132.0377	0.36	2
57323.49046106	-33132.8299	0.334	2
57323.49297249	-33131.9709	0.359	2
57323.49572696	-33131.2334	0.451	2
57323.49829625	-33130.7031	0.42	2
57323.50091184	-33129.8297	0.434	2
57323.5034927	-33129.763	0.449	2
57323.50620088	-33130.6716	0.499	2
57323.50880489	-33129.5121	0.495	2
57323.51133946	-33129.7732	0.479	2
57323.51552903	-33128.8659	0.501	2
57323.51814462	-33129.9824	0.49	2
57323.52071391	-33128.7151	0.506	2
57323.5233295	-33129.5443	0.478	2
57323.52592194	-33130.0564	0.493	2
57323.52857224	-33127.8756	0.469	2
57323.53114154	-33128.2306	0.445	2
57323.53373398	-33126.4233	0.42	2
57323.53631484	-33127.0277	0.405	2
57323.53893043	-33125.7324	0.401	2
57323.5415113	-33127.1105	0.401	2
57323.54415003	-33125.5011	0.42	2
57323.54671932	-33125.7075	0.418	2
57323.54936963	-33124.5328	0.409	2
57323.55198522	-33124.0008	0.362	2
57323.55457766	-33125.4481	0.366	2
57674.32749507	-33152.6828	0.347	2
57674.33013386	-33154.0313	0.328	2
57674.33283051	-33153.6698	0.348	2
57674.33529569	-33154.1619	0.338	2
57674.33791132	-33154.1583	0.301	2
57674.34053853	-33153.3881	0.286	2
57674.34318889	-33154.013	0.292	2
57674.34573508	-33151.6003	0.333	2
57674.34838544	-33152.1865	0.314	2
57674.35083905	-33151.4133	0.34	2
57674.35358199	-33152.846	0.318	2
57674.35617448	-33151.9256	0.309	2
57674.35883641	-33152.0314	0.314	2
57674.36139418	-33153.434	0.308	2
57674.36396352	-33151.2784	0.297	2
57674.3666023	-33152.6462	0.307	2
57674.36918322	-33152.2228	0.289	2
57674.371822	-33151.8719	0.3	2
57674.3743682	-33152.1749	0.281	2
57674.37705327	-33152.1503	0.276	2
57674.37962261	-33151.1766	0.265	2
57674.38224982	-33149.9722	0.294	2
57674.38480759	-33149.4058	0.291	2
57674.38741165	-33149.1161	0.288	2
57674.389981	-33150.5132	0.298	2
57674.39251562	-33149.6994	0.302	2
57674.39535115	-33151.1418	0.294	2
57674.39788577	-33150.2792	0.27	2
57674.40043197	-33150.2819	0.282	2
57674.40308232	-33150.2586	0.312	2
57674.40567481	-33149.8335	0.322	2
57674.40812842	-33149.6161	0.303	2
57674.41081349	-33150.7216	0.361	2
57674.413487	-33149.5681	0.295	2
57674.41606791	-33148.7454	0.317	2
57674.41849837	-33150.0478	0.346	2
57674.42132233	-33148.7029	0.392	2
57674.42389167	-33149.1473	0.345	2
57674.48379667	-33141.6352	0.364	2
57674.48664378	-33143.4578	0.342	2
57674.48908581	-33143.0858	0.293	2
57674.49170145	-33141.4367	0.324	2
57674.49422449	-33142.5236	0.382	2
57674.49688642	-33142.9037	0.279	2
57674.49950206	-33142.0877	0.287	2
57674.50208297	-33142.1544	0.284	2
57674.50468703	-33142.0889	0.294	2
57674.50723323	-33141.4036	0.274	2
57674.50998775	-33143.0245	0.328	2
57674.51261496	-33141.1342	0.326	2
57674.51502227	-33140.9865	0.295	2
57674.51767262	-33141.6719	0.297	2
57674.52024196	-33139.8954	0.343	2
57674.52301963	-33142.4767	0.317	2
57674.52546166	-33138.0259	0.293	2
57674.52829719	-33141.9626	0.33	2
57674.53066978	-33139.4119	0.36	2
57674.53326227	-33140.545	0.329	2
57674.53598207	-33138.4487	0.339	2
57674.53855141	-33139.6466	0.411	2
57674.54124806	-33140.3563	0.401	2
57674.54369009	-33138.0751	0.369	2
57674.54625943	-33139.5329	0.402	2
57961.53556592	-33189.4866	0.38	2
57961.53818184	-33188.49	0.404	2
57961.54076304	-33190.0409	0.396	2
57961.54337895	-33188.7083	0.389	2
57961.5458907	-33189.4755	0.408	2
57961.54858764	-33188.8486	0.439	2
57961.55120356	-33189.5817	0.415	2
57961.5538079	-33188.7343	0.412	2
57961.55640067	-33189.1064	0.401	2
57961.55900501	-33188.2888	0.43	2
57961.56162093	-33189.5097	0.421	2
57961.56414425	-33188.3475	0.393	2
57961.56679489	-33188.463	0.414	2
57961.56936451	-33187.2534	0.392	2
57961.57200358	-33188.5929	0.403	2
57961.57456162	-33185.8883	0.38	2
57961.57721226	-33187.0399	0.377	2
57961.57982818	-33186.0881	0.387	2
57961.58243252	-33186.2462	0.415	2
57961.58506002	-33187.0629	0.415	2
57961.58764121	-33185.0293	0.399	2
57961.59028028	-33186.5901	0.411	2
57961.59293092	-33184.535	0.434	2
57961.59550054	-33186.835	0.452	2
57961.59805858	-33184.5698	0.456	2
57961.60070922	-33185.1013	0.455	2
57961.60333672	-33186.7305	0.462	2
57961.60592949	-33185.0624	0.441	2
57961.60851068	-33184.2911	0.458	2
57961.61111502	-33184.8241	0.464	2
57961.61367307	-33185.4411	0.448	2
57961.61626583	-33184.9185	0.491	2
57961.6189049	-33184.5994	0.474	2
57961.62157869	-33185.5759	0.4	2
57961.62412516	-33184.1622	0.361	2
57961.62675265	-33185.8617	0.355	2
57961.62929912	-33184.8237	0.383	2
57961.63181087	-33184.5291	0.463	2
57961.63456568	-33184.3313	0.455	2
57961.6371816	-33185.6349	0.415	2
57961.63968177	-33184.425	0.424	2
57961.64235556	-33184.2905	0.446	2
57961.64506408	-33182.829	0.46	2
57961.64764527	-33182.5356	0.483	2
57961.65012229	-33183.214	0.433	2
57961.65284238	-33182.492	0.476	2
57961.65556247	-33181.2907	0.389	2
57961.65807422	-33182.2499	0.374	2
57961.66069014	-33181.0906	0.406	2
57961.6633292	-33181.7933	0.404	2
57961.66597984	-33181.1075	0.427	2
57961.66853789	-33182.5348	0.452	2
57961.67122325	-33181.5237	0.42	2
57961.67372342	-33181.331	0.402	2
57961.67628147	-33181.0317	0.395	2
57961.67893211	-33181.909	0.398	2
57961.68152488	-33179.5893	0.371	2
57961.6840945	-33181.341	0.404	2
57961.68675671	-33181.1654	0.433	2
57961.6894768	-33182.3059	0.482	2
57961.6919191	-33181.6777	0.532	2
57961.69441927	-33181.7111	0.538	2
57961.69712778	-33181.3142	0.456	2
57961.69984788	-33182.42	0.593	2
57961.70239434	-33182.1449	0.566	2
57961.70506814	-33181.644	0.592	2
57961.7076146	-33180.8418	0.488	2
57961.71016107	-33180.2689	0.514	2
57961.71290431	-33180.9267	0.579	2
57961.71527716	-33180.1288	0.736	2
57961.71817087	-33179.1502	0.566	2
57961.72072892	-33182.1781	0.655	2
57961.72309019	-33177.5985	0.445	2
57961.72599548	-33182.5801	0.603	2
57961.72853037	-33177.674	0.409	2
57961.73105369	-33178.9681	0.438	2
57961.73358858	-33179.2613	0.507	2
57961.73632025	-33178.8197	0.781	2
57962.52439402	-33118.5022	0.351	2
57962.52697521	-33115.8204	0.357	2
57962.52961428	-33117.4813	0.38	2
57962.53219547	-33116.153	0.359	2
57962.53474193	-33116.4287	0.364	2
57962.53736942	-33116.2878	0.357	2
57962.53999691	-33115.4139	0.34	2
57962.54253181	-33116.6573	0.358	2
57962.54518245	-33114.7153	0.383	2
57962.54778679	-33115.3588	0.374	2
57962.5504027	-33116.4933	0.387	2
57962.55301862	-33115.0904	0.384	2
57962.55558823	-33116.128	0.344	2
57962.55821572	-33115.7377	0.335	2
57962.56082006	-33115.5248	0.34	2
57962.56343598	-33113.9253	0.328	2
57962.56598245	-33114.0943	0.331	2
57962.56866781	-33113.6765	0.338	2
57962.5712027	-33113.4117	0.348	2
57962.57378389	-33114.6053	0.346	2
57962.57648083	-33112.9167	0.35	2
57962.57903887	-33112.892	0.361	2
57962.58163164	-33112.5362	0.368	2
57962.58428228	-33113.3974	0.362	2
57962.58690977	-33112.524	0.318	2
57962.58951411	-33112.0017	0.303	2
57962.59213002	-33112.0331	0.321	2
57962.59465334	-33113.298	0.312	2
57962.59728083	-33112.0375	0.345	2
57962.59988517	-33112.7642	0.339	2
57962.60254739	-33111.3356	0.354	2
57962.605117	-33113.0514	0.363	2
57962.60776764	-33110.162	0.375	2
57962.61036041	-33111.7504	0.343	2
57962.61291845	-33111.5138	0.332	2
57962.61547649	-33109.0679	0.36	2
57962.61816185	-33110.7756	0.388	2
57962.62074304	-33109.7993	0.38	2
57962.62345156	-33110.073	0.379	2
57962.62594015	-33108.7635	0.378	2
57962.62855607	-33110.632	0.38	2
57962.6312993	-33108.945	0.385	2
57962.63382262	-33110.167	0.365	2
57962.63648483	-33110.43	0.4	2
57962.63910075	-33110.7768	0.415	2
57962.64170509	-33108.5701	0.367	2
57962.64430943	-33110.1561	0.349	2
57962.64691377	-33107.3298	0.365	2
57962.64959914	-33108.7137	0.379	2
57962.652053	-33107.7544	0.373	2
57962.65471522	-33108.9099	0.459	2
57962.65744688	-33108.5286	0.389	2
57962.6598776	-33108.1315	0.359	2
57962.66251666	-33109.8363	0.329	2
57962.66522518	-33108.12	0.354	2
57962.66779479	-33108.0792	0.329	2
57962.67036441	-33106.6195	0.318	2
57962.6729919	-33108.586	0.35	2
57962.67553836	-33107.9349	0.425	2
57962.67822373	-33107.149	0.406	2
57962.68078177	-33107.4646	0.389	2
57962.68332824	-33107.1825	0.388	2
57962.68603675	-33105.4525	0.393	2
57962.68859479	-33106.9277	0.371	2
57962.6912107	-33105.6302	0.397	2
57962.6937456	-33106.5192	0.406	2
57962.69640781	-33105.7252	0.38	2
57962.69902373	-33104.6722	0.351	2
57962.70158177	-33105.5016	0.362	2
57962.70419768	-33103.3229	0.387	2
57962.7068136	-33106.1011	0.389	2
57962.70937164	-33104.0978	0.371	2
57962.712057	-33107.383	0.467	2
57962.71462662	-33106.5437	0.504	2
57962.71730041	-33105.5414	0.406	2
57962.7198816	-33105.023	0.373	2
57962.72245121	-33105.3158	0.347	2
57962.72504398	-33103.5666	0.336	2
57962.72767147	-33106.6926	0.372	2
57962.73027581	-33103.0568	0.357	2
57962.73293802	-33105.0777	0.354	2
57691.31488742	-33145.7678	0.407	2
57691.31750299	-33144.9514	0.377	2
57691.32013015	-33145.0751	0.398	2
57691.32272258	-33144.9469	0.394	2
57691.32533816	-33146.6636	0.392	2
57691.32797688	-33143.9952	0.41	2
57691.33062718	-33146.4877	0.46	2
57691.33316175	-33145.0159	0.399	2
57691.33573103	-33145.8967	0.408	2
57691.33819616	-33145.576	0.46	2
57691.3410432	-33143.8085	0.473	2
57691.34364721	-33146.0788	0.456	2
57691.34627436	-33147.3219	0.503	2
57691.3488205	-33145.6903	0.584	2
57691.35140135	-33146.1484	0.583	2
57691.35402851	-33145.5312	0.587	2
57691.35660937	-33144.2624	0.546	2
57691.35921337	-33147.3108	0.476	2
57691.3618058	-33144.0658	0.48	2
57691.36443295	-33144.8108	0.474	2
57691.36694437	-33143.6202	0.473	2
57691.36964096	-33143.0102	0.502	2
57691.37221025	-33142.8256	0.527	2
57691.37490684	-33142.6869	0.492	2
57691.37733725	-33142.899	0.461	2
57691.38006856	-33143.6956	0.43	2
57691.38273043	-33139.8998	0.462	2
57691.385265	-33141.5366	0.435	2
57691.38789215	-33139.4753	0.438	2
57691.39056559	-33140.5638	0.409	2
57691.39310016	-33139.2074	0.399	2
57691.3956463	-33139.8642	0.425	2
57691.39822715	-33138.0914	0.416	2
57691.40100476	-33139.6803	0.441	2
57691.40345831	-33138.6917	0.468	2
57691.4062012	-33140.4692	0.474	2
57691.40871261	-33138.9169	0.433	2
57691.41132819	-33140.3521	0.471	2
57691.41401321	-33138.4057	0.474	2
57691.41654778	-33137.5474	0.431	2
57691.47995819	-33136.0008	0.454	2
57691.48206454	-33135.0549	0.562	2
57691.49258472	-33134.8915	0.342	2
57691.49439016	-33134.5262	0.694	2
57691.50138047	-33133.1925	0.394	2
57691.50368357	-33132.8446	0.461	2
57691.50846336	-33132.3736	0.416	2
57691.5106623	-33133.9033	0.597	2
57691.51620593	-33132.2913	0.482	2
57691.51832386	-33133.769	0.523	2
57691.52360131	-33132.6499	0.503	2
57691.52617059	-33131.5675	0.451	2
57691.53046431	-33129.9473	0.416	2
57691.53297572	-33130.8431	0.422	2
57691.53818373	-33130.8314	0.372	2
57691.54070672	-33130.626	0.387	2
57691.54483841	-33130.9201	0.43	2
57691.54731511	-33129.0239	0.485	2
57691.55003485	-33131.8797	0.612	2
57695.31811398	-33167.396	0.266	2
57695.32061381	-33165.8444	0.284	2
57695.32329882	-33167.821	0.286	2
57695.32589124	-33166.9476	0.279	2
57695.32841422	-33169.627	0.336	2
57695.33107608	-33166.6322	0.279	2
57695.33361064	-33166.555	0.257	2
57695.33626092	-33166.9976	0.295	2
57695.3388302	-33165.195	0.302	2
57695.34150363	-33163.2875	0.277	2
57695.34396874	-33165.5532	0.293	2
57695.34649172	-33163.0534	0.313	2
57695.34921145	-33166.7292	0.316	2
57695.35188488	-33163.9788	0.284	2
57695.35446573	-33163.8414	0.267	2
57695.35704658	-33164.0141	0.261	2
57695.3595927	-33162.8956	0.265	2
57695.36231243	-33163.4058	0.27	2
57695.36471968	-33163.9323	0.294	2
57695.36742783	-33163.1774	0.35	2
57695.37002025	-33163.1418	0.299	2
57695.37254323	-33163.753	0.282	2
57695.37532082	-33162.3883	0.346	2
57695.37783223	-33163.0668	0.283	2
57695.38026262	-33161.5553	0.395	2
57695.3830055	-33161.3067	0.317	2
57695.38574837	-33162.6462	0.289	2
57695.38822506	-33161.8931	0.276	2
57695.39089849	-33160.2034	0.262	2
57695.39339832	-33162.6103	0.265	2
57695.39601389	-33159.2085	0.285	2
57695.3986989	-33162.0278	0.28	2
57695.40122188	-33160.9326	0.286	2
57695.40380272	-33161.3267	0.299	2
57695.40638357	-33162.4411	0.35	2
57695.40916116	-33161.3816	0.31	2
57695.41163785	-33161.1552	0.365	2
57695.41431128	-33160.7728	0.307	2
57695.41679954	-33159.0435	0.322	2
57695.41942668	-33159.9658	0.347	2
57695.42193809	-33159.8057	0.342	2
57695.42477355	-33159.522	0.421	2
57695.4273081	-33158.506	0.44	2
57695.42988895	-33159.4568	0.516	2
57695.43240036	-33158.4958	0.383	2
