# level assignment, log likelihood, tiebreaker, ID.
0 -37716144.7535 0.153923204291 2
0 -8138613.61004 0.363520444805 1
0 -5206372.82249 0.893211772785 4
0 -6553591.2511 0.868982091427 6
1 -1914541.80426 0.386198240077 4
0 -9819134.63935 0.205622439139 2
0 -12716438.4178 0.265169310626 1
0 -15431639.6283 0.649714253471 2
1 -4633067.90817 0.75610674409 2
2 -2149962.81094 0.786710362937 4
0 -7984623.99309 0.957677096289 4
1 -6480130.97576 0.925170298397 1
0 -27048673.7856 0.313356815364 3
0 -2826117.19825 0.885783842051 4
1 -4917726.14813 0.564426826588 1
2 -1762062.9143 0.393329683798 7
2 -2300404.98027 0.00779111966131 1
2 -985863.097782 0.700712013415 0
1 -6537411.61376 0.717126177893 7
1 -3888338.00356 0.473832692918 5
0 -8032473.12476 0.553230930046 2
1 -3324190.57417 0.0220299987127 7
2 -1637784.07886 0.807314783738 3
0 -48297601.5539 0.229546529047 0
3 -1490931.8368 0.665025772575 7
3 -1618869.81858 0.941287083984 3
3 -1651805.96289 0.465060149666 1
2 -958768.881922 0.546768955326 1
1 -1496018.13357 0.128655526046 7
1 -2444797.35418 0.00385318108136 5
3 -1200849.82842 0.304063241612 3
3 -1484512.87671 0.36371862479 6
5 -561897.041077 0.202324375525 2
4 -719987.313878 0.072404390643 1
5 -557266.99585 0.982460269322 6
4 -527941.754993 0.55231019223 5
5 -369305.113882 0.0165230408669 0
4 -825150.878147 0.507166604754 2
5 -533144.650514 0.371200282752 3
1 -1760078.51102 0.107624693114 3
2 -1916342.28641 0.624623271074 2
4 -227446.522095 0.319773431707 5
6 -209598.442624 0.256287465093 0
2 -3305307.18761 0.782275393831 7
6 -152206.847283 0.890740531745 4
2 -2037082.06334 0.834688273928 0
0 -20146392.6981 0.592359832386 3
2 -2270051.34213 0.750834235644 7
1 -5147925.40195 0.14593846496 5
6 -158617.390441 0.133481208237 0
1 -2923940.6043 0.954575721508 3
2 -774981.56148 0.492185767393 1
5 -51772.7764392 0.0699483932224 0
1 -3526083.15265 0.37242944936 2
2 -1998313.28686 0.525504861175 7
0 -5417199.32608 0.402986887401 2
6 -128290.416789 0.377868414146 3
1 -5849918.85323 0.0714863803385 3
5 -88740.277485 0.528705025256 5
6 -282408.046164 0.0410134873094 2
6 -223885.304979 0.608606600402 7
1 -6081508.18489 0.256642607898 1
6 -121052.120052 0.0419288893903 2
0 -4148249.28251 0.049058943342 5
6 -196879.901014 0.507543869109 0
5 -546318.15444 0.861369403298 4
2 -1423791.8391 0.209751789375 5
6 -208992.792895 0.62327712205 5
0 -4298087.61722 0.162915067809 1
8 -86120.1341632 0.0385685285169 4
2 -1041951.51142 0.585739533198 5
5 -388502.878438 0.429287423546 4
6 -133771.306935 0.510526450033 5
8 -106991.936968 0.830172788525 6
8 -35723.4691402 0.021449550151 0
1 -3892463.9233 0.95539744731 4
1 -5352098.42129 0.338579835174 4
8 -74784.7461852 0.903350771874 6
2 -1850962.62396 0.00956639049054 7
7 -147699.770267 0.141991761247 4
6 -112842.483577 0.33594911054 4
2 -2784941.67463 0.114600025195 6
9 -27300.2659588 0.488146362514 6
6 -289198.108906 0.982599408309 7
2 -2567962.33843 0.0708320798918 6
2 -2929073.63119 0.917855562847 1
5 -537210.829541 0.243753870868 2
9 -70225.3260565 0.683725824348 7
6 -247624.090692 0.976907951735 1
1 -5000706.17482 0.172405395308 5
1 -3037409.01941 0.614888051089 4
6 -224504.215731 0.0020385406156 4
7 -163970.393889 0.45033532886 2
7 -23063.4610756 0.531581612871 6
4 -424787.932555 0.460643167653 4
4 -487186.303413 0.542155658282 0
7 -163980.949133 0.58845863918 3
5 -561305.035155 0.669529167904 2
7 -127595.120186 0.383212767457 1
6 -45708.9934034 0.540655336636 6
5 -510035.195724 0.599620702781 2
3 -1288599.4305 0.0043679224095 4
5 -525763.933612 0.509617460418 5
10 -49940.1698252 0.146606594751 1
5 -211920.924382 0.382896720919 4
7 -178522.253536 0.238482907212 1
7 -81637.8357271 0.773445311577 3
10 -46306.1094774 0.0255718626915 7
0 -16334371.0919 0.667081477077 6
6 -307426.625238 0.85455397477 1
2 -2311751.71087 0.851079020636 2
2 -1073068.37056 0.0051532569305 1
5 -378815.428502 0.0979607006432 3
2 -2200671.16145 0.417800634836 7
5 -399742.119676 0.698234280915 0
5 -143326.143095 0.54519860646 7
11 -36444.0802182 0.156700689652 3
11 -33882.5362758 0.663438347338 5
6 -212485.187032 0.924306058215 0
0 -2250980.87915 0.298161081664 4
10 -28613.7147206 0.0155831340565 1
3 -1346585.38105 0.351128718775 4
7 -120948.061896 0.146745786544 2
6 -215492.131448 0.997682172192 0
7 -145380.793774 0.729165990796 4
4 -302853.382496 0.915711065194 3
9 -62699.8420164 0.418066215582 0
7 -138795.71522 0.818763425875 7
11 -21591.9015573 0.584382260966 6
1 -3605187.45929 0.430690488129 3
6 -302590.440156 0.961482445582 7
10 -50806.2763855 0.590269146695 2
10 -27211.4057974 0.267138686663 4
4 -496753.916428 0.396290624991 2
1 -6543698.75371 0.596170869999 6
1 -6345521.07118 0.493973006418 6
11 -23513.6367017 0.413561695044 7
2 -2507144.67194 0.445413083611 4
12 -28358.040708 0.650805217161 7
0 -62873435.3939 0.198372823642 6
2 -1069810.99841 0.120744445348 3
0 -26595838.0334 0.804378599118 6
2 -436970.549047 0.807109999772 7
8 -117853.509107 0.150341343033 7
3 -1028506.15038 0.643749081279 2
0 -19315077.8866 0.00155821432897 2
1 -1369463.3329 0.0531120952718 2
0 -7077538.12771 0.171894815906 6
12 -23107.8682552 0.648457167827 2
6 -258991.204573 0.424127222974 6
11 -11368.4203333 0.213747337148 3
4 -744717.041322 0.0803479157291 6
2 -3221898.06059 0.698559354966 5
6 -211466.42374 0.481350536187 3
4 -875973.07338 0.587803015107 1
13 -18082.5015742 0.91178346003 5
6 -272719.150324 0.159799135253 1
2 -2685790.28447 0.962854453572 6
11 -28319.6880634 0.153496103303 7
2 -3006453.73942 0.503882290874 3
0 -16324168.0565 0.613526026621 1
1 -4872107.22328 0.712716631008 7
0 -15473780.186 0.936417337073 6
7 -80703.6448142 0.213173123317 0
11 -38313.8934887 0.385048792233 3
11 -40914.0188131 0.93666938381 3
2 -2044123.02484 0.393150084018 7
8 -109701.662034 0.024180129241 7
2 -2312201.35363 0.600011635349 7
13 -22218.4429237 0.541946905471 6
3 -425897.699356 0.652678843229 1
3 -1517835.60036 0.594575736804 3
13 -13817.3324972 0.43872548554 2
13 -14777.2143371 0.697219148281 4
14 -14031.6414996 0.258160983966 4
7 -154326.235046 0.22977458528 3
9 -59632.9269039 0.798323674263 5
6 -198644.189523 0.257182378624 1
7 -93756.6650994 0.654795966269 3
10 -34067.2457441 0.681052874568 5
5 -473792.684959 0.858045113073 0
3 -849288.027279 0.701090834023 0
6 -239691.29224 0.096620582706 6
7 -155520.800457 0.154404890423 0
14 -16485.2351758 0.659779451834 5
10 -46743.3330095 0.517853389321 4
13 -15605.5977679 0.601007858189 5
0 -2820335.93515 0.785848439821 7
15 -12036.456319 0.461849249668 5
11 -35966.0399195 0.649796546319 6
9 -52102.9958424 0.216966519949 3
14 -6768.00953446 0.0154338577422 4
3 -828296.627303 0.82572364083 7
2 -2526929.78313 0.151888432243 6
7 -179972.996994 0.753848729987 4
13 -14327.5572205 0.322811886963 3
10 -46592.9066619 0.535757305027 0
14 -9202.66603589 0.911876250179 1
15 -9789.83786186 0.487420580995 5
5 -378369.963847 0.149921997121 7
5 -498380.494259 0.365042075021 6
15 -11494.5271218 0.777149521674 5
10 -44437.4986499 0.708706307989 5
15 -5960.93195031 0.185791816715 6
5 -203446.965273 0.439894632028 1
3 -1569311.42434 0.179234100399 5
4 -601008.170165 0.774121495073 5
7 -98331.8122948 0.729345628974 6
5 -248771.008658 0.311874436759 2
11 -28749.0949688 0.222482249804 4
0 -13750010.15 0.0824658258724 4
10 -18468.2943567 0.633720832198 0
13 -14661.7489307 0.127984859563 0
8 -87826.7096508 0.00233169845956 5
14 -16240.2109452 0.582345791743 3
1 -3094684.54288 0.00615754950265 6
8 -87727.6788269 0.0396368579007 0
1 -4082388.91257 0.439734692254 6
8 -71856.7337487 0.0591304327894 7
9 -76557.9245316 0.610730639696 6
7 -129271.213673 0.0996153181313 0
5 -552588.662934 0.322160687328 1
7 -84978.5489657 0.212217208163 4
3 -1046980.8187 0.268778407937 4
15 -10258.6132443 0.794198583327 5
4 -600611.485143 0.394366233867 7
15 -7740.13593871 0.189510329448 5
12 -16773.81675 0.173507698524 1
4 -446179.682507 0.669743130369 0
14 -15803.4437397 0.278111991283 1
12 -24663.2476468 0.384630992168 4
11 -26570.2826229 0.661843941887 7
4 -990257.064126 0.906478710528 2
15 -10517.6479949 0.85078343385 5
4 -160604.255477 0.0845826552857 0
10 -47082.1236867 0.551305795463 2
16 -6275.62781182 0.543073632623 5
16 -5054.19336937 0.771409212846 1
12 -27103.5400021 0.967513380333 6
9 -55550.1086544 0.838663111371 0
9 -53474.6232279 0.421500298359 1
8 -106420.357158 0.160393359919 1
17 -6880.76998966 0.152759523212 4
12 -19079.6765369 0.546071306227 7
3 -1488846.64424 0.532317397896 3
17 -4531.25186574 0.138774201263 4
7 -188083.723977 0.436723654763 5
11 -14644.4824662 0.119272832375 7
16 -5562.30439269 0.855176624683 1
2 -3248470.36536 0.607313055922 0
0 -10829067.9395 0.36877495438 7
5 -260828.925301 0.581506507488 1
14 -13555.3551902 0.784325499784 3
13 -20436.694065 0.455100533054 4
16 -9022.18114557 0.688410618073 3
5 -540143.479259 0.783274348886 0
15 -7465.30684723 0.245978877871 2
1 -6197972.50523 0.0374968703336 0
18 -4735.89591014 0.839771387222 6
16 -6114.71417107 0.590211390409 3
5 -376665.398069 0.0947240466335 0
15 -9844.26804648 0.0942190703429 6
16 -8333.21121906 0.801915113344 3
6 -52254.5707334 0.225962775663 2
11 -26474.8751127 0.719058408258 3
10 -47269.5719579 0.522122740967 2
8 -54675.5983311 0.24522773289 0
3 -1672148.18294 0.904369480829 5
5 -133738.413314 0.743407099788 7
1 -3934881.34173 0.552438026579 0
1 -5717030.11754 0.570045008121 4
3 -706181.42865 0.153455150608 6
11 -33707.5663508 0.153665297046 2
18 -5002.78225188 0.529550043941 1
3 -1711715.10424 0.793360437559 2
8 -101853.109926 0.24557112958 5
18 -4371.7161567 0.690150264598 1
6 -150048.112148 0.0664465634325 6
16 -7335.14231853 0.796410004303 7
11 -39178.2855487 0.954634970602 3
18 -2574.31276275 0.490760968229 5
12 -26780.5874135 0.793759296237 2
17 -5137.70458327 0.431486631837 7
8 -87328.2937276 0.271972156809 0
5 -436529.578905 0.663415137318 6
10 -33799.608428 0.671008618999 2
15 -10361.0640422 0.577980818823 1
13 -18255.8950781 0.412059914732 4
15 -9860.74866276 0.426418287401 2
19 -3746.05135695 0.150935534464 3
6 -82992.7629066 0.0284902340467 6
18 -2577.65236564 0.688450040944 5
16 -6799.30168228 0.268949782984 3
14 -10187.9942271 0.34623706362 5
5 -437181.896743 0.226240920967 7
17 -6158.03868332 0.391738973703 5
18 -4402.66204883 0.628681987935 5
5 -468961.812831 0.703189072078 3
7 -81091.2832812 0.0558697442529 4
19 -3540.67155583 0.464383956397 1
15 -10906.7908865 0.980741080052 7
13 -14237.1375718 0.190745024823 3
12 -29717.4578144 0.823047253165 1
0 -9826110.87809 0.0806482642213 7
18 -5115.45492794 0.322767355859 5
19 -3945.11281336 0.642813127219 5
6 -215468.521304 0.11349551878 0
19 -4424.77334944 0.124045071133 6
17 -5589.97035823 0.150942772793 4
12 -19551.0362615 0.77806692086 6
17 -6500.03030559 0.60522803072 7
2 -499497.471059 0.55690139029 5
16 -8356.73799045 0.254470949528 4
19 -3205.08781852 0.83803162044 6
1 -675362.393804 0.233109585297 3
8 -117696.060518 0.564548629499 2
7 -66931.5778493 0.517162789114 1
19 -4036.20004097 0.986199813484 2
2 -3060395.52374 0.845850124512 5
3 -1324028.84291 0.527732700412 1
5 -248019.028285 0.931066382888 0
9 -65226.1974062 0.345387384199 5
13 -17697.0166893 0.295893041275 2
19 -3877.28285918 0.0969000037771 2
13 -19079.2636069 0.560644464995 2
11 -30299.1038373 0.861047372205 4
0 -5848334.27281 0.894261252781 3
13 -19901.144984 0.102944067411 6
20 -3127.67470887 0.922758547504 2
7 -135930.371661 0.526169432637 4
20 -3132.08101844 0.749102143764 7
11 -32743.9938992 0.845919337174 1
18 -3966.92116529 0.491234760972 0
16 -7093.57948765 0.350778052362 0
6 -163428.962089 0.759395372865 1
15 -10899.2015686 0.202100462416 0
20 -3003.47914788 0.104258722544 0
7 -104504.968751 0.97925420759 5
1 -2401611.26696 0.961207187543 1
11 -28834.5611329 0.754372145794 6
10 -52997.7882126 0.382854734221 3
16 -8520.65004834 0.298758439639 7
10 -35361.4750592 0.807616992711 7
15 -11345.2931721 0.020863994364 6
9 -58995.7600549 0.342571485149 5
1 -1087308.12203 0.964910847748 4
11 -18261.6880068 0.595917005509 5
19 -2696.85668848 0.511916410728 2
0 -23612183.0224 0.526950117137 3
2 -2620907.22917 0.804316261573 0
4 -595662.325126 0.877949603333 0
14 -8501.97784419 0.809416988252 5
7 -185567.611337 0.120527089839 6
17 -6570.88399117 0.304072993143 3
7 -183876.075684 0.938400169109 0
13 -20674.2977739 0.508160090188 7
14 -15206.2916537 0.327517777064 0
11 -33515.663224 0.543483381914 6
1 -1060948.34762 0.302048451386 1
9 -41832.5655928 0.926120259829 4
15 -10045.140274 0.715106550036 6
16 -9037.04464727 0.259709824289 0
13 -20042.0265836 0.971631851741 4
14 -12532.7289758 0.7507002248 2
19 -3293.39311705 0.349007419395 6
21 -2710.33021372 0.475743693784 3
7 -68277.6139635 0.346756494188 5
10 -50312.0192162 0.818983063216 5
16 -8283.65016991 0.757363960836 0
13 -22654.7593797 0.877650748025 5
4 -728454.517686 0.240309664039 1
18 -3649.49823094 0.858081514664 4
15 -12268.9854487 0.410747782544 2
5 -480292.73967 0.0531560246616 3
13 -17254.0588856 0.948367624405 7
9 -68634.1457839 0.789330692409 5
6 -266187.644854 0.13686238988 0
13 -8244.91881598 0.972582575493 2
22 -2555.91418931 0.146812618524 4
7 -124203.74386 0.779084386222 5
10 -51476.3591017 0.483972784967 5
18 -5709.84277734 0.23687811366 5
20 -2928.84873138 0.567579908544 5
13 -19051.1936476 0.94305795202 4
13 -21819.2176354 0.401424465659 4
13 -17378.5007815 0.228046144606 7
10 -32427.8893174 0.792635486576 0
12 -26343.4517235 0.205672568507 2
22 -2452.72109314 0.0308769433139 3
21 -2897.76928159 0.587658199877 3
10 -32476.4367081 0.838443743235 5
0 -10301102.5551 0.636747983829 2
17 -5008.51463718 0.462286018985 4
10 -53930.9878118 0.539058985465 3
7 -111953.803746 0.567242607623 6
19 -4001.69925514 0.317150340561 5
20 -3367.16717974 0.563484893544 1
8 -79579.4269624 0.661993453632 3
4 -780419.298741 0.189611848639 4
16 -8950.53569292 0.357553315833 1
14 -10702.2602691 0.415000882107 2
12 -27449.8894625 0.786862587305 5
1 -686558.876293 0.0848405209393 6
16 -8894.44340353 0.374551336538 5
0 -29770158.5414 0.215846658793 4
23 -2219.32025633 0.598104715707 3
16 -5911.20172503 0.61939680895 5
0 -2843045.59707 0.226155300675 7
14 -14176.1988542 0.270110145146 2
3 -1351909.12656 0.664042773711 1
18 -5720.51886063 0.218986844416 5
18 -2524.1737345 0.149835886856 0
23 -1713.35063228 0.300565157336 0
23 -2221.29406464 0.163641053734 0
2 -3270020.43649 0.256464030663 4
21 -2836.07829629 0.793138051967 2
13 -21538.64249 0.185384251036 4
23 -2133.24684811 0.80767037292 7
16 -5689.34486602 0.506314495215 4
2 -2863621.92777 0.307435897374 1
11 -36961.5884728 0.807843659796 3
22 -2496.57405099 0.0907184371686 3
17 -6288.37328715 0.714490985671 7
23 -1831.31184404 0.577220572885 4
11 -38636.1213466 0.891899355649 1
7 -148212.046491 0.657043879077 5
12 -27297.1712361 0.831788298362 2
19 -4057.80285094 0.742111087486 6
19 -3492.82382819 0.257274605388 0
21 -3075.18699012 0.674602962738 3
8 -41787.4474366 0.6761044919 1
18 -3301.63567812 0.313019522556 3
22 -2641.32078682 0.0662808035233 6
18 -4859.82029581 0.0126999381483 3
16 -6808.26145474 0.37442691368 5
5 -466221.387637 0.0659177663041 1
22 -2215.80318795 0.442128743203 4
14 -13927.9733655 0.0725763634927 5
6 -120184.287359 0.0779367037298 6
4 -951012.892691 0.188769413359 6
0 -20095923.417 0.68603753177 6
11 -20923.6012419 0.84476823315 4
5 -428345.050055 0.764998494344 2
21 -3123.83598784 0.954502289753 5
7 -139831.300494 0.50779744983 4
22 -2192.89854547 0.578536933126 5
10 -31126.7746081 0.476539092573 2
19 -4492.25359537 0.75929035047 7
10 -41879.9526697 0.69269858806 1
22 -2625.62361033 0.225492896836 5
6 -54255.7226735 0.311176818327 1
19 -4575.96891547 0.921762635166 0
13 -19088.1253378 0.341018437642 1
1 -3760675.47063 0.288971807989 5
23 -1836.23738294 0.823993426345 7
9 -76123.7790236 0.183757537546 5
25 -1790.78950454 0.711090045481 1
25 -1828.10840198 0.656241923432 0
25 -1906.14934254 0.713065201911 6
24 -2074.77412758 0.475198136293 7
22 -2620.89374088 0.812336988923 0
1 -3806952.77902 0.441156970059 2
3 -1711110.07882 0.894615265583 4
4 -512427.260613 0.333754803476 2
18 -5333.96470801 0.561608206293 6
19 -2867.16235735 0.59801838917 0
24 -1835.01613732 0.297920045803 3
20 -3757.17791716 0.160067585655 1
9 -48984.799145 0.0678126961078 1
19 -3800.91072439 0.551923906932 7
21 -2916.88178659 0.708852173735 5
25 -1762.13668784 0.614270868362 0
24 -1783.44405525 0.31503165196 1
17 -6230.69388894 0.0858569203301 7
22 -2424.24775518 0.14683113946 4
16 -4326.76049102 0.130863767583 4
17 -4978.39128497 0.522288057731 4
10 -18463.0526299 0.569398383046 0
9 -54741.3965323 0.3869067216 0
16 -6947.7277243 0.417252253435 1
13 -18196.7591679 0.50484592662 1
23 -2246.6815156 0.227790154414 1
5 -333775.639373 0.425681873978 6
8 -104179.057273 0.281654531694 6
1 -2051709.68014 0.828537753733 6
16 -5362.41481479 0.250479519508 5
24 -1871.88040527 0.831474604574 2
23 -1798.99174828 0.691864792456 4
20 -3271.86918021 0.398376773397 3
14 -13850.8268295 0.109536737948 7
20 -3654.98392257 0.410830348377 2
10 -20481.6193187 0.207132715079 3
11 -37149.1547072 0.786273991449 3
17 -2534.28461876 0.112918899061 0
21 -2416.50808989 0.662109500144 7
12 -6429.70747147 0.503212670979 6
25 -1713.50482373 0.735615976887 4
17 -6890.71671477 0.345849663901 7
27 -1593.22236382 0.222645354522 5
27 -1693.7460106 0.126765787859 6
22 -2466.61247285 0.634537638572 3
21 -3041.57719011 0.687801655997 3
14 -13966.5394978 0.893811114974 0
18 -4512.89201271 0.0364612018879 0
26 -1660.8033502 0.526593138296 6
18 -4342.93774753 0.263538567098 1
10 -43225.1056115 0.223971580424 2
15 -11541.068562 0.297724029098 4
21 -2537.27869614 0.175508249095 0
27 -1648.04928646 0.368485821955 7
26 -1731.54920641 0.466109137965 3
25 -1872.91053175 0.499512811666 2
27 -1710.71953852 0.653023337008 4
23 -2113.57332743 0.59742380121 3
17 -3801.13993446 0.0986205155588 5
21 -2387.06050823 0.517071951091 4
15 -11534.9704452 0.658204469181 7
15 -12019.817833 0.823836841199 3
24 -1934.35280815 0.710658948018 6
1 -4983245.92418 0.962720452263 5
16 -6171.90600262 0.122732131524 2
24 -1812.16829562 0.832052679912 7
4 -622364.013839 0.660045578482 5
21 -2358.26607488 0.760788170235 0
5 -478823.326447 0.824545659295 5
25 -1902.6884944 0.208170166675 4
28 -1629.92659824 0.43623792131 1
17 -7195.76599498 0.0870459100839 1
25 -1861.5168533 0.0954111425563 6
22 -2148.857183 0.300577925758 7
22 -2501.72205777 0.680700402103 7
28 -1586.40400109 0.0378020671739 7
13 -17443.0096008 0.331029444012 4
19 -4569.21766278 0.921322580668 1
2 -2705520.19308 0.871038317805 4
19 -3783.33559185 0.55360464087 1
18 -4978.26408402 0.891274459759 1
0 -19311636.8323 0.998235630801 0
20 -3668.02460918 0.094599548774 1
20 -2477.82923127 0.507011539592 6
18 -5500.3863101 0.561938849113 3
8 -64560.8103743 0.19012046873 4
28 -1611.33307335 0.958388354102 6
22 -2466.34952095 0.914586528679 1
7 -41881.007243 0.930105964113 2
17 -6998.66330559 0.801906713972 2
12 -24457.9113755 0.610332249231 4
19 -3410.48877697 0.113151038259 7
10 -38075.4981414 0.725019383858 7
15 -8073.19226725 0.693737195601 4
8 -89435.104546 0.411926194619 7
8 -111628.29086 0.335097024641 4
4 -641594.0564 0.0552217899836 1
17 -3492.85865707 0.540348317985 2
4 -809645.716007 0.0961895682019 0
18 -4660.58940314 0.702089039189 5
13 -18739.9030107 0.136440896431 4
7 -147768.345349 0.199055649161 1
28 -1629.55620774 0.387671301403 3
11 -33518.6446677 0.614629306853 2
12 -26620.1632043 0.725841185828 7
25 -1894.30552501 0.828706182842 3
26 -1659.96471974 0.367461947222 7
27 -1610.47624228 0.0609387124436 7
29 -1603.08593669 0.381488181385 5
25 -1854.40842445 0.72410121644 5
24 -2011.92402484 0.96646437729 0
17 -4171.70105718 0.73685208422 4
21 -2946.56794175 0.631803376814 4
1 -3753632.55625 0.225254695607 1
9 -52186.5592439 0.568058705807 3
27 -1675.02459284 0.18750328298 5
18 -5318.79884608 0.470619593454 2
7 -91717.9676103 0.296689491844 7
18 -5544.505977 0.00374388875608 7
2 -2703877.12207 0.226534527907 5
8 -10101.5481749 0.992926174597 7
6 -247479.759633 0.881963567212 1
27 -1592.35567769 0.896873568253 0
29 -1595.79499132 0.492890981214 6
6 -223633.160959 0.445387747991 1
12 -26338.2915248 0.443515490279 1
20 -3329.33114723 0.134574768142 6
29 -1594.88890775 0.786583185511 0
29 -1609.26803951 0.573048120447 0
18 -5122.2824103 0.809171734934 4
23 -2162.86702259 0.568174824216 6
19 -2958.01854958 0.00621963194974 2
22 -2085.19714638 0.27686196934 0
15 -6751.99454903 0.838509661987 0
19 -4463.36968648 0.4066482829 7
1 -1934969.30231 0.318136984245 1
25 -1846.36706745 0.646372674133 0
23 -2201.07633104 0.324927880242 6
27 -1599.65811552 0.0772671948559 3
30 -1567.15329691 0.152033550538 4
1 -3183967.94318 0.561368593471 1
28 -1616.11646472 0.0122119280253 5
11 -25252.4058767 0.134105748922 0
1 -4465236.908 0.583610972575 7
24 -1927.84132402 0.13111242597 5
17 -6035.88324602 0.169843297496 3
21 -2079.45328133 0.659496896126 5
28 -1592.56795945 0.85460781949 4
16 -8437.48098175 0.305672841572 3
27 -1705.97964157 0.639338913069 4
27 -1666.18073271 0.394230903932 5
23 -2277.78623984 0.727745042993 5
27 -1683.59172046 0.379283888443 1
29 -1573.15488173 0.329025235362 1
16 -8892.62492935 0.449093628699 4
27 -1665.27248438 0.232534774677 7
30 -1572.17866348 0.238767038827 6
30 -1571.76767358 0.844887096987 6
22 -2610.28261 0.238418228574 2
18 -3736.78617476 0.160819792029 1
5 -544258.871757 0.123437142624 3
25 -1763.34413577 0.341910576824 4
24 -2031.90415059 0.498520680716 5
19 -3113.29614079 0.288603513369 5
30 -1571.90384168 0.327175391854 7
22 -2488.88306202 0.0898911873627 2
20 -3244.09335627 0.579618703383 6
21 -2757.7834289 0.015087962144 4
17 -6329.13636562 0.583119942054 0
15 -12405.4381073 0.797920015281 0
16 -8950.0766586 0.744411018726 4
31 -1550.71615442 0.387844839549 1
24 -2057.55064481 0.223057532149 2
23 -2144.89635468 0.694636442586 1
0 -27197492.6918 0.45321394771 3
30 -1560.76224986 0.12931623005 7
20 -3582.43356566 0.133745831006 3
9 -60119.2095795 0.00732828132121 2
28 -1643.01313731 0.726777086913 5
11 -32214.019218 0.907316718325 6
4 -601475.77826 0.506030081943 1
31 -1537.18329327 0.4582810105 4
9 -74255.5708536 0.444713599493 1
24 -1856.24680644 0.652707405891 3
29 -1582.4686164 0.820259927899 6
8 -49502.0049199 0.747887371544 1
8 -112123.592485 0.968260466013 2
8 -100510.766295 0.576570458758 1
24 -2072.95515445 0.926398795697 3
22 -2307.15937175 0.924912121831 2
30 -1541.0863107 0.882799190731 6
26 -1708.53869855 0.259016679055 4
15 -12250.5893565 0.468947066236 2
23 -2073.68722563 0.397796377542 6
8 -96701.2577452 0.657657366656 0
21 -1785.65556734 0.0578251992525 4
12 -26377.2558877 0.887852485312 2
22 -2105.57523553 0.631023400956 7
9 -72938.3273694 0.621601061529 0
18 -5717.99101243 0.988475927423 6
15 -7271.88858928 0.106124286804 6
19 -4171.75222321 0.723979574353 4
19 -4391.4249229 0.553721967845 0
1 -6954897.56777 0.0385726398182 1
18 -5199.55550507 0.536078507812 7
30 -1554.16969285 0.568088706885 7
30 -1569.12502319 0.964374859055 0
30 -1567.29669916 0.888021833249 0
26 -1694.38109425 0.610762132078 3
23 -2131.20064523 0.563128875729 1
31 -1522.31550031 0.310269685133 6
4 -927331.513157 0.895888132484 4
29 -1528.18160195 0.211408067531 0
16 -6025.95358266 0.416163459568 5
28 -1550.19534494 0.869186645758 0
31 -1525.18328608 0.753655189317 6
32 -1514.49138184 0.303295555255 5
25 -1865.51978256 0.309222170524 0
15 -10985.635175 0.700838729456 3
11 -21166.8471445 0.114826622711 4
12 -29532.3955834 0.33507812136 3
11 -31083.3580742 0.893205383999 3
1 -3492750.19017 0.399354360496 4
15 -11593.9957413 0.241183980107 3
32 -1515.24088942 0.376584992058 2
10 -26527.4050245 0.25552336814 7
20 -3644.61053578 0.500797055672 3
16 -8795.23754219 0.439261590514 7
30 -1516.41874745 0.0699163753826 2
25 -1899.79433031 0.451044473078 0
16 -7797.49788998 0.694772698183 1
25 -1819.77306736 0.466770473362 2
23 -2076.87726003 0.869018892605 1
26 -1754.15155787 0.592801912781 7
7 -186170.09922 0.76739470951 5
22 -2635.45072511 0.634735422043 0
15 -7203.55393929 0.466706566735 4
28 -1629.80401733 0.168479981581 6
20 -3294.68425001 0.902769483466 0
24 -2072.65034917 0.107804135172 7
9 -66699.7679792 0.39992662911 5
20 -3301.50957876 0.351689576015 2
14 -9500.4297591 0.311547456758 4
31 -1514.50589485 0.366539449873 1
25 -1761.67544868 0.157124381223 7
9 -45305.5168419 0.0929787097937 2
10 -39203.8555655 0.80976288186 6
22 -2073.09244556 0.142291708123 1
20 -3193.02368894 0.897697885185 5
4 -657158.438317 0.101672457665 6
29 -1546.3291649 0.275798450118 7
3 -1542295.72852 0.213146763338 6
9 -61619.562363 0.52878071841 0
32 -1510.5041485 0.605219051666 2
29 -1537.5364901 0.00417229618264 4
25 -1848.42351332 0.554517525304 4
30 -1574.0663888 0.427976212202 7
26 -1799.67754638 0.478633406253 5
19 -4429.1108153 0.857982450603 6
29 -1576.04076171 0.259558524049 0
25 -1910.16415436 0.149395548229 5
22 -1977.62757135 0.869433741933 5
27 -1673.13967188 0.347738266249 3
25 -1904.22881608 0.760628733865 3
19 -4658.95095385 0.408269456108 0
31 -1550.57039565 0.847632796755 2
28 -1655.88915481 0.77996981441 5
24 -2051.43677642 0.00600206759922 4
29 -1573.41958938 0.850672135195 1
34 -1504.7152418 0.281392806657 7
29 -1575.52364815 0.620419573384 4
27 -1701.45705045 0.0272037161617 1
27 -1713.59966582 0.23891983641 5
32 -1504.36590706 0.601284300726 3
20 -1748.22261231 0.285961821741 2
33 -1514.92141187 0.365920789868 2
27 -1665.06940324 0.514118628213 0
18 -4256.09914167 0.731700547289 3
14 -13319.2336363 0.0681101555662 3
17 -6819.86424663 0.136927101193 1
27 -1665.2538927 0.414106821988 7
6 -116875.549095 0.46493388241 6
28 -1647.89588138 0.759024866735 4
31 -1538.08496988 0.534602409783 7
31 -1522.87604442 0.2011690641 1
20 -3363.11008099 0.91010586061 7
20 -3738.01488473 0.64990155646 7
19 -3790.62072659 0.598844724087 3
21 -2763.50156253 0.655660073832 3
23 -2277.09162017 0.772585600143 7
21 -2907.62977636 0.189738392492 6
25 -1728.83312545 0.764074570226 6
24 -1765.80719195 0.610427610626 6
29 -1582.24290952 0.284149812148 3
34 -1505.722156 0.437949774575 4
26 -1684.28762445 0.114875833334 6
20 -3149.0058624 0.119319520506 7
22 -2383.40781443 0.992655587878 4
28 -1613.76842212 0.107179646955 0
25 -1869.02747345 0.816479630624 3
7 -142786.691312 0.784394309704 6
31 -1523.52470702 0.673867454382 7
35 -1480.94713923 0.429325222984 0
15 -9134.09671056 0.785583631553 5
23 -2161.13549528 0.748487368565 5
3 -779421.722684 0.00892243374645 6
32 -1521.63397258 0.567137043953 0
16 -8550.3382288 0.792569043455 6
35 -1488.43496467 0.324757000769 2
31 -1547.33579375 0.277898018748 1
34 -1499.06830522 0.44060792976 6
33 -1516.99030332 0.380747470677 1
19 -4670.25306833 0.299429691206 5
27 -1710.71016557 0.698854090612 0
30 -1511.43269169 0.749378111561 2
16 -8239.4185941 0.655043799745 4
34 -1497.55721784 0.348817493863 5
23 -2150.80431614 0.574013495882 6
26 -1754.22201111 0.262245598507 6
32 -1513.97687431 0.732007051671 4
21 -3121.76977636 0.819839684189 1
19 -2383.0305916 0.376608477998 2
13 -20361.8723269 0.670289981713 0
33 -1515.91874448 0.720392427407 7
35 -1492.46795104 0.199277726859 3
29 -1604.17272751 0.646140862483 5
30 -1538.43137403 0.61626135726 6
18 -4996.04305219 0.451531199546 0
33 -1511.1988864 0.417188313377 3
23 -2163.80695839 0.634583003936 6
27 -1699.69297248 0.710142230072 0
23 -2205.06249198 0.035826022745 3
21 -2610.74751146 0.831511328431 1
25 -1891.60226288 0.145558358756 0
28 -1633.97336284 0.74200991551 6
34 -1493.03658317 0.650118216809 1
31 -1531.00049721 0.682135233734 7
32 -1531.84254468 0.978457810786 5
35 -1494.64785647 0.589811515927 1
23 -1795.09386257 0.331190260379 6
32 -1533.15467233 0.395819274123 1
36 -1483.43731284 0.862216525668 2
20 -2690.5386646 0.00942929868092 1
34 -1497.82740783 0.242548055552 0
36 -1483.18737808 0.0879138875581 0
20 -3151.96490415 0.874353638804 5
23 -2018.69054206 0.853310782654 6
15 -10816.8175397 0.774004878068 7
17 -6791.69038312 0.0787368839401 1
17 -4768.55944334 0.884315322038 5
37 -1460.58596141 0.616867836686 2
37 -1458.03096238 0.966792238552 0
24 -2045.88566734 0.423165669664 1
3 -477032.628477 0.532728678551 4
20 -3254.75257303 0.710980281574 0
31 -1547.97962378 0.19137530784 2
11 -28077.2516763 0.575555414706 6
15 -11184.5599931 0.789784918393 4
34 -1501.96300399 0.0378024025287 7
32 -1523.54592686 0.44656056365 1
20 -3474.37985993 0.29752877675 6
35 -1491.31773565 0.0919625114371 0
25 -1912.70831742 0.191344085496 3
21 -2764.40629539 0.460907615384 7
11 -37810.1830247 0.0327830836438 1
19 -4472.55381241 0.172531114565 3
28 -1594.59146771 0.396084959309 0
15 -10573.4675822 0.981115949471 7
6 -184506.911363 0.918859754712 4
13 -18865.075912 0.220333294105 0
12 -25573.9258808 0.82720007352 3
23 -1772.93796193 0.209872313627 6
20 -2656.99662464 0.377220002387 2
14 -6744.63758002 0.782768957493 6
19 -4507.46184704 0.718526653205 0
29 -1601.77704338 0.0792183461175 2
13 -16273.0518719 0.295072539362 3
35 -1493.84122008 0.770908500368 1
30 -1563.00887285 0.0178154112151 5
30 -1558.13775797 0.127668462061 2
3 -593721.592924 0.138589497547 3
0 -31780777.9245 0.818354926178 3
11 -28225.4346789 0.857677864839 4
