#  gamma_0, K, T, phi, ecc, omega, sigma_0, 
# 
4.029019999999999868e+01 8.814780000000000371e+01 8.428060000000000400e+02 5.399440000000000239e+00 7.022490000000000121e-01 3.879879999999999995e+00 6.220389999999999731e+01
4.887400000000000233e+01 7.399290000000000589e+01 5.143410000000000082e+02 5.797630000000000283e-01 3.714250000000000052e-01 2.525760000000000005e+00 5.056569999999999965e+01
5.115820000000000078e+01 6.976260000000000616e+01 9.122740000000000009e+02 3.807150000000000034e+00 4.696930000000000271e-01 3.273219999999999796e+00 5.840189999999999770e+01
4.574360000000000070e+01 9.037359999999999616e+01 5.124089999999999918e+02 1.035260000000000069e+00 5.539789999999999992e-01 1.798610000000000042e+00 5.292410000000000281e+01
5.332289999999999708e+01 8.872440000000000282e+01 9.860099999999999909e+02 4.293000000000000149e+00 5.903279999999999639e-01 4.230789999999999829e+00 6.185860000000000269e+01
4.060159999999999769e+01 5.552680000000000149e+01 9.833569999999999709e+02 5.443520000000000358e+00 3.074180000000000246e-01 4.216859999999999609e+00 6.106770000000000209e+01
4.953679999999999950e+01 8.533679999999999666e+01 9.681119999999999663e+02 4.929599999999999760e+00 5.187680000000000069e-01 2.777540000000000120e+00 5.462279999999999802e+01
4.825200000000000244e+01 9.780209999999999582e+01 9.321280000000000427e+02 5.771189999999999820e+00 4.163870000000000071e-01 3.201639999999999819e+00 5.659389999999999787e+01
4.833970000000000056e+01 8.499269999999999925e+01 5.266470000000000482e+02 3.026089999999999947e+00 3.240169999999999995e-01 3.087969999999999882e+00 4.912720000000000198e+01
5.611569999999999681e+01 8.721790000000000020e+01 9.685739999999999554e+02 5.697070000000000078e+00 5.109909999999999730e-01 3.842670000000000030e+00 5.940390000000000015e+01
4.833630000000000138e+01 8.136960000000000548e+01 9.830019999999999527e+02 7.307620000000000227e-01 3.779970000000000274e-01 3.554260000000000197e+00 5.113360000000000127e+01
3.981419999999999959e+01 9.480400000000000205e+01 9.444769999999999754e+02 2.332489999999999952e+00 4.390160000000000173e-01 3.060039999999999871e+00 5.727689999999999770e+01
5.115820000000000078e+01 6.976260000000000616e+01 9.122740000000000009e+02 3.807150000000000034e+00 4.696930000000000271e-01 3.273219999999999796e+00 5.840189999999999770e+01
4.386280000000000001e+01 8.626309999999999434e+01 9.090529999999999973e+02 6.220080000000000275e+00 5.883110000000000284e-01 3.892339999999999911e+00 6.319950000000000045e+01
4.746179999999999666e+01 9.169060000000000343e+01 9.801190000000000282e+02 4.631949999999999790e+00 6.950119999999999632e-01 3.708660000000000068e+00 5.909449999999999648e+01
2.792320000000000135e+01 7.839780000000000371e+01 4.720400000000000205e+02 3.009759999999999991e+00 1.149410000000000015e-01 3.071450000000000014e+00 5.818619999999999948e+01
4.217880000000000251e+01 7.399120000000000630e+01 4.966840000000000259e+02 3.190249999999999808e+00 4.271739999999999982e-01 2.368320000000000203e+00 5.272959999999999781e+01
4.029019999999999868e+01 8.814780000000000371e+01 8.428060000000000400e+02 5.399440000000000239e+00 7.022490000000000121e-01 3.879879999999999995e+00 6.220389999999999731e+01
3.704079999999999728e+01 7.378950000000000387e+01 5.066000000000000227e+02 1.426619999999999999e+00 3.139859999999999873e-01 2.101210000000000022e+00 5.219140000000000157e+01
5.356179999999999808e+01 6.271759999999999735e+01 5.291699999999999591e+02 4.916140000000000398e+00 2.850630000000000108e-01 2.312479999999999869e+00 5.949459999999999837e+01
4.639959999999999951e+01 5.516499999999999915e+01 9.812849999999999682e+02 5.101239999999999775e+00 3.661499999999999755e-01 3.282900000000000151e+00 5.601870000000000260e+01
4.873230000000000217e+01 8.923269999999999413e+01 9.425049999999999955e+02 5.316679999999999851e+00 3.547500000000000098e-01 3.729190000000000005e+00 4.957019999999999982e+01
3.481159999999999854e+01 8.142329999999999757e+01 4.988729999999999905e+02 6.278529999999999944e+00 2.123599999999999932e-01 3.569049999999999834e+00 5.740950000000000131e+01
4.732849999999999824e+01 8.458299999999999841e+01 9.290620000000000118e+02 1.501649999999999929e+00 4.057180000000000231e-01 3.319310000000000205e+00 6.076769999999999783e+01
5.314249999999999829e+01 6.104610000000000269e+01 4.937989999999999782e+02 3.128060000000000063e+00 2.341739999999999933e-01 2.905409999999999826e+00 6.434250000000000114e+01
5.278399999999999892e+01 8.831419999999999959e+01 5.110889999999999986e+02 5.051750000000000185e+00 6.731740000000000501e-01 1.598209999999999908e+00 5.526740000000000208e+01
3.554140000000000299e+01 7.442040000000000077e+01 5.197680000000000291e+02 5.250099999999999767e+00 7.721820000000000073e-02 2.919639999999999791e+00 6.756999999999999318e+01
4.414789999999999992e+01 5.558520000000000039e+01 9.281950000000000500e+02 5.008140000000000036e+00 1.682939999999999992e-01 3.092839999999999812e+00 6.195810000000000173e+01
3.628479999999999706e+01 7.389109999999999445e+01 9.874059999999999491e+02 1.103429999999999911e+00 3.852720000000000034e-01 3.942039999999999988e+00 5.509980000000000189e+01
5.233310000000000173e+01 8.999169999999999447e+01 9.362849999999999682e+02 3.984109999999999818e+00 4.169550000000000201e-01 3.066530000000000200e+00 5.363089999999999691e+01
6.011820000000000164e+01 6.978749999999999432e+01 9.912509999999999764e+02 4.084089999999999943e-02 4.733780000000000210e-01 2.961650000000000116e+00 6.228770000000000095e+01
4.153770000000000095e+01 7.772929999999999495e+01 5.058419999999999845e+02 6.202630000000000088e+00 1.668880000000000086e-01 2.015039999999999942e+00 6.096359999999999957e+01
3.754279999999999973e+01 9.119989999999999952e+01 9.830370000000000346e+02 1.082999999999999963e+00 5.273759999999999559e-01 3.630259999999999820e+00 5.466519999999999868e+01
3.541299999999999670e+01 9.398109999999999786e+01 5.083609999999999900e+02 5.725760000000000183e+00 3.642070000000000030e-01 2.918070000000000164e+00 5.997449999999999903e+01
4.094680000000000319e+01 7.896380000000000621e+01 5.131860000000000355e+02 2.151600000000000179e+00 3.360580000000000234e-01 2.482429999999999914e+00 5.963960000000000150e+01
4.934740000000000038e+01 9.688309999999999889e+01 9.796530000000000200e+02 3.237509999999999888e+00 6.861099999999999977e-01 3.865660000000000096e+00 5.509550000000000125e+01
5.030939999999999657e+01 4.948230000000000217e+01 5.162380000000000564e+02 2.757600000000000051e+00 1.283779999999999921e-01 3.699079999999999924e+00 6.913110000000000355e+01
3.891989999999999839e+01 9.359709999999999752e+01 4.995729999999999791e+02 6.175180000000000113e+00 3.666249999999999787e-01 2.993090000000000028e+00 5.703710000000000235e+01
4.833740000000000236e+01 8.451380000000000337e+01 5.084270000000000209e+02 3.624899999999999789e+00 3.235219999999999763e-01 2.500239999999999796e+00 5.973389999999999844e+01
4.053269999999999840e+01 7.532179999999999609e+01 9.804279999999999973e+02 3.748969999999999914e+00 3.243920000000000137e-01 3.314900000000000180e+00 5.485620000000000118e+01
5.352279999999999660e+01 6.935949999999999704e+01 9.857050000000000409e+02 2.971960000000000157e-01 1.660000000000000087e-01 3.016469999999999985e+00 5.696289999999999765e+01
4.833740000000000236e+01 8.451380000000000337e+01 5.084270000000000209e+02 3.624899999999999789e+00 3.235219999999999763e-01 2.500239999999999796e+00 5.973389999999999844e+01
3.981419999999999959e+01 9.480400000000000205e+01 9.444769999999999754e+02 2.332489999999999952e+00 4.390160000000000173e-01 3.060039999999999871e+00 5.727689999999999770e+01
5.331869999999999976e+01 6.877129999999999654e+01 9.939489999999999554e+02 4.088049999999999962e+00 3.126099999999999990e-01 3.260590000000000099e+00 5.258769999999999811e+01
4.369809999999999661e+01 6.451890000000000214e+01 9.613609999999999900e+02 5.962419999999999831e+00 2.243920000000000081e-01 3.318249999999999922e+00 6.005740000000000123e+01
3.387599999999999767e+01 6.856619999999999493e+01 4.949789999999999850e+02 3.260930000000000106e+00 9.450079999999999592e-02 2.035950000000000149e+00 6.900939999999999941e+01
4.056810000000000116e+01 8.467879999999999541e+01 9.913949999999999818e+02 9.347569999999999490e-01 4.545480000000000076e-01 3.727700000000000014e+00 5.831400000000000006e+01
4.382370000000000232e+01 6.475289999999999679e+01 5.093740000000000236e+02 1.762780000000000014e+00 4.127770000000000050e-01 4.317800000000000082e+00 6.030100000000000193e+01
3.384660000000000224e+01 8.095489999999999498e+01 5.293519999999999754e+02 1.202660000000000062e+00 4.620059999999999722e-01 3.655650000000000066e+00 6.609629999999999939e+01
4.770360000000000156e+01 8.465789999999999793e+01 9.610190000000000055e+02 5.889109999999999623e+00 5.480319999999999636e-01 3.898950000000000138e+00 5.643180000000000263e+01
4.413329999999999842e+01 9.504579999999999984e+01 9.768559999999999945e+02 2.332479999999999887e+00 4.032410000000000161e-01 3.548919999999999852e+00 5.814730000000000132e+01
5.003289999999999793e+01 8.484810000000000230e+01 9.862400000000000091e+02 1.511759999999999993e+00 4.365999999999999881e-01 4.350179999999999936e+00 5.617219999999999658e+01
3.981419999999999959e+01 9.480400000000000205e+01 9.444769999999999754e+02 2.332489999999999952e+00 4.390160000000000173e-01 3.060039999999999871e+00 5.727689999999999770e+01
2.965549999999999997e+01 9.228050000000000352e+01 9.706749999999999545e+02 2.138819999999999943e+00 5.810060000000000224e-01 4.021639999999999660e+00 4.928240000000000265e+01
5.920409999999999684e+01 7.581699999999999307e+01 9.731109999999999900e+02 4.748990000000000045e+00 4.504560000000000231e-01 3.631839999999999957e+00 5.113419999999999987e+01
5.272950000000000159e+01 8.555790000000000362e+01 9.334450000000000500e+02 4.236629999999999896e+00 5.235910000000000286e-01 3.143489999999999895e+00 5.565240000000000009e+01
4.833740000000000236e+01 8.451380000000000337e+01 5.084270000000000209e+02 3.624899999999999789e+00 3.235219999999999763e-01 2.500239999999999796e+00 5.973389999999999844e+01
4.701939999999999742e+01 7.540640000000000498e+01 9.992730000000000246e+02 4.505499999999999616e+00 3.979420000000000179e-01 3.886099999999999888e+00 5.543410000000000082e+01
5.332289999999999708e+01 8.872440000000000282e+01 9.860099999999999909e+02 4.293000000000000149e+00 5.903279999999999639e-01 4.230789999999999829e+00 6.185860000000000269e+01
4.551250000000000284e+01 9.302209999999999468e+01 4.961399999999999864e+02 6.183849999999999625e+00 3.489240000000000119e-01 3.278859999999999886e+00 5.658879999999999910e+01
5.956770000000000209e+01 9.383100000000000307e+01 9.220280000000000200e+02 1.069480000000000014e-01 8.020270000000000454e-01 4.524239999999999817e+00 5.883579999999999899e+01
4.239150000000000063e+01 9.836459999999999582e+01 9.576920000000000073e+02 5.553759999999999808e-01 6.693280000000000340e-01 4.030680000000000263e+00 5.610040000000000049e+01
3.754279999999999973e+01 9.119989999999999952e+01 9.830370000000000346e+02 1.082999999999999963e+00 5.273759999999999559e-01 3.630259999999999820e+00 5.466519999999999868e+01
2.962059999999999960e+01 9.822069999999999368e+01 5.349790000000000418e+02 1.972420000000000007e-01 4.257830000000000226e-01 2.925689999999999902e+00 6.362810000000000343e+01
3.711800000000000210e+01 9.521519999999999584e+01 5.259059999999999491e+02 5.640109999999999957e+00 3.590670000000000250e-01 2.996100000000000207e+00 5.397359999999999758e+01
5.177380000000000138e+01 7.938779999999999859e+01 9.828070000000000164e+02 3.696950000000000180e+00 5.028970000000000384e-01 3.472589999999999844e+00 5.050659999999999883e+01
4.948749999999999716e+01 6.915519999999999357e+01 5.276369999999999436e+02 2.138869999999999827e+00 2.973649999999999904e-01 2.078079999999999927e+00 5.571189999999999998e+01
4.438649999999999807e+01 8.044830000000000325e+01 9.504980000000000473e+02 4.834789999999999921e+00 3.983700000000000019e-01 3.467299999999999827e+00 5.451830000000000354e+01
5.139059999999999917e+01 8.518359999999999843e+01 8.452709999999999582e+02 2.379950000000000010e+00 6.678150000000000475e-01 3.900310000000000166e+00 5.811480000000000246e+01
4.153770000000000095e+01 7.772929999999999495e+01 5.058419999999999845e+02 6.202630000000000088e+00 1.668880000000000086e-01 2.015039999999999942e+00 6.096359999999999957e+01
4.184409999999999741e+01 8.213379999999999370e+01 9.882809999999999491e+02 2.686269999999999936e+00 5.069599999999999662e-01 3.417060000000000208e+00 5.147890000000000299e+01
3.391689999999999827e+01 9.794240000000000634e+01 9.502980000000000018e+02 1.187869999999999981e+00 6.128770000000000051e-01 3.458720000000000017e+00 5.280010000000000048e+01
4.094680000000000319e+01 7.896380000000000621e+01 5.131860000000000355e+02 2.151600000000000179e+00 3.360580000000000234e-01 2.482429999999999914e+00 5.963960000000000150e+01
4.236869999999999692e+01 8.239610000000000412e+01 5.103969999999999914e+02 1.415939999999999976e+00 4.911059999999999870e-01 2.648769999999999847e+00 5.571690000000000254e+01
5.501480000000000103e+01 7.357699999999999818e+01 9.868360000000000127e+02 5.219850000000000101e+00 3.911000000000000032e-01 3.271049999999999791e+00 6.059570000000000078e+01
4.833630000000000138e+01 8.136960000000000548e+01 9.830019999999999527e+02 7.307620000000000227e-01 3.779970000000000274e-01 3.554260000000000197e+00 5.113360000000000127e+01
3.294460000000000122e+01 8.165789999999999793e+01 4.938600000000000136e+02 8.078950000000000298e-01 2.095019999999999938e-01 2.934260000000000090e+00 6.120830000000000126e+01
4.386280000000000001e+01 8.626309999999999434e+01 9.090529999999999973e+02 6.220080000000000275e+00 5.883110000000000284e-01 3.892339999999999911e+00 6.319950000000000045e+01
5.272950000000000159e+01 8.555790000000000362e+01 9.334450000000000500e+02 4.236629999999999896e+00 5.235910000000000286e-01 3.143489999999999895e+00 5.565240000000000009e+01
4.578710000000000235e+01 8.946909999999999741e+01 9.343509999999999991e+02 4.749300000000000188e-01 6.322820000000000107e-01 4.189860000000000362e+00 6.173519999999999897e+01
4.949620000000000175e+01 7.487009999999999366e+01 5.199660000000000082e+02 4.003809999999999647e+00 3.282320000000000237e-01 2.729709999999999859e+00 6.760599999999999454e+01
4.690789999999999793e+01 6.913139999999999930e+01 9.702129999999999654e+02 1.392589999999999995e+00 4.176750000000000185e-01 3.361180000000000057e+00 5.999629999999999797e+01
4.486630000000000251e+01 7.529179999999999495e+01 9.078379999999999654e+02 2.939309999999999867e+00 5.350540000000000296e-01 3.468700000000000117e+00 6.780379999999999541e+01
4.600809999999999889e+01 7.121670000000000300e+01 5.298079999999999927e+02 1.609180000000000055e+00 1.906809999999999894e-01 3.164359999999999840e+00 5.674240000000000350e+01
4.486630000000000251e+01 7.529179999999999495e+01 9.078379999999999654e+02 2.939309999999999867e+00 5.350540000000000296e-01 3.468700000000000117e+00 6.780379999999999541e+01
5.074139999999999873e+01 9.448309999999999320e+01 9.943029999999999973e+02 3.374779999999999891e+00 6.597290000000000099e-01 2.932869999999999866e+00 5.761119999999999663e+01
2.869500000000000028e+01 6.963039999999999452e+01 4.917740000000000009e+02 2.276159999999999961e+00 3.099729999999999847e-02 1.354700000000000015e+00 6.398769999999999669e+01
4.410260000000000247e+01 7.718000000000000682e+01 9.341960000000000264e+02 4.849619999999999820e+00 2.577389999999999959e-01 3.000750000000000028e+00 5.775030000000000285e+01
4.177799999999999869e+01 7.275799999999999557e+01 9.338609999999999900e+02 4.308309999999999640e+00 3.172490000000000032e-01 4.057570000000000121e+00 5.535549999999999926e+01
4.194060000000000343e+01 7.077700000000000102e+01 9.795470000000000255e+02 1.688830000000000053e+00 3.408229999999999871e-01 3.776060000000000194e+00 6.185179999999999723e+01
4.757699999999999818e+01 7.278230000000000643e+01 9.669400000000000546e+02 4.271930000000000227e+00 4.651060000000000194e-01 3.273460000000000036e+00 5.225150000000000006e+01
5.000509999999999877e+01 7.081359999999999388e+01 9.454149999999999636e+02 5.243929999999999758e+00 5.145870000000000166e-01 4.050930000000000142e+00 5.997820000000000107e+01
5.352279999999999660e+01 6.935949999999999704e+01 9.857050000000000409e+02 2.971960000000000157e-01 1.660000000000000087e-01 3.016469999999999985e+00 5.696289999999999765e+01
4.833740000000000236e+01 8.451380000000000337e+01 5.084270000000000209e+02 3.624899999999999789e+00 3.235219999999999763e-01 2.500239999999999796e+00 5.973389999999999844e+01
2.962059999999999960e+01 9.822069999999999368e+01 5.349790000000000418e+02 1.972420000000000007e-01 4.257830000000000226e-01 2.925689999999999902e+00 6.362810000000000343e+01
4.177799999999999869e+01 7.275799999999999557e+01 9.338609999999999900e+02 4.308309999999999640e+00 3.172490000000000032e-01 4.057570000000000121e+00 5.535549999999999926e+01
3.678949999999999676e+01 7.732460000000000377e+01 4.997459999999999809e+02 5.102800000000000225e+00 4.524869999999999726e-01 1.671669999999999989e+00 5.578790000000000049e+01
5.332289999999999708e+01 8.872440000000000282e+01 9.860099999999999909e+02 4.293000000000000149e+00 5.903279999999999639e-01 4.230789999999999829e+00 6.185860000000000269e+01
4.936679999999999779e+01 9.160399999999999920e+01 9.290960000000000036e+02 1.507039999999999935e+00 6.845139999999999558e-01 3.882080000000000197e+00 5.104359999999999786e+01
3.481159999999999854e+01 8.142329999999999757e+01 4.988729999999999905e+02 6.278529999999999944e+00 2.123599999999999932e-01 3.569049999999999834e+00 5.740950000000000131e+01
4.169830000000000325e+01 6.720420000000000016e+01 5.014399999999999977e+02 2.421749999999999847e+00 4.263199999999999767e-01 2.304380000000000095e+00 5.813470000000000226e+01
4.140910000000000224e+01 8.474840000000000373e+01 9.891159999999999854e+02 2.582349999999999923e+00 6.691310000000000313e-01 4.151150000000000340e+00 5.718249999999999744e+01
4.825200000000000244e+01 9.780209999999999582e+01 9.321280000000000427e+02 5.771189999999999820e+00 4.163870000000000071e-01 3.201639999999999819e+00 5.659389999999999787e+01
3.489629999999999654e+01 9.843680000000000518e+01 9.710819999999999936e+02 2.377349999999999852e+00 5.121489999999999654e-01 3.861689999999999845e+00 5.121200000000000330e+01
3.387599999999999767e+01 6.856619999999999493e+01 4.949789999999999850e+02 3.260930000000000106e+00 9.450079999999999592e-02 2.035950000000000149e+00 6.900939999999999941e+01
4.624040000000000106e+01 6.824859999999999616e+01 5.434249999999999545e+02 2.715149999999999952e+00 6.648720000000000185e-01 2.333439999999999959e+00 6.755790000000000362e+01
4.021280000000000143e+01 7.909130000000000393e+01 9.695030000000000427e+02 1.926029999999999909e+00 3.293590000000000129e-01 3.677179999999999893e+00 6.009810000000000230e+01
4.948449999999999704e+01 8.644339999999999691e+01 9.760750000000000455e+02 2.165719999999999867e+00 5.274020000000000374e-01 3.873339999999999783e+00 5.395969999999999800e+01
4.833740000000000236e+01 8.451380000000000337e+01 5.084270000000000209e+02 3.624899999999999789e+00 3.235219999999999763e-01 2.500239999999999796e+00 5.973389999999999844e+01
4.153770000000000095e+01 7.772929999999999495e+01 5.058419999999999845e+02 6.202630000000000088e+00 1.668880000000000086e-01 2.015039999999999942e+00 6.096359999999999957e+01
5.761200000000000188e+01 8.582229999999999848e+01 8.839220000000000255e+02 1.893969999999999931e+00 6.960190000000000543e-01 4.096809999999999619e+00 5.100439999999999685e+01
4.600809999999999889e+01 7.121670000000000300e+01 5.298079999999999927e+02 1.609180000000000055e+00 1.906809999999999894e-01 3.164359999999999840e+00 5.674240000000000350e+01
4.053970000000000340e+01 8.108310000000000173e+01 9.462129999999999654e+02 5.977540000000000298e+00 4.307130000000000125e-01 4.099949999999999761e+00 6.816509999999999536e+01
4.410260000000000247e+01 7.718000000000000682e+01 9.341960000000000264e+02 4.849619999999999820e+00 2.577389999999999959e-01 3.000750000000000028e+00 5.775030000000000285e+01
4.887400000000000233e+01 7.399290000000000589e+01 5.143410000000000082e+02 5.797630000000000283e-01 3.714250000000000052e-01 2.525760000000000005e+00 5.056569999999999965e+01
4.574960000000000093e+01 9.594559999999999889e+01 9.987179999999999609e+02 1.898889999999999967e+00 7.974660000000000082e-01 4.351020000000000110e+00 6.019299999999999784e+01
4.056810000000000116e+01 8.467879999999999541e+01 9.913949999999999818e+02 9.347569999999999490e-01 4.545480000000000076e-01 3.727700000000000014e+00 5.831400000000000006e+01
4.790890000000000271e+01 8.526080000000000325e+01 9.843120000000000118e+02 2.582339999999999858e+00 6.954559999999999631e-01 3.697470000000000034e+00 5.458950000000000102e+01
3.967020000000000124e+01 8.259650000000000603e+01 9.866680000000000064e+02 2.327770000000000117e+00 5.005180000000000184e-01 3.466549999999999798e+00 5.360560000000000258e+01
4.574360000000000070e+01 9.037359999999999616e+01 5.124089999999999918e+02 1.035260000000000069e+00 5.539789999999999992e-01 1.798610000000000042e+00 5.292410000000000281e+01
5.074139999999999873e+01 9.448309999999999320e+01 9.943029999999999973e+02 3.374779999999999891e+00 6.597290000000000099e-01 2.932869999999999866e+00 5.761119999999999663e+01
5.074139999999999873e+01 9.448309999999999320e+01 9.943029999999999973e+02 3.374779999999999891e+00 6.597290000000000099e-01 2.932869999999999866e+00 5.761119999999999663e+01
4.541259999999999764e+01 7.884449999999999648e+01 5.259059999999999491e+02 5.651760000000000339e+00 1.559439999999999993e-01 2.944010000000000016e+00 5.498689999999999856e+01
5.268650000000000233e+01 5.266380000000000194e+01 4.954089999999999918e+02 5.087620000000000253e+00 3.381709999999999994e-01 2.215430000000000010e+00 6.111460000000000292e+01
5.074139999999999873e+01 9.448309999999999320e+01 9.943029999999999973e+02 3.374779999999999891e+00 6.597290000000000099e-01 2.932869999999999866e+00 5.761119999999999663e+01
4.118469999999999942e+01 5.408689999999999998e+01 4.842200000000000273e+02 4.441649999999999765e-01 4.492999999999999772e-02 4.217170000000000307e+00 5.563069999999999737e+01
3.909150000000000347e+01 7.959879999999999711e+01 5.103990000000000009e+02 1.451089999999999991e+00 2.655339999999999923e-01 2.317450000000000010e+00 5.909859999999999758e+01
4.180890000000000128e+01 8.185609999999999786e+01 5.059889999999999759e+02 6.044170000000000265e+00 4.517849999999999921e-01 4.886199999999999655e+00 6.917839999999999634e+01
4.617190000000000083e+01 7.985899999999999466e+01 9.937630000000000337e+02 1.087839999999999918e+00 3.949940000000000118e-01 3.136239999999999917e+00 5.987429999999999808e+01
4.936679999999999779e+01 9.160399999999999920e+01 9.290960000000000036e+02 1.507039999999999935e+00 6.845139999999999558e-01 3.882080000000000197e+00 5.104359999999999786e+01
4.187610000000000099e+01 6.757640000000000668e+01 9.801290000000000191e+02 5.177559999999999718e+00 4.641129999999999978e-01 3.439309999999999867e+00 5.953640000000000043e+01
4.734459999999999980e+01 4.947209999999999752e+01 9.335579999999999927e+02 5.110829999999999984e+00 2.539310000000000178e-01 4.422240000000000393e+00 5.321509999999999962e+01
4.056810000000000116e+01 8.467879999999999541e+01 9.913949999999999818e+02 9.347569999999999490e-01 4.545480000000000076e-01 3.727700000000000014e+00 5.831400000000000006e+01
4.713949999999999818e+01 5.657269999999999754e+01 9.744080000000000155e+02 6.718889999999999585e-01 4.269330000000000069e-01 3.509170000000000122e+00 6.259969999999999857e+01
3.914309999999999690e+01 7.417489999999999384e+01 9.926699999999999591e+02 2.558879999999999821e+00 2.689810000000000256e-01 3.697159999999999780e+00 5.384400000000000119e+01
3.069059999999999988e+01 9.891320000000000334e+01 9.820510000000000446e+02 3.331430000000000113e+00 5.493240000000000345e-01 4.100270000000000081e+00 6.450799999999999557e+01
3.909150000000000347e+01 7.959879999999999711e+01 5.103990000000000009e+02 1.451089999999999991e+00 2.655339999999999923e-01 2.317450000000000010e+00 5.909859999999999758e+01
5.331869999999999976e+01 6.877129999999999654e+01 9.939489999999999554e+02 4.088049999999999962e+00 3.126099999999999990e-01 3.260590000000000099e+00 5.258769999999999811e+01
3.621959999999999980e+01 7.317510000000000048e+01 9.363790000000000191e+02 5.593890000000000029e+00 4.397820000000000062e-01 2.998310000000000031e+00 4.953150000000000119e+01
4.320369999999999777e+01 7.929630000000000223e+01 9.232580000000000382e+02 3.784120000000000150e+00 2.837749999999999995e-01 3.229659999999999975e+00 5.431759999999999877e+01
4.873230000000000217e+01 8.923269999999999413e+01 9.425049999999999955e+02 5.316679999999999851e+00 3.547500000000000098e-01 3.729190000000000005e+00 4.957019999999999982e+01
5.278399999999999892e+01 8.831419999999999959e+01 5.110889999999999986e+02 5.051750000000000185e+00 6.731740000000000501e-01 1.598209999999999908e+00 5.526740000000000208e+01
4.119850000000000279e+01 9.909600000000000364e+01 9.564750000000000227e+02 5.189040000000000319e+00 6.482780000000000209e-01 3.896199999999999886e+00 5.945360000000000156e+01
3.914309999999999690e+01 7.417489999999999384e+01 9.926699999999999591e+02 2.558879999999999821e+00 2.689810000000000256e-01 3.697159999999999780e+00 5.384400000000000119e+01
5.701870000000000260e+01 5.644380000000000308e+01 9.239339999999999691e+02 2.383809999999999985e+00 3.273119999999999918e-01 4.468169999999999753e+00 6.908230000000000359e+01
4.552179999999999893e+01 8.979600000000000648e+01 9.989479999999999791e+02 5.601790000000000269e+00 5.408039999999999514e-01 3.674900000000000055e+00 5.789759999999999707e+01
3.741629999999999967e+01 9.164329999999999643e+01 9.568179999999999836e+02 4.502849999999999575e+00 5.115070000000000450e-01 3.586110000000000131e+00 6.232189999999999941e+01
4.948749999999999716e+01 6.915519999999999357e+01 5.276369999999999436e+02 2.138869999999999827e+00 2.973649999999999904e-01 2.078079999999999927e+00 5.571189999999999998e+01
4.093310000000000315e+01 8.499890000000000612e+01 9.908060000000000400e+02 5.366590000000000416e+00 3.761780000000000124e-01 3.107639999999999958e+00 5.860499999999999687e+01
4.713949999999999818e+01 5.657269999999999754e+01 9.744080000000000155e+02 6.718889999999999585e-01 4.269330000000000069e-01 3.509170000000000122e+00 6.259969999999999857e+01
4.732849999999999824e+01 8.458299999999999841e+01 9.290620000000000118e+02 1.501649999999999929e+00 4.057180000000000231e-01 3.319310000000000205e+00 6.076769999999999783e+01
3.961760000000000304e+01 8.659210000000000207e+01 9.371240000000000236e+02 5.254640000000000200e+00 3.989489999999999981e-01 3.901380000000000070e+00 5.754399999999999693e+01
4.580010000000000048e+01 6.073960000000000292e+01 5.112420000000000186e+02 3.045859999999999790e+00 4.662240000000000134e-02 4.662669999999999870e-01 6.625300000000000011e+01
3.914309999999999690e+01 7.417489999999999384e+01 9.926699999999999591e+02 2.558879999999999821e+00 2.689810000000000256e-01 3.697159999999999780e+00 5.384400000000000119e+01
4.753499999999999659e+01 8.811990000000000123e+01 5.055409999999999968e+02 4.707279999999999798e-01 4.367150000000000198e-01 2.151959999999999873e+00 6.037449999999999761e+01
4.631459999999999866e+01 6.677469999999999573e+01 5.035430000000000064e+02 2.797180000000000000e+00 1.661119999999999958e-02 4.630939999999999834e+00 6.144780000000000086e+01
4.701939999999999742e+01 7.540640000000000498e+01 9.992730000000000246e+02 4.505499999999999616e+00 3.979420000000000179e-01 3.886099999999999888e+00 5.543410000000000082e+01
2.700029999999999930e+01 8.531969999999999743e+01 5.019970000000000141e+02 3.462479999999999780e+00 4.600730000000000097e-01 3.951290000000000191e+00 6.104370000000000118e+01
4.589759999999999707e+01 8.380679999999999552e+01 9.614180000000000064e+02 2.236309999999999965e-01 3.439320000000000155e-01 3.633150000000000102e+00 5.721629999999999683e+01
4.580010000000000048e+01 6.073960000000000292e+01 5.112420000000000186e+02 3.045859999999999790e+00 4.662240000000000134e-02 4.662669999999999870e-01 6.625300000000000011e+01
4.506280000000000285e+01 8.957739999999999725e+01 9.952119999999999891e+02 4.384879999999999889e+00 5.416520000000000223e-01 3.694119999999999848e+00 5.438940000000000197e+01
4.631459999999999866e+01 6.677469999999999573e+01 5.035430000000000064e+02 2.797180000000000000e+00 1.661119999999999958e-02 4.630939999999999834e+00 6.144780000000000086e+01
3.817470000000000141e+01 9.626500000000000057e+01 9.792259999999999991e+02 2.659769999999999968e+00 6.468040000000000456e-01 4.023089999999999833e+00 5.490059999999999718e+01
5.761200000000000188e+01 8.582229999999999848e+01 8.839220000000000255e+02 1.893969999999999931e+00 6.960190000000000543e-01 4.096809999999999619e+00 5.100439999999999685e+01
5.160829999999999984e+01 8.376189999999999714e+01 9.552000000000000455e+02 2.677449999999999886e+00 5.912290000000000045e-01 3.722910000000000164e+00 5.788490000000000180e+01
3.891989999999999839e+01 9.359709999999999752e+01 4.995729999999999791e+02 6.175180000000000113e+00 3.666249999999999787e-01 2.993090000000000028e+00 5.703710000000000235e+01
4.454260000000000019e+01 7.824559999999999604e+01 5.460019999999999527e+02 3.876570000000000071e+00 3.905299999999999883e-01 3.031140000000000168e+00 5.750540000000000163e+01
5.425509999999999877e+01 6.802429999999999666e+01 5.421870000000000118e+02 4.447550000000000114e-01 1.293090000000000073e-01 2.154549999999999965e+00 6.944400000000000261e+01
4.311590000000000344e+01 8.227660000000000196e+01 5.177530000000000427e+02 3.220779999999999976e+00 1.098689999999999944e-01 2.724639999999999951e+00 5.732860000000000156e+01
4.552179999999999893e+01 8.979600000000000648e+01 9.989479999999999791e+02 5.601790000000000269e+00 5.408039999999999514e-01 3.674900000000000055e+00 5.789759999999999707e+01
4.956320000000000192e+01 6.778539999999999566e+01 9.806779999999999973e+02 1.113050000000000095e+00 3.537540000000000129e-01 3.751949999999999896e+00 5.661509999999999820e+01
5.504149999999999920e+01 9.328799999999999670e+01 9.887050000000000409e+02 2.958720000000000017e+00 6.772449999999999859e-01 3.972840000000000149e+00 5.536950000000000216e+01
3.835869999999999891e+01 6.891079999999999472e+01 9.924890000000000327e+02 5.741270000000000095e+00 4.015790000000000193e-01 3.815319999999999823e+00 5.398649999999999949e+01
4.241140000000000043e+01 7.202930000000000632e+01 5.619400000000000546e+02 7.438470000000000359e-01 3.707659999999999845e-01 3.068620000000000125e+00 6.206759999999999877e+01
4.956320000000000192e+01 6.778539999999999566e+01 9.806779999999999973e+02 1.113050000000000095e+00 3.537540000000000129e-01 3.751949999999999896e+00 5.661509999999999820e+01
2.948679999999999879e+01 8.795560000000000400e+01 5.293780000000000427e+02 2.935259999999999980e+00 4.256530000000000036e-01 3.316590000000000149e+00 5.697720000000000340e+01
3.384660000000000224e+01 8.095489999999999498e+01 5.293519999999999754e+02 1.202660000000000062e+00 4.620059999999999722e-01 3.655650000000000066e+00 6.609629999999999939e+01
5.074139999999999873e+01 9.448309999999999320e+01 9.943029999999999973e+02 3.374779999999999891e+00 6.597290000000000099e-01 2.932869999999999866e+00 5.761119999999999663e+01
3.990570000000000306e+01 7.032150000000000034e+01 9.796979999999999791e+02 4.088239999999999874e+00 5.209500000000000242e-01 3.702560000000000073e+00 5.995380000000000109e+01
3.599739999999999895e+01 9.236180000000000234e+01 9.657500000000000000e+02 2.976329999999999920e+00 4.827549999999999897e-01 3.634269999999999889e+00 5.358679999999999666e+01
4.326570000000000249e+01 7.754009999999999536e+01 9.864439999999999600e+02 4.958429999999999893e+00 5.079679999999999751e-01 3.592350000000000154e+00 6.357569999999999766e+01
5.000509999999999877e+01 7.081359999999999388e+01 9.454149999999999636e+02 5.243929999999999758e+00 5.145870000000000166e-01 4.050930000000000142e+00 5.997820000000000107e+01
3.294460000000000122e+01 8.165789999999999793e+01 4.938600000000000136e+02 8.078950000000000298e-01 2.095019999999999938e-01 2.934260000000000090e+00 6.120830000000000126e+01
4.777009999999999934e+01 6.821139999999999759e+01 9.968229999999999791e+02 3.687289999999999957e+00 4.328799999999999870e-01 4.528220000000000134e+00 5.629149999999999920e+01
4.081300000000000239e+01 9.112099999999999511e+01 9.881539999999999964e+02 4.114369999999999972e-01 5.052699999999999969e-01 3.880339999999999900e+00 5.256960000000000122e+01
4.226030000000000086e+01 7.753489999999999327e+01 9.582350000000000136e+02 3.711800000000000210e+00 4.253569999999999851e-01 3.596010000000000151e+00 5.527609999999999957e+01
3.812890000000000157e+01 7.511860000000000070e+01 9.494220000000000255e+02 4.406439999999999912e+00 4.148279999999999745e-01 3.981599999999999806e+00 5.364159999999999684e+01
4.580010000000000048e+01 6.073960000000000292e+01 5.112420000000000186e+02 3.045859999999999790e+00 4.662240000000000134e-02 4.662669999999999870e-01 6.625300000000000011e+01
4.050379999999999825e+01 8.974240000000000350e+01 9.777279999999999518e+02 3.787399999999999878e+00 4.895619999999999972e-01 3.786599999999999966e+00 5.902400000000000091e+01
5.000509999999999877e+01 7.081359999999999388e+01 9.454149999999999636e+02 5.243929999999999758e+00 5.145870000000000166e-01 4.050930000000000142e+00 5.997820000000000107e+01
4.521829999999999927e+01 8.128979999999999961e+01 9.972580000000000382e+02 5.010710000000000441e+00 3.689999999999999947e-01 3.433629999999999960e+00 5.276169999999999760e+01
5.761200000000000188e+01 8.582229999999999848e+01 8.839220000000000255e+02 1.893969999999999931e+00 6.960190000000000543e-01 4.096809999999999619e+00 5.100439999999999685e+01
1.916120000000000090e+01 8.942069999999999652e+01 9.478390000000000555e+02 2.741000000000000103e+00 2.850150000000000183e-01 3.714519999999999822e+00 6.137270000000000181e+01
5.352279999999999660e+01 6.935949999999999704e+01 9.857050000000000409e+02 2.971960000000000157e-01 1.660000000000000087e-01 3.016469999999999985e+00 5.696289999999999765e+01
4.491040000000000276e+01 4.732130000000000081e+01 5.341760000000000446e+02 1.845990000000000020e+00 4.442459999999999742e-01 1.817669999999999897e+00 6.360909999999999798e+01
3.914099999999999824e+01 7.978830000000000666e+01 5.068430000000000177e+02 3.769849999999999923e+00 1.037190000000000056e-01 1.689929999999999932e+00 5.446249999999999858e+01
5.233310000000000173e+01 8.999169999999999447e+01 9.362849999999999682e+02 3.984109999999999818e+00 4.169550000000000201e-01 3.066530000000000200e+00 5.363089999999999691e+01
5.332289999999999708e+01 8.872440000000000282e+01 9.860099999999999909e+02 4.293000000000000149e+00 5.903279999999999639e-01 4.230789999999999829e+00 6.185860000000000269e+01
5.761200000000000188e+01 8.582229999999999848e+01 8.839220000000000255e+02 1.893969999999999931e+00 6.960190000000000543e-01 4.096809999999999619e+00 5.100439999999999685e+01
4.956320000000000192e+01 6.778539999999999566e+01 9.806779999999999973e+02 1.113050000000000095e+00 3.537540000000000129e-01 3.751949999999999896e+00 5.661509999999999820e+01
4.562559999999999860e+01 6.380879999999999797e+01 9.952019999999999982e+02 5.103369999999999962e+00 4.240010000000000168e-01 2.684509999999999952e+00 6.103869999999999862e+01
4.104039999999999822e+01 8.025499999999999545e+01 5.317100000000000364e+02 4.316919999999999646e+00 4.191730000000000178e-01 4.151370000000000005e+00 6.353419999999999845e+01
3.294780000000000086e+01 9.300589999999999691e+01 4.974119999999999777e+02 4.425639999999999574e+00 4.140240000000000031e-01 2.519789999999999974e+00 5.917229999999999990e+01
4.949620000000000175e+01 7.487009999999999366e+01 5.199660000000000082e+02 4.003809999999999647e+00 3.282320000000000237e-01 2.729709999999999859e+00 6.760599999999999454e+01
4.955019999999999669e+01 7.752100000000000080e+01 9.461920000000000073e+02 6.166859999999999786e+00 5.890560000000000240e-01 3.721010000000000151e+00 5.832750000000000057e+01
4.369809999999999661e+01 6.451890000000000214e+01 9.613609999999999900e+02 5.962419999999999831e+00 2.243920000000000081e-01 3.318249999999999922e+00 6.005740000000000123e+01
4.987890000000000157e+01 8.180360000000000298e+01 9.863039999999999736e+02 3.316850000000000076e+00 4.940829999999999944e-01 3.143489999999999895e+00 5.551870000000000260e+01
5.074139999999999873e+01 9.448309999999999320e+01 9.943029999999999973e+02 3.374779999999999891e+00 6.597290000000000099e-01 2.932869999999999866e+00 5.761119999999999663e+01
4.239150000000000063e+01 9.836459999999999582e+01 9.576920000000000073e+02 5.553759999999999808e-01 6.693280000000000340e-01 4.030680000000000263e+00 5.610040000000000049e+01
3.914099999999999824e+01 7.978830000000000666e+01 5.068430000000000177e+02 3.769849999999999923e+00 1.037190000000000056e-01 1.689929999999999932e+00 5.446249999999999858e+01
6.089000000000000057e+01 9.870520000000000493e+01 9.603350000000000364e+02 9.429499999999999549e-01 7.242790000000000061e-01 4.181300000000000239e+00 5.093149999999999977e+01
5.003289999999999793e+01 8.484810000000000230e+01 9.862400000000000091e+02 1.511759999999999993e+00 4.365999999999999881e-01 4.350179999999999936e+00 5.617219999999999658e+01
3.728589999999999804e+01 7.370889999999999986e+01 9.763750000000000000e+02 1.500869999999999926e+00 3.072590000000000043e-01 3.296120000000000161e+00 6.532389999999999475e+01
4.621620000000000061e+01 9.400050000000000239e+01 9.682939999999999827e+02 1.261249999999999982e+00 5.807109999999999772e-01 3.416790000000000216e+00 5.498199999999999932e+01
4.305060000000000286e+01 9.778549999999999898e+01 9.833179999999999836e+02 5.365149999999999864e+00 6.867349999999999843e-01 3.767180000000000195e+00 6.308039999999999736e+01
2.774299999999999855e+01 8.062470000000000425e+01 9.631870000000000118e+02 4.494430000000000369e+00 3.708609999999999962e-01 4.087880000000000180e+00 5.823930000000000007e+01
4.217880000000000251e+01 7.399120000000000630e+01 4.966840000000000259e+02 3.190249999999999808e+00 4.271739999999999982e-01 2.368320000000000203e+00 5.272959999999999781e+01
4.187610000000000099e+01 6.757640000000000668e+01 9.801290000000000191e+02 5.177559999999999718e+00 4.641129999999999978e-01 3.439309999999999867e+00 5.953640000000000043e+01
4.137210000000000321e+01 7.409699999999999420e+01 9.959270000000000209e+02 2.830719999999999903e+00 5.040109999999999868e-01 3.835780000000000189e+00 5.446050000000000324e+01
3.835869999999999891e+01 6.891079999999999472e+01 9.924890000000000327e+02 5.741270000000000095e+00 4.015790000000000193e-01 3.815319999999999823e+00 5.398649999999999949e+01
5.248029999999999973e+01 7.735890000000000555e+01 9.620720000000000027e+02 4.652289999999999814e+00 4.070960000000000134e-01 4.192730000000000068e+00 6.336440000000000339e+01
5.033339999999999748e+01 8.448820000000000618e+01 9.434089999999999918e+02 1.987970000000000015e+00 5.460110000000000241e-01 3.604140000000000121e+00 6.458610000000000184e+01
4.600809999999999889e+01 7.121670000000000300e+01 5.298079999999999927e+02 1.609180000000000055e+00 1.906809999999999894e-01 3.164359999999999840e+00 5.674240000000000350e+01
4.236399999999999721e+01 7.225920000000000698e+01 4.969239999999999782e+02 5.620650000000000368e+00 4.573260000000000103e-01 2.025749999999999940e+00 6.896389999999999532e+01
5.055749999999999744e+01 8.262090000000000600e+01 9.890280000000000200e+02 1.846629999999999994e+00 4.953960000000000030e-01 3.977539999999999853e+00 5.500410000000000110e+01
4.589759999999999707e+01 8.380679999999999552e+01 9.614180000000000064e+02 2.236309999999999965e-01 3.439320000000000155e-01 3.633150000000000102e+00 5.721629999999999683e+01
4.863989999999999725e+01 6.594230000000000302e+01 4.456650000000000205e+02 3.771439999999999793e-01 2.053049999999999875e-01 2.104070000000000107e+00 6.073949999999999960e+01
4.053970000000000340e+01 8.108310000000000173e+01 9.462129999999999654e+02 5.977540000000000298e+00 4.307130000000000125e-01 4.099949999999999761e+00 6.816509999999999536e+01
5.074139999999999873e+01 9.448309999999999320e+01 9.943029999999999973e+02 3.374779999999999891e+00 6.597290000000000099e-01 2.932869999999999866e+00 5.761119999999999663e+01
5.245080000000000098e+01 6.269050000000000011e+01 5.105000000000000000e+02 1.649790000000000090e+00 2.947790000000000132e-01 2.271240000000000148e+00 6.183749999999999858e+01
4.450939999999999941e+01 8.291320000000000334e+01 9.567019999999999982e+02 3.054539999999999811e+00 3.790250000000000008e-01 3.427389999999999937e+00 5.447780000000000200e+01
4.410260000000000247e+01 7.718000000000000682e+01 9.341960000000000264e+02 4.849619999999999820e+00 2.577389999999999959e-01 3.000750000000000028e+00 5.775030000000000285e+01
4.222420000000000329e+01 7.465000000000000568e+01 9.394700000000000273e+02 2.651370000000000005e+00 4.615790000000000171e-01 3.645469999999999988e+00 5.895949999999999847e+01
5.204699999999999704e+01 8.356669999999999732e+01 9.556820000000000164e+02 4.703190000000000204e+00 4.905070000000000263e-01 3.468750000000000000e+00 5.758639999999999759e+01
4.382370000000000232e+01 6.475289999999999679e+01 5.093740000000000236e+02 1.762780000000000014e+00 4.127770000000000050e-01 4.317800000000000082e+00 6.030100000000000193e+01
5.332289999999999708e+01 8.872440000000000282e+01 9.860099999999999909e+02 4.293000000000000149e+00 5.903279999999999639e-01 4.230789999999999829e+00 6.185860000000000269e+01
4.562559999999999860e+01 6.380879999999999797e+01 9.952019999999999982e+02 5.103369999999999962e+00 4.240010000000000168e-01 2.684509999999999952e+00 6.103869999999999862e+01
4.056810000000000116e+01 8.467879999999999541e+01 9.913949999999999818e+02 9.347569999999999490e-01 4.545480000000000076e-01 3.727700000000000014e+00 5.831400000000000006e+01
4.259530000000000172e+01 8.218500000000000227e+01 4.982160000000000082e+02 4.521919999999999717e+00 2.582090000000000218e-01 2.446089999999999876e+00 5.230689999999999884e+01
4.574960000000000093e+01 9.594559999999999889e+01 9.987179999999999609e+02 1.898889999999999967e+00 7.974660000000000082e-01 4.351020000000000110e+00 6.019299999999999784e+01
5.331869999999999976e+01 6.877129999999999654e+01 9.939489999999999554e+02 4.088049999999999962e+00 3.126099999999999990e-01 3.260590000000000099e+00 5.258769999999999811e+01
5.332289999999999708e+01 8.872440000000000282e+01 9.860099999999999909e+02 4.293000000000000149e+00 5.903279999999999639e-01 4.230789999999999829e+00 6.185860000000000269e+01
4.413329999999999842e+01 9.504579999999999984e+01 9.768559999999999945e+02 2.332479999999999887e+00 4.032410000000000161e-01 3.548919999999999852e+00 5.814730000000000132e+01
2.869500000000000028e+01 6.963039999999999452e+01 4.917740000000000009e+02 2.276159999999999961e+00 3.099729999999999847e-02 1.354700000000000015e+00 6.398769999999999669e+01
4.466239999999999810e+01 8.354800000000000182e+01 9.443869999999999436e+02 4.673510000000000164e-01 4.509469999999999867e-01 3.172210000000000196e+00 5.454249999999999687e+01
4.775549999999999784e+01 6.462680000000000291e+01 9.622050000000000409e+02 1.051830000000000043e+00 3.616670000000000162e-01 3.485949999999999882e+00 5.725780000000000314e+01
3.541299999999999670e+01 9.398109999999999786e+01 5.083609999999999900e+02 5.725760000000000183e+00 3.642070000000000030e-01 2.918070000000000164e+00 5.997449999999999903e+01
4.833740000000000236e+01 8.451380000000000337e+01 5.084270000000000209e+02 3.624899999999999789e+00 3.235219999999999763e-01 2.500239999999999796e+00 5.973389999999999844e+01
3.812890000000000157e+01 7.511860000000000070e+01 9.494220000000000255e+02 4.406439999999999912e+00 4.148279999999999745e-01 3.981599999999999806e+00 5.364159999999999684e+01
4.574360000000000070e+01 9.037359999999999616e+01 5.124089999999999918e+02 1.035260000000000069e+00 5.539789999999999992e-01 1.798610000000000042e+00 5.292410000000000281e+01
4.833740000000000236e+01 8.451380000000000337e+01 5.084270000000000209e+02 3.624899999999999789e+00 3.235219999999999763e-01 2.500239999999999796e+00 5.973389999999999844e+01
4.410260000000000247e+01 7.718000000000000682e+01 9.341960000000000264e+02 4.849619999999999820e+00 2.577389999999999959e-01 3.000750000000000028e+00 5.775030000000000285e+01
5.169160000000000110e+01 7.725279999999999347e+01 9.760180000000000291e+02 1.334160000000000013e+00 5.086899999999999755e-01 3.847649999999999793e+00 5.598440000000000083e+01
4.639959999999999951e+01 5.516499999999999915e+01 9.812849999999999682e+02 5.101239999999999775e+00 3.661499999999999755e-01 3.282900000000000151e+00 5.601870000000000260e+01
4.187610000000000099e+01 6.757640000000000668e+01 9.801290000000000191e+02 5.177559999999999718e+00 4.641129999999999978e-01 3.439309999999999867e+00 5.953640000000000043e+01
4.603050000000000352e+01 7.267170000000000130e+01 9.516119999999999663e+02 5.787860000000000227e+00 1.598930000000000073e-01 2.679390000000000160e+00 6.100099999999999767e+01
2.948679999999999879e+01 8.795560000000000400e+01 5.293780000000000427e+02 2.935259999999999980e+00 4.256530000000000036e-01 3.316590000000000149e+00 5.697720000000000340e+01
3.822690000000000055e+01 5.678340000000000032e+01 5.395679999999999836e+02 4.155780000000000030e-01 3.957769999999999899e-01 3.172019999999999840e+00 6.149770000000000181e+01
5.956770000000000209e+01 9.383100000000000307e+01 9.220280000000000200e+02 1.069480000000000014e-01 8.020270000000000454e-01 4.524239999999999817e+00 5.883579999999999899e+01
4.605340000000000344e+01 9.197429999999999950e+01 5.128099999999999454e+02 4.255589999999999762e+00 3.794819999999999860e-01 3.389060000000000183e+00 7.594400000000000261e+01
4.559360000000000213e+01 7.391289999999999338e+01 9.739669999999999845e+02 5.621999999999999886e+00 5.072079999999999922e-01 3.979439999999999866e+00 5.920159999999999911e+01
3.981620000000000203e+01 6.518040000000000589e+01 9.435140000000000100e+02 3.668629999999999836e+00 4.309120000000000172e-01 3.978029999999999955e+00 6.635660000000000025e+01
4.369809999999999661e+01 6.451890000000000214e+01 9.613609999999999900e+02 5.962419999999999831e+00 2.243920000000000081e-01 3.318249999999999922e+00 6.005740000000000123e+01
2.962059999999999960e+01 9.822069999999999368e+01 5.349790000000000418e+02 1.972420000000000007e-01 4.257830000000000226e-01 2.925689999999999902e+00 6.362810000000000343e+01
3.628479999999999706e+01 7.389109999999999445e+01 9.874059999999999491e+02 1.103429999999999911e+00 3.852720000000000034e-01 3.942039999999999988e+00 5.509980000000000189e+01
5.272950000000000159e+01 8.555790000000000362e+01 9.334450000000000500e+02 4.236629999999999896e+00 5.235910000000000286e-01 3.143489999999999895e+00 5.565240000000000009e+01
6.089000000000000057e+01 9.870520000000000493e+01 9.603350000000000364e+02 9.429499999999999549e-01 7.242790000000000061e-01 4.181300000000000239e+00 5.093149999999999977e+01
4.777009999999999934e+01 6.821139999999999759e+01 9.968229999999999791e+02 3.687289999999999957e+00 4.328799999999999870e-01 4.528220000000000134e+00 5.629149999999999920e+01
3.891989999999999839e+01 9.359709999999999752e+01 4.995729999999999791e+02 6.175180000000000113e+00 3.666249999999999787e-01 2.993090000000000028e+00 5.703710000000000235e+01
2.933070000000000022e+01 9.506999999999999318e+01 9.947119999999999891e+02 2.557459999999999845e+00 3.341970000000000218e-01 3.902579999999999938e+00 6.231250000000000000e+01
5.501480000000000103e+01 7.357699999999999818e+01 9.868360000000000127e+02 5.219850000000000101e+00 3.911000000000000032e-01 3.271049999999999791e+00 6.059570000000000078e+01
4.948749999999999716e+01 6.915519999999999357e+01 5.276369999999999436e+02 2.138869999999999827e+00 2.973649999999999904e-01 2.078079999999999927e+00 5.571189999999999998e+01
3.981620000000000203e+01 6.518040000000000589e+01 9.435140000000000100e+02 3.668629999999999836e+00 4.309120000000000172e-01 3.978029999999999955e+00 6.635660000000000025e+01
4.229050000000000153e+01 8.164319999999999311e+01 9.609660000000000082e+02 5.721429999999999794e+00 4.686879999999999935e-01 3.103139999999999787e+00 5.311240000000000094e+01
5.278399999999999892e+01 8.831419999999999959e+01 5.110889999999999986e+02 5.051750000000000185e+00 6.731740000000000501e-01 1.598209999999999908e+00 5.526740000000000208e+01
2.700029999999999930e+01 8.531969999999999743e+01 5.019970000000000141e+02 3.462479999999999780e+00 4.600730000000000097e-01 3.951290000000000191e+00 6.104370000000000118e+01
3.961760000000000304e+01 8.659210000000000207e+01 9.371240000000000236e+02 5.254640000000000200e+00 3.989489999999999981e-01 3.901380000000000070e+00 5.754399999999999693e+01
4.229050000000000153e+01 8.164319999999999311e+01 9.609660000000000082e+02 5.721429999999999794e+00 4.686879999999999935e-01 3.103139999999999787e+00 5.311240000000000094e+01
4.732849999999999824e+01 8.458299999999999841e+01 9.290620000000000118e+02 1.501649999999999929e+00 4.057180000000000231e-01 3.319310000000000205e+00 6.076769999999999783e+01
1.916120000000000090e+01 8.942069999999999652e+01 9.478390000000000555e+02 2.741000000000000103e+00 2.850150000000000183e-01 3.714519999999999822e+00 6.137270000000000181e+01
5.501480000000000103e+01 7.357699999999999818e+01 9.868360000000000127e+02 5.219850000000000101e+00 3.911000000000000032e-01 3.271049999999999791e+00 6.059570000000000078e+01
6.011820000000000164e+01 6.978749999999999432e+01 9.912509999999999764e+02 4.084089999999999943e-02 4.733780000000000210e-01 2.961650000000000116e+00 6.228770000000000095e+01
3.981620000000000203e+01 6.518040000000000589e+01 9.435140000000000100e+02 3.668629999999999836e+00 4.309120000000000172e-01 3.978029999999999955e+00 6.635660000000000025e+01
4.639959999999999951e+01 5.516499999999999915e+01 9.812849999999999682e+02 5.101239999999999775e+00 3.661499999999999755e-01 3.282900000000000151e+00 5.601870000000000260e+01
4.382370000000000232e+01 6.475289999999999679e+01 5.093740000000000236e+02 1.762780000000000014e+00 4.127770000000000050e-01 4.317800000000000082e+00 6.030100000000000193e+01
3.728589999999999804e+01 7.370889999999999986e+01 9.763750000000000000e+02 1.500869999999999926e+00 3.072590000000000043e-01 3.296120000000000161e+00 6.532389999999999475e+01
4.749839999999999662e+01 5.836540000000000106e+01 9.798379999999999654e+02 6.257259999999999600e+00 4.778470000000000217e-01 4.077510000000000190e+00 5.824719999999999942e+01
5.074139999999999873e+01 9.448309999999999320e+01 9.943029999999999973e+02 3.374779999999999891e+00 6.597290000000000099e-01 2.932869999999999866e+00 5.761119999999999663e+01
2.558790000000000120e+01 7.961310000000000286e+01 4.710790000000000077e+02 6.170459999999999834e-01 3.389770000000000283e-02 1.311979999999999924e+00 5.862180000000000035e+01
4.833740000000000236e+01 8.451380000000000337e+01 5.084270000000000209e+02 3.624899999999999789e+00 3.235219999999999763e-01 2.500239999999999796e+00 5.973389999999999844e+01
4.386280000000000001e+01 8.626309999999999434e+01 9.090529999999999973e+02 6.220080000000000275e+00 5.883110000000000284e-01 3.892339999999999911e+00 6.319950000000000045e+01
3.891989999999999839e+01 9.359709999999999752e+01 4.995729999999999791e+02 6.175180000000000113e+00 3.666249999999999787e-01 2.993090000000000028e+00 5.703710000000000235e+01
4.711330000000000240e+01 5.422710000000000008e+01 4.817760000000000105e+02 2.568979999999999819e+00 1.497080000000000077e-01 3.789499999999999869e+00 5.472030000000000172e+01
3.822690000000000055e+01 5.678340000000000032e+01 5.395679999999999836e+02 4.155780000000000030e-01 3.957769999999999899e-01 3.172019999999999840e+00 6.149770000000000181e+01
4.114609999999999701e+01 8.794089999999999918e+01 4.844259999999999877e+02 1.855550000000000033e+00 3.766109999999999736e-01 3.691250000000000142e+00 5.484120000000000061e+01
