# gamma_0, K, T, phi, ecc, omega, sigma_0, 
-321.241  87.3692 268.519 5.67641 0.0709268 1.38987 1.78679 
-72.9816  26.1918 27.7121 1.79222 0.211016 1.79711 0.93125 
-325.711  29.382 50.8375 3.37455 0.673129 0.995897 6.12412 
684.015  70.2772 4.74064 0.887328 0.698063 5.4926 0.0121313 
962.435  72.499 3.85324 2.86298 0.486182 4.26647 0.165288 
1373.4  76.2166 113.862 1.14855 0.575286 0.667545 0.0128102 
-1918.3  48.7908 3.63845 4.45716 0.639661 2.51714 6.31035 
-1505.7  53.2184 120.13 1.92614 0.660315 1.66394 52.0093 
-579.006  85.7987 133.669 5.33344 0.0626705 4.06835 47.9784 
183.096  29.168 130.631 0.453174 0.805105 0.339197 29.8036 
441.617  27.3391 123.684 5.09502 0.884638 3.84317 20.7809 
-1201.49  53.2334 14.2408 4.87231 0.0838458 1.09851 81.7062 
-416.334  58.2527 278.088 6.26561 0.612621 0.701945 24.3829 
-615.942  35.6028 63.238 2.59487 0.756495 2.83195 45.5508 
942.173  81.4213 78.6123 5.58202 0.753675 5.00826 44.7029 
112.138  64.425 649.663 3.86467 0.334681 0.833228 67.5158 
205.782  46.4048 5.02187 0.00613121 0.214002 4.67574 0.016435 
-771.7  9.77225 156.865 1.80907 0.233648 4.78452 72.0999 
355.137  33.8246 12.3939 1.07885 0.389785 0.282654 77.7809 
-513.174  37.8911 30.7471 5.2815 0.329081 1.65241 79.5999 
-314.077  79.8887 1.44827 3.74954 0.42367 2.44767 31.5433 
-744.386  18.6927 15.3764 3.999 0.85833 2.08511 0.580667 
727.241  49.2217 89.6059 4.65326 0.0317848 1.40161 40.9637 
159.659  55.6742 6.67754 0.26473 0.627292 6.2449 63.9608 
55.2536  94.8361 2.85024 2.60967 0.500223 4.07597 0.846592 
265.805  41.7926 30.7423 3.06723 0.209742 1.19247 92.3963 
91.891  13.1512 381.595 4.64449 0.503871 3.68192 8.04524 
-662.752  78.7283 29.6577 1.20504 0.745768 5.6365 9.73073 
83.2635  90.4709 23.8451 1.9151 0.274904 5.75771 27.9141 
-77.7281  59.4978 4.05401 2.08888 0.0391671 1.34401 49.0306 
289.037  69.2509 40.4099 2.89849 0.626033 2.69983 82.8061 
-30.2519  83.4843 41.7163 0.390277 0.635871 0.607532 62.8226 
-154.846  63.0736 14.2196 3.068 0.182174 1.4412 59.4199 
-1086.22  73.3455 89.8112 4.39459 0.0448465 1.33048 0.352823 
-40.1471  15.7756 3.60347 2.25326 0.586019 2.71889 59.1082 
-210.787  47.9963 125.697 2.88916 0.750571 0.362816 34.839 
-110.882  93.068 912.675 5.58765 0.244843 0.355423 90.4673 
46.2842  0.330367 51.1411 4.80653 0.614385 5.6734 95.206 
-1017.67  51.5192 407 6.13735 0.531391 3.1765 7.41361 
7.42164  73.8149 8.70017 0.64706 0.731401 1.18228 86.7689 
-15.988  15.1901 26.5166 1.23693 0.521954 0.548162 92.2913 
-354.315  16.7193 4.76576 2.49859 0.161224 0.632345 93.7584 
-43.038  9.57322 1.24649 2.18148 0.205297 1.72612 97.6321 
13.2142  28.6296 113.493 0.454739 0.349423 1.54296 96.8864 
1977.84  40.0405 25.0462 4.10364 0.369076 4.28179 0.0248722 
-127.119  26.3428 4.06187 2.67292 0.291789 4.67561 11.3289 
36.6281  26.2463 317.506 3.86603 0.658425 0.743722 0.072085 
-211.459  2.7664 1.63033 3.41124 0.664411 0.794587 91.1494 
1344.09  43.7524 10.1059 5.11697 0.786174 1.72747 71.0826 
295.982  38.5479 1.68139 2.92986 0.0969245 4.74118 85.0056 
332.513  37.1937 16.6731 0.552042 0.230304 6.26054 53.8026 
114.858  30.7058 63.9395 2.11012 0.402338 4.37527 61.4138 
119.588  23.8575 14.9143 2.04686 0.217423 4.73619 28.6667 
113.533  26.9884 798.157 3.99492 0.601184 5.12924 75.1382 
-820.416  28.4649 53.8387 0.428121 0.643833 3.41553 66.636 
56.8094  90.6032 79.5327 4.66808 0.878904 2.09151 74.0584 
-214.57  69.5933 18.6592 2.34991 0.0136421 0.195568 62.5621 
176.992  23.9378 70.6635 5.7902 0.501132 1.53282 51.6882 
1402.46  6.40474 1.42321 3.68802 0.30281 1.07661 0.205107 
93.1286  71.723 3.786 2.39001 0.600676 3.66485 81.6642 
-587.118  6.09343 7.37503 0.812611 0.65545 1.91933 21.6022 
56.7356  40.5292 11.1284 5.43794 0.465266 0.474013 72.6561 
38.0985  70.3414 604.04 4.28867 0.164261 1.66318 57.4479 
59.8029  67.8644 11.7174 3.48913 0.658487 0.109427 80.8395 
71.9471  21.615 4.43736 3.79851 0.722602 5.8471 63.6647 
-399.737  48.4855 17.8775 4.73685 0.109489 2.2425 75.0768 
53.5428  63.7091 87.5144 0.317009 0.422793 4.79385 87.5658 
98.9552  77.1142 4.27972 1.11422 0.788736 2.90099 79.2454 
110.754  71.6633 9.72572 1.55024 0.633721 3.3378 86.5914 
184.224  5.87631 1.91733 5.67863 0.515475 2.07512 64.9579 
96.5791  43.2106 115.794 2.80758 0.80779 5.4125 56.4981 
-369.863  89.6377 475.149 4.38715 0.274563 4.17303 46.2284 
58.0347  1.10338 93.02 6.24867 0.445469 5.79535 60.1568 
1.20143  29.8154 267.577 6.04159 0.631722 4.06803 95.4687 
89.3446  47.191 459.293 0.191072 0.300145 5.3456 76.662 
61.1339  2.40027 86.5741 1.80052 0.774296 3.42785 88.81 
-30.0483  64.7511 4.88081 4.59875 0.0920626 0.435511 86.0902 
-32.6687  37.3347 31.7788 3.13675 0.133068 5.87314 59.6125 
-1826.63  48.0879 4.10764 3.41727 0.826351 5.27373 1.91889 
82.6428  16.4649 442.952 5.77621 0.869881 5.31238 74.1751 
54.2288  2.78073 2.102 5.88946 0.473184 4.36583 71.9357 
54.705  0.246747 20.7934 1.34145 0.538563 4.94935 76.4502 
22.1971  27.4614 4.39098 1.08347 0.406935 4.60118 84.7965 
69.8849  3.94372 3.30202 0.810852 0.0860801 5.51075 64.2638 
51.8012  47.4944 139.1 4.71592 0.820498 3.73161 74.1955 
34.5528  33.4823 378.75 3.63883 0.123596 5.06488 83.0797 
369.345  11.4098 306.199 5.11131 0.0775767 3.45662 18.4261 
58.6221  0.180845 299.798 0.609272 0.400516 3.83445 77.5441 
-333.33  50.0223 191.953 2.23726 0.869751 0.255208 95.0014 
48.5229  52.6578 46.5487 3.12052 0.392497 4.07389 56.3307 
37.2971  38.028 34.4436 3.75388 0.6661 3.07712 83.3449 
161.365  13.6638 965.431 0.858282 0.262836 0.990543 81.5865 
93.8464  11.8725 460.556 1.72713 0.308772 4.18589 38.6719 
61.7961  14.9927 410.789 2.98885 0.335139 4.04237 86.2176 
33.9944  28.7954 264.563 3.65874 0.463127 5.53886 66.0897 
51.9785  4.37175 2.95242 4.05984 0.311742 1.5105 74.7684 
34.5809  1.37592 29.9582 2.8178 0.146849 5.64491 83.2657 
138.297  99.9594 1.1457 5.79308 0.705232 5.50302 4.71687 
57.842  18.4195 465.19 2.84697 0.521645 5.94535 63.5039 
28.6676  9.21898 1.21549 2.27186 0.217141 0.396537 67.3098 
71.2165  44.0742 563.43 1.82822 0.247077 4.66801 64.3702 
-57.4516  80.5017 11.304 4.17198 0.728303 2.41742 57.8614 
53.4313  69.0021 8.88183 1.59248 0.131106 0.929567 72.1056 
73.416  30.3868 72.7215 2.52817 0.763303 3.84111 87.463 
43.3945  83.6259 204.276 5.76516 0.65008 2.3581 65.6591 
64.755  9.47785 565.255 4.76885 0.713596 2.91062 87.868 
-252.509  82.1849 476.688 5.63779 0.649555 4.5036 1.51149 
57.8572  8.18074 10.8317 3.08582 0.581956 0.915296 79.3514 
59.5814  15.1894 13.5607 5.2929 0.836937 5.72835 82.9831 
345.425  90.6974 10.7677 2.23275 0.189829 0.539069 41.2539 
73.9933  23.8264 448.935 2.52438 0.358049 3.10894 61.2832 
48.2296  29.5599 449.329 2.56314 0.195668 5.07365 83.4441 
835.829  27.2999 1.27336 1.0019 0.279428 4.14867 80.4622 
44.9042  25.0507 41.2883 5.20837 0.372322 1.25852 79.1065 
-6.47482  7.32956 516.028 6.2711 0.72852 4.21443 53.7733 
72.855  4.3757 73.7083 4.43165 0.220203 3.44344 40.4342 
374.032  30.9825 109.401 2.67029 0.202227 4.88407 0.0161642 
56.2832  15.9562 54.0991 0.882115 0.706716 5.60105 80.8626 
-619.741  65.767 387.625 3.55113 0.666355 2.85067 0.889449 
54.4263  31.309 253.512 5.33056 0.665332 5.61284 68.0312 
30.8874  90.4584 902.725 1.77157 0.543196 2.58566 91.5863 
977.101  34.628 4.50695 2.47743 0.0824646 5.12026 70.3339 
-475.039  93.9019 246.492 3.25984 0.033407 4.26904 56.0147 
35.2573  34.2161 79.7127 4.37139 0.419392 0.013323 69.8928 
-428.829  53.5622 38.5727 1.03465 0.064641 3.07619 94.0247 
91.7522  77.0809 2.08072 1.05934 0.566163 4.30424 51.2849 
-11.2128  97.7367 421.215 1.00934 0.0475653 3.588 79.4382 
567.307  59.9529 489.594 5.57412 0.0229712 3.73617 81.5995 
219.097  14.1578 502.874 5.31363 0.0406292 0.338752 53.0957 
53.8209  66.6048 525.956 0.542643 0.302058 5.51783 90.1168 
1327.26  0.647533 1.96276 2.81986 0.056761 0.934411 72.2766 
42.7663  43.0153 41.1731 1.08023 0.259733 5.25365 73.2722 
47.2716  26.6842 54.8471 6.27562 0.178563 5.72178 72.3654 
56.4604  52.6982 56.5587 2.49931 0.00112585 3.70838 76.1097 
83.4816  65.9066 1.24861 1.13157 0.00507663 4.94513 96.8941 
48.9831  12.8729 1.51364 0.453123 0.118225 2.3034 88.0698 
15.1018  71.3765 12.936 1.83741 0.519509 0.123135 98.6684 
52.0806  62.3651 96.8115 5.01504 0.573393 5.3591 80.1503 
113.056  9.77083 15.1603 5.0132 0.636748 5.78633 93.8574 
-183.599  48.7221 1.10505 1.54413 0.563116 1.39868 19.1848 
171.498  1.76221 71.5678 4.66625 0.34284 2.54779 88.9041 
99.1598  93.1144 28.5033 4.59648 0.727454 4.13784 96.6251 
38.8672  12.0475 3.89823 0.948671 0.130056 3.41514 84.2354 
65.7339  63.7361 908.369 4.69269 0.240521 4.91606 77.6793 
34.2072  67.1054 52.6833 6.08279 0.617357 0.201614 89.6725 
-23.6928  32.2594 334.711 4.74724 0.69612 5.95907 23.7 
28.2793  82.0503 922.395 1.29522 0.256917 2.92376 86.126 
75.3133  99.3947 910.432 0.509287 0.862855 5.53939 59.4136 
32.7505  29.8594 882.341 1.26533 0.0674684 4.53948 59.6907 
21.7345  46.8249 886.442 2.50098 0.27568 2.43463 66.1966 
-375.26  91.2398 4.09762 1.13741 0.340623 5.80428 9.09783 
2.43943  75.1182 439.478 0.453093 0.119516 4.08931 60.0999 
42.8139  31.7072 4.78176 5.2674 0.896347 0.0512631 84.9003 
-35.3963  86.1925 15.9674 2.24054 0.556276 0.35972 83.5458 
62.8481  29.4342 7.94358 4.90456 0.573298 2.77104 84.7561 
70.0459  13.4813 153.351 5.63848 0.070753 0.981453 73.0317 
75.4288  44.6033 104.387 3.21618 0.68106 5.38545 52.4235 
27.2382  37.6337 675.14 0.874356 0.422388 4.64184 30.9056 
63.6086  26.2068 3.94009 1.38851 0.0755005 3.26048 94.2665 
72.0031  99.0209 645.78 0.124076 0.845327 1.2293 72.2849 
60.0471  26.4121 496.157 4.39744 0.189336 5.52312 73.2765 
39.3396  90.3731 485.565 1.57817 0.332543 2.97509 61.1475 
63.2144  16.9427 6.7481 4.46705 0.207831 5.85997 65.035 
9.70126  87.8061 450.432 1.06403 0.097667 2.49105 57.8387 
43.6227  21.8968 280.205 3.70753 0.17292 5.50938 70.7172 
38.1878  22.3213 567.607 0.378237 0.336438 0.981714 71.9703 
83.3316  61.8805 20.768 5.46797 0.855602 0.506265 66.2272 
32.6749  78.689 497.742 6.08541 0.0366956 2.75157 66.286 
54.7251  98.5942 528.049 5.49046 0.383211 3.07167 53.7859 
3.79085  92.2927 420.106 5.06074 0.0825129 3.74146 79.1772 
-323.192  59.8079 4.29136 5.22116 0.0728466 2.23204 74.7641 
-838.599  71.8986 2.87059 1.40722 0.0783565 2.94658 50.554 
0.288168  47.4249 26.8309 0.0333566 0.348786 4.85493 97.7693 
28.9217  48.162 920.977 4.94522 0.104165 5.79572 70.2913 
42.0336  34.6152 1.85154 6.11686 0.368845 4.0796 73.9895 
47.6715  63.1615 574.041 4.96754 0.095905 5.02615 78.1109 
58.6421  37.8152 175.594 5.22337 0.285242 1.00834 67.3382 
745.827  14.1946 426.631 1.72904 0.393673 2.5937 48.2556 
48.8478  61.3821 528.718 2.79106 0.0698945 5.21313 61.83 
33.8466  80.9549 529.352 1.20266 0.462006 3.65565 66.0963 
58.1812  69.1405 440.711 4.13558 0.0471529 5.34729 78.7018 
38.2269  56.7834 539.568 0.415578 0.395777 3.17202 61.4977 
37.0146  30.5877 151.883 0.630478 0.885635 2.55715 76.3078 
91.5021  68.4089 56.876 1.47131 0.659841 6.16378 79.508 
946.067  32.8236 39.3685 2.10026 0.163985 4.5066 45.4016 
144.378  74.0336 2.73098 0.410045 0.632447 2.3743 52.9447 
-34.3713  2.52374 62.342 3.22364 0.0197009 2.352 37.8952 
169.78  93.9396 47.1013 0.531214 0.739336 3.13363 69.0159 
84.4154  48.3845 1.14804 0.0908442 0.765213 4.1855 75.5073 
38.4066  28.3081 500.484 5.05605 0.155591 3.9353 62.5661 
72.7318  68.7337 98.6137 5.44992 0.278151 0.306455 68.1988 
-160.688  19.436 1.33225 1.18132 0.669333 5.64828 2.71196 
49.6669  26.801 915.502 5.42157 0.356214 4.78708 94.6739 
83.1033  10.8879 322.816 5.19061 0.034849 1.15985 66.0631 
59.1164  56.6631 2.63464 1.77491 0.137869 3.21844 43.5552 
54.2551  68.0243 542.187 0.444755 0.129309 2.15455 69.444 
931.022  19.3965 53.5216 2.43806 0.323171 2.86001 73.6232 
23.0636  95.1129 520.504 2.34111 0.382545 3.71165 47.1072 
43.3607  60.2353 900.474 1.9766 0.182885 3.54543 69.199 
53.2412  60.6036 515.45 3.74525 0.0672273 0.890986 67.205 
463.838  19.5927 325.225 6.15514 0.669111 0.868184 90.1178 
45.8213  73.1509 555.069 0.590228 0.867537 2.83475 57.4823 
56.4068  29.6819 526.552 0.243382 0.400751 0.217585 58.1503 
36.2583  10.0137 420.544 5.35489 0.478414 4.16929 80.3677 
-769.686  11.706 4.528 1.52069 0.412715 3.19793 0.284669 
67.4142  58.8207 447.587 2.39768 0.188771 4.69302 76.1949 
70.9029  32.9489 1.99419 4.28792 0.533015 0.965718 86.8409 
26.1356  11.6689 95.7862 4.21727 0.569801 1.96752 50.4674 
69.4266  80.5842 532.733 4.11433 0.354515 3.11353 71.4778 
49.1059  80.9869 991.917 2.81715 0.416766 4.34793 56.4495 
41.4698  51.2166 423.014 2.80096 0.0734601 0.499145 71.8302 
43.9763  4.81661 3.0497 0.558559 0.129388 3.29876 75.8939 
-388.62  92.6871 142.718 0.0817447 0.833611 1.09694 72.1425 
96.3931  55.3337 1.08978 6.27604 0.815804 0.237356 53.1577 
57.612  85.8223 883.922 1.89397 0.696019 4.09681 51.0044 
2.31152  98.6386 405.423 1.55263 0.386771 3.18235 69.4694 
46.3996  55.165 981.285 5.10124 0.36615 3.2829 56.0187 
-17.2082  69.275 2.28867 5.90403 0.452516 5.91989 68.1579 
15.6145  33.386 716.792 0.161095 0.43179 3.5067 70.2159 
120.787  90.6 5.7917 4.54565 0.566962 3.52313 32.7421 
52.0704  64.2026 888.67 0.470021 0.293569 4.36522 66.642 
10.5702  37.5729 162.193 1.66974 0.671636 4.12611 72.5166 
70.8247  92.0296 1.55712 0.948937 0.891584 1.6161 41.5518 
52.4508  62.6905 510.5 1.64979 0.294779 2.27124 61.8375 
44.6068  83.9921 536.144 5.24157 0.336849 4.17766 50.3537 
80.5118  79.5668 548.555 4.17918 0.0793819 2.31015 73.8368 
48.6728  15.6321 124.32 5.78815 0.746881 0.456852 81.6214 
62.5955  17.7686 2.68589 4.36777 0.816809 0.396914 87.2778 
-29.1034  83.3625 382.026 2.66726 0.826857 3.08121 67.9255 
35.5318  39.731 41.355 4.85237 0.0736794 1.93034 73.912 
30.5117  71.6127 496.64 6.12721 0.129996 2.78794 51.5066 
47.0889  53.4421 618.908 0.680604 0.353863 2.42545 70.1993 
-6.98886  13.3968 16.1906 1.42911 0.402911 0.97204 92.6926 
-96.3374  93.7619 55.3686 0.867129 0.179678 2.82095 41.7398 
20.1672  40.8306 97.7377 2.70484 0.493785 0.5339 58.0068 
72.7471  73.7913 792.23 3.45691 0.636816 0.225504 80.4318 
31.2893  95.4516 896.248 2.68761 0.742746 4.18539 65.4378 
33.472  91.5662 2.03174 4.20642 0.827649 4.45701 84.9089 
-144.408  72.7975 13.3409 1.93997 0.844062 5.38457 49.0838 
115.143  94.7721 340.551 0.193379 0.647506 0.240784 47.8376 
46.9974  35.6132 473.13 3.90604 0.213077 2.12375 67.2103 
6.61868  2.34384 212.824 2.43828 0.834264 1.81157 80.0584 
-909.43  25.6308 248.327 1.34476 0.301871 2.99847 57.3688 
59.8281  90.7221 509.412 6.26427 0.817943 1.75344 69.4537 
38.0506  49.0434 2.43852 2.43889 0.287366 3.3856 74.6791 
48.7323  89.2327 942.505 5.31668 0.35475 3.72919 49.5702 
77.6207  20.0695 87.6684 3.52871 0.689786 0.0677217 79.7602 
46.0305  72.6717 951.612 5.78786 0.159893 2.67939 61.001 
67.5427  4.68917 68.5061 3.33919 0.555213 5.3488 51.287 
43.8237  64.7529 509.374 1.76278 0.412777 4.3178 60.301 
64.2744  65.6427 8.92786 3.52759 0.455477 4.33222 53.8597 
27.4412  92.1074 945.892 1.54352 0.779165 3.06296 85.4974 
22.5926  88.2547 463.755 1.99478 0.135999 5.23684 83.3218 
1628.73  60.71 7.93673 1.75338 0.787767 0.857352 4.52146 
41.1656  75.7656 895.003 4.22962 0.551518 3.59751 70.8313 
45.4052  65.637 480.743 3.00685 0.691336 3.72062 64.4473 
669.901  56.6782 924.402 5.44362 0.474533 1.48626 19.5796 
56.0305  59.5164 949.556 1.76391 0.357806 3.08289 55.0407 
33.9169  97.9424 950.298 1.18787 0.612877 3.45872 52.8001 
-58.2437  37.606 2.00842 1.3746 0.533195 5.86224 0.125489 
-73.769  40.1739 42.5463 5.63906 0.877794 3.15553 35.2011 
1418.38  22.94 3.15799 0.370355 0.442087 5.10968 0.121568 
-108.078  74.6616 241.726 4.92284 0.504818 3.20769 0.416039 
48.3397  84.9927 526.647 3.02609 0.324017 3.08797 49.1272 
45.7304  30.2141 5.77692 3.7136 0.292449 2.64345 79.2633 
45.5125  93.0221 496.14 6.18385 0.348924 3.27886 56.5888 
38.9199  93.5971 499.573 6.17518 0.366625 2.99309 57.0371 
-137.744  53.1434 6.18576 1.29394 0.470089 0.517532 81.0701 
59.4216  27.3644 12.7051 0.864739 0.00600979 3.67201 71.1492 
128.759  18.172 801.055 3.83755 0.267087 0.388715 81.9699 
43.9427  25.2989 499.772 3.59557 0.15295 4.7953 61.8064 
70.7411  2.77148 304.459 0.551418 0.840013 5.45661 76.1667 
52.6456  83.6056 513.55 5.20207 0.70933 1.41177 65.3801 
51.029  88.141 892.722 4.78547 0.19079 2.85661 73.3731 
11.7021  50.9081 875.097 3.29249 0.865676 3.57632 95.8925 
47.2999  64.2335 1.97614 5.81949 0.246143 5.25378 67.5287 
46.2404  68.2486 543.425 2.71515 0.664872 2.33344 67.5579 
62.863  47.5579 588.825 2.95252 0.476875 2.31262 68.8375 
49.8505  1.91874 31.8165 1.04729 0.01143 5.0681 64.4281 
51.1582  69.7626 912.274 3.80715 0.469693 3.27322 58.4019 
-519.892  54.0493 1.1569 1.21514 0.815982 4.54358 34.4467 
645.576  91.7127 175.078 5.90206 0.436482 1.26133 0.3336 
88.4865  11.8092 5.34446 5.47928 0.743194 3.42609 91.5825 
60.8735  58.8831 505.354 1.01168 0.340348 3.56394 67.3078 
39.7408  90.9202 957.324 0.524459 0.57345 3.9445 47.5285 
-11.1959  29.0424 29.6725 4.67331 0.301547 0.491687 65.5308 
26.4582  79.6535 935.409 0.552771 0.711312 3.73827 59.6478 
31.9011  95.7814 462.57 1.72413 0.123769 1.55112 76.2063 
29.0388  97.0435 944.422 0.416232 0.633969 4.55497 82.2769 
43.1635  64.2284 577.922 1.40142 0.403788 0.0701828 63.852 
57.4692  3.22308 26.283 0.153018 0.484778 5.35491 70.2886 
148.105  70.6233 39.5883 4.52442 0.436375 1.07279 58.0871 
41.6048  50.0716 931.38 3.77505 0.265288 4.86704 55.7301 
50.1522  91.9672 510.528 4.216 0.0215017 0.849665 64.7061 
51.6209  12.2051 7.87919 3.98482 0.81788 5.25765 67.8311 
34.2584  46.0538 23.0496 2.57552 0.828774 3.90162 83.4981 
60.1182  69.7875 991.251 0.0408409 0.473378 2.96165 62.2877 
56.1157  87.2179 968.574 5.69707 0.510991 3.84267 59.4039 
52.8338  57.4298 857.868 1.27276 0.114459 2.41032 59.9588 
52.4803  77.3589 962.072 4.65229 0.407096 4.19273 63.3644 
74.6022  65.2923 1.88315 5.80429 0.595252 5.95407 49.7295 
120.604  75.8966 1.9883 1.31872 0.302872 4.20717 65.9137 
29.6555  92.2805 970.675 2.13882 0.581006 4.02164 49.2824 
44.9104  47.3213 534.176 1.84599 0.444246 1.81767 63.6091 
62.2635  60.4393 9.4199 5.09287 0.697799 4.21447 91.0746 
23.1979  29.3133 873.566 1.8879 0.290463 4.38 72.2782 
43.2037  79.2963 923.258 3.78412 0.283775 3.22966 54.3176 
61.8153  58.841 568.857 2.97021 0.213778 0.207774 76.765 
68.4918  67.1342 528.197 1.6175 0.562625 2.76603 68.7471 
69.3209  16.8008 871.798 3.91579 0.130253 4.87841 73.1299 
-748.265  85.9956 13.5128 0.717597 0.854704 4.71848 32.9627 
41.8483  47.71 487.611 3.62239 0.656091 2.47209 64.0005 
49.4962  74.8701 519.966 4.00381 0.328232 2.72971 67.606 
54.2279  17.0664 31.7087 4.61756 0.261248 1.68244 81.5593 
44.5426  78.2456 546.002 3.87657 0.39053 3.03114 57.5054 
273.198  42.4661 13.9706 1.50768 0.511194 1.32704 11.1093 
28.695  69.6304 491.774 2.27616 0.0309973 1.3547 63.9877 
43.1159  82.2766 517.753 3.22078 0.109869 2.72464 57.3286 
56.1771  33.2293 447.761 0.154559 0.607313 0.481706 59.4296 
54.2393  88.4457 908.967 0.903803 0.125374 1.68879 60.3478 
42.9066  93.8109 982.91 5.33227 0.627764 3.66703 50.162 
367.132  57.0642 578.895 4.22043 0.746262 5.09065 29.6227 
88.0633  40.9937 3.75649 4.05421 0.836931 3.93541 91.9628 
45.1513  71.5337 993.933 3.41261 0.589634 3.87825 66.2725 
53.3187  68.7713 993.949 4.08805 0.31261 3.26059 52.5877 
37.4163  91.6433 956.818 4.50285 0.511507 3.58611 62.3219 
43.0506  97.7855 983.318 5.36515 0.686735 3.76718 63.0804 
36.2196  73.1751 936.379 5.59389 0.439782 2.99831 49.5315 
75.0953  40.5096 3.83539 0.920149 0.627046 2.11254 50.5745 
30.6906  98.9132 982.051 3.33143 0.549324 4.10027 64.508 
52.1701  50.2329 894.762 5.89439 0.511017 3.98155 58.2879 
38.7658  66.6959 998.04 3.88823 0.377886 4.22743 59.2507 
44.6624  83.548 944.387 0.467351 0.450947 3.17221 54.5425 
192.822  48.2764 983.854 1.17743 0.52358 5.04874 56.214 
30.0928  93.6411 506.588 5.59096 0.230994 3.89288 63.1293 
641.468  34.0851 466.092 2.67297 0.597002 5.31227 72.6926 
55.7402  22.5851 7.08934 1.40766 0.633798 5.02075 83.9598 
66.6154  74.9046 113.748 5.02128 0.376945 1.77543 74.8187 
108.339  59.7892 5.71963 2.83945 0.290305 6.11308 95.5366 
21.7132  87.5968 544.487 2.02222 0.242687 1.8983 68.8602 
66.5877  82.1972 683.568 4.67183 0.713382 4.98979 77.3729 
42.4114  72.0293 561.94 0.743847 0.370766 3.06862 62.0676 
79.3999  42.7306 52.7878 4.99997 0.675251 5.0097 75.4023 
47.1395  56.5727 974.408 0.671889 0.426933 3.50917 62.5997 
45.9594  87.9423 659.646 0.0619846 0.653707 2.34038 64.8761 
-99.9829  7.46717 90.4106 2.87233 0.684903 4.13757 46.6711 
39.9057  70.3215 979.698 4.08824 0.52095 3.70256 59.9538 
37.0408  73.7895 506.6 1.42662 0.313986 2.10121 52.1914 
47.577  72.7823 966.94 4.27193 0.465106 3.27346 52.2515 
47.0194  75.4064 999.273 4.5055 0.397942 3.8861 55.4341 
51.7925  63.7287 999.246 4.30903 0.429854 3.88032 53.7019 
91.3895  17.4012 41.6513 1.29319 0.0597746 3.03709 79.5132 
27.743  80.6247 963.187 4.49443 0.370861 4.08788 58.2393 
53.5588  56.7689 619.945 0.18698 0.25965 0.887365 82.9329 
61.214  57.2604 949.052 6.07981 0.675099 2.2191 59.7546 
122.44  40.8263 70.083 0.0358184 0.326648 2.11518 46.0253 
51.3906  85.1836 845.271 2.37995 0.667815 3.90031 58.1148 
21.6471  74.9484 200.666 5.20882 0.0794873 3.44355 39.2467 
-696.836  58.8921 191.669 5.8561 0.330955 0.386839 55.1993 
50.371  21.3672 1.51423 3.52256 0.864325 0.326037 67.7791 
56.4809  40.4272 1.16808 2.11244 0.557713 3.03414 90.9117 
51.7505  90.5625 508.852 4.64554 0.494782 1.11028 63.5648 
27.8026  17.2598 10.591 0.960174 0.877021 1.26508 57.5003 
52.1494  79.8447 996.266 2.64272 0.405233 3.02639 56.438 
59.0174  44.7933 823.475 4.34304 0.593436 2.42009 60.1667 
182.253  65.6926 24.2285 6.20288 0.402448 2.82597 61.479 
40.9331  84.9989 990.806 5.36659 0.376178 3.10764 58.605 
54.0535  88.7589 500.697 5.09323 0.467598 4.22292 62.2532 
43.9605  74.9086 501.207 5.72783 0.271186 3.24616 56.2068 
47.1133  54.2271 481.776 2.56898 0.149708 3.7895 54.7203 
38.1289  75.1186 949.422 4.40644 0.414828 3.9816 53.6416 
27.8483  72.6609 948.883 3.29615 0.159313 2.43783 65.4121 
42.2603  77.5349 958.235 3.7118 0.425357 3.59601 55.2761 
88.5466  34.3108 15.8051 0.551565 0.688537 3.58334 53.0282 
34.8516  60.6328 14.9273 1.39575 0.885716 1.88456 74.9474 
89.8136  44.7401 713.949 4.69334 0.383563 2.11229 71.3358 
62.8461  10.4002 719.96 1.77617 0.732776 3.23973 64.4264 
-165.117  13.4112 151.284 3.66687 0.406557 1.1657 81.1583 
72.2835  79.4284 166.749 4.38085 0.636272 6.23431 90.0452 
47.712  58.0997 147.283 3.98109 0.391712 3.43176 64.8409 
54.3895  9.51524 977.703 2.22348 0.694123 5.43828 81.7361 
-134.306  38.1014 309.981 4.68737 0.238709 2.15154 29.5485 
52.3331  89.9917 936.285 3.98411 0.416955 3.06653 53.6309 
39.5967  57.6507 501.904 3.82046 0.297085 4.35103 67.1105 
58.9064  63.5198 963.463 3.47569 0.228349 2.88747 68.6194 
55.311  81.349 562.338 1.65569 0.75326 1.8954 65.5181 
55.2777  15.7209 7.31823 4.32337 0.199262 5.19976 69.5489 
49.3668  91.604 929.096 1.50704 0.684514 3.88208 51.0436 
45.7436  90.3736 512.409 1.03526 0.553979 1.79861 52.9241 
32.3765  93.9318 996.691 2.17256 0.437424 3.55845 60.2368 
81.7768  55.0741 658.009 1.13259 0.0697425 5.77219 70.4316 
461.734  88.8166 7.65987 5.87677 0.610545 3.39931 74.5368 
73.3887  38.116 26.8398 2.05036 0.769445 5.37658 84.968 
39.9655  77.2369 486.268 4.22617 0.33549 2.31181 61.9579 
44.3161  80.4115 863.709 2.14707 0.414331 3.54256 48.1261 
73.6746  68.6373 547.226 4.71668 0.345304 2.88769 82.8721 
68.7447  34.7467 45.608 5.17844 0.734789 3.77397 0.0373733 
215.244  40.7514 75.5105 4.47101 0.723599 3.3323 13.3592 
-58.1066  1.92361 9.75901 0.713887 0.135864 1.15709 69.8274 
53.1425  61.0461 493.799 3.12806 0.234174 2.90541 64.3425 
27.9232  78.3978 472.04 3.00976 0.114941 3.07145 58.1862 
44.3364  84.3672 508.166 0.624531 0.393689 2.51074 58.706 
49.5596  75.895 933.835 3.89731 0.24021 3.89893 51.1266 
41.778  72.758 933.861 4.30831 0.317249 4.05757 55.3555 
40.5397  81.0831 946.213 5.97754 0.430713 4.09995 68.1651 
30.8236  69.9633 993.949 3.3652 0.511732 4.16157 59.4001 
132.035  80.0598 35.8926 2.00865 0.363409 1.83521 7.12715 
73.2577  67.7001 2.27064 0.151017 0.800495 3.1543 76.5078 
31.0112  67.487 984.836 4.14167 0.690319 4.19565 67.2631 
25.5879  79.6131 471.079 0.617046 0.0338977 1.31198 58.6218 
41.0404  80.255 531.71 4.31692 0.419173 4.15137 63.5342 
61.1138  70.6471 541.036 2.31913 0.106974 3.06747 60.3889 
47.3446  49.4721 933.558 5.11083 0.253931 4.42224 53.2151 
55.568  52.9519 544.212 5.9292 0.474031 1.96434 59.4131 
57.458  92.3479 938.912 0.111916 0.721221 2.23884 92.3598 
45.5936  73.9129 973.967 5.622 0.507208 3.97944 59.2016 
40.4792  93.5957 978.196 5.20546 0.424781 3.56942 50.2556 
41.052  37.5539 260.622 0.0605133 0.875228 0.330089 69.4368 
39.6176  86.5921 937.124 5.25464 0.398949 3.90138 57.544 
49.5502  77.521 946.192 6.16686 0.589056 3.72101 58.3275 
36.808  72.3969 992.456 5.09065 0.376779 3.93043 55.8387 
70.6484  37.9875 114.041 4.44631 0.744409 3.59722 85.9795 
44.5109  94.0215 505.722 4.36658 0.726559 3.87271 64.6262 
48.3714  72.341 873.657 4.27028 0.568052 3.45335 67.737 
40.2252  40.2465 510.302 4.12778 0.029056 0.050465 78.3554 
47.5277  79.4579 999.066 1.33574 0.465295 3.8766 50.2694 
25.9853  24.1501 517.073 4.21501 0.753481 0.169722 85.2436 
80.6239  53.9227 905.867 4.25281 0.878362 3.51329 62.6728 
-773.8  96.9966 2.25831 6.12979 0.239538 1.36509 54.9851 
55.3986  97.6032 987.402 1.20376 0.63985 3.72378 57.8797 
60.89  98.7052 960.335 0.94295 0.724279 4.1813 50.9315 
36.2325  52.1944 997.273 0.716485 0.170128 1.93721 70.5533 
53.5228  69.3595 985.705 0.297196 0.166 3.01647 56.9629 
69.5894  83.8359 612.816 3.65303 0.517559 3.17383 82.5227 
81.1333  71.9424 897.37 5.68602 0.368694 3.76836 66.1283 
67.1804  49.6893 557.323 0.772318 0.457458 1.11599 53.4256 
60.6352  89.6817 996.432 4.50475 0.773074 3.9675 54.9924 
36.3974  82.9678 972.226 2.68548 0.344719 3.4927 55.4846 
38.1747  96.265 979.226 2.65977 0.646804 4.02309 54.9006 
52.784  88.3142 511.089 5.05175 0.673174 1.59821 55.2674 
50.5575  82.6209 989.028 1.84663 0.495396 3.97754 55.0041 
32.0068  87.3097 720.136 2.87905 0.35935 0.98856 42.552 
41.9772  86.5894 974.88 1.96589 0.368346 3.47503 58.1526 
44.1333  95.0458 976.856 2.33248 0.403241 3.54892 58.1473 
40.5732  93.772 958.161 2.42117 0.344352 3.33769 64.2906 
40.0944  90.269 993.753 0.729952 0.449589 3.37012 57.1957 
23.681  75.1787 3.33199 5.87179 0.294969 3.61786 91.8644 
8.02851  8.87537 77.7149 5.02259 0.617978 2.12957 90.6836 
37.6121  90.546 934.396 1.12938 0.470634 3.88406 59.842 
44.0739  68.3651 569.6 2.52867 0.400454 5.66413 68.2661 
41.8049  78.5648 983.003 0.477314 0.480953 3.5836 57.8719 
48.7811  18.5505 608.699 4.54345 0.345009 1.57501 82.1196 
43.4334  82.9841 968.064 3.55485 0.423591 3.60474 52.4649 
163.144  18.3222 580.729 3.04063 0.22384 4.07526 53.1857 
45.7871  89.4691 934.351 0.47493 0.632282 4.18986 61.7352 
231.962  10.3841 33.1296 4.71618 0.355911 1.8439 65.355 
370.635  4.67038 163.439 0.191664 0.317415 3.7352 73.29 
47.7701  68.2114 996.823 3.68729 0.43288 4.52822 56.2915 
1484.45  4.9161 715.782 5.51344 0.449693 3.49039 90.0147 
40.5495  66.4217 482.131 0.995204 0.465663 3.55701 56.8286 
34.8116  81.4233 498.873 6.27853 0.21236 3.56905 57.4095 
103.173  10.2924 82.0362 2.98448 0.260553 2.80311 0.0119808 
41.5442  67.9717 998.946 5.81924 0.495399 3.70906 57.7381 
40.1099  38.4939 1.38214 0.318598 0.130592 0.664764 25.0233 
45.5218  89.796 998.948 5.60179 0.540804 3.6749 57.8976 
42.7717  84.3018 950.14 5.10694 0.446334 3.27419 56.4264 
59.2041  75.817 973.111 4.74899 0.450456 3.63184 51.1342 
-92.1895  51.1371 3.15948 2.6107 0.494729 0.0157692 0.0119268 
45.7651  77.2436 978.681 0.58902 0.278078 3.50007 60.3703 
66.4053  21.843 111.515 1.35748 0.135227 0.319969 67.9912 
47.1226  92.9692 994.43 4.89866 0.514507 3.61041 59.7097 
62.7205  31.1552 114.533 0.0911655 0.469294 5.51315 61.6578 
50.3094  49.4823 516.238 2.7576 0.128378 3.69908 69.1311 
40.1452  87.4607 995.241 4.70519 0.405923 3.81555 55.4445 
46.1118  61.4768 992.664 3.86163 0.297282 2.1626 61.9521 
37.0515  82.0488 532.931 2.64936 0.45243 2.9765 57.0999 
72.3218  13.6469 14.2322 3.92038 0.427043 4.93518 79.4065 
61.9099  3.10533 8.56774 5.70614 0.467564 4.83328 76.0859 
290.225  67.8045 63.8734 3.09521 0.0959654 5.96944 81.0741 
43.6063  85.3306 998 3.76186 0.435579 3.62267 53.5 
38.2449  14.9921 306.549 4.65357 0.567698 3.13565 88.2487 
37.2859  73.7089 976.375 1.50087 0.307259 3.29612 65.3239 
98.2833  5.32568 59.4958 0.247564 0.247121 0.554231 50.7712 
59.0696  41.7759 934.784 0.840323 0.0367791 4.86039 67.5425 
21.9409  64.1859 465.411 1.2755 0.0342606 4.45864 54.1659 
70.3584  76.3219 751.784 2.05086 0.742378 4.42649 82.5083 
49.8789  81.8036 986.304 3.31685 0.494083 3.14349 55.5187 
51.3962  65.2559 499.831 3.60715 0.191343 2.98409 58.3159 
41.7165  89.1145 505.312 4.94549 0.0586906 2.23967 64.564 
269.352  92.1713 9.83544 1.36954 0.614787 0.626764 11.3606 
33.876  68.5662 494.979 3.26093 0.0945008 2.03595 69.0094 
50.3334  84.4882 943.409 1.98797 0.546011 3.60414 64.5861 
69.5433  76.6593 875.097 2.47741 0.115699 3.36762 71.2113 
43.1173  70.4402 536.461 0.796545 0.184957 0.0809067 46.9754 
48.252  97.8021 932.128 5.77119 0.416387 3.20164 56.5939 
-1051.05  1.44393 661.711 5.96303 0.72471 2.68765 0.105953 
38.0005  92.5105 990.125 0.0287777 0.588734 3.83456 54.1316 
47.9089  85.2608 984.312 2.58234 0.695456 3.69747 54.5895 
41.7564  68.9722 997.379 0.348912 0.424443 3.81206 52.3384 
39.8142  94.804 944.477 2.33249 0.439016 3.06004 57.2769 
43.4617  84.1401 945.217 2.23645 0.410354 3.36802 62.6406 
42.2242  74.65 939.47 2.65137 0.461579 3.64547 58.9595 
1599.44  41.9274 2.37366 4.10609 0.52365 3.4692 16.7776 
41.9406  70.777 979.547 1.68883 0.340823 3.77606 61.8518 
47.3285  84.583 929.062 1.50165 0.405718 3.31931 60.7677 
38.5149  75.9009 984.207 0.597475 0.440726 3.94287 51.9998 
46.6519  73.0003 992.605 1.32349 0.442475 3.86032 53.3917 
63.9764  73.8844 521.013 0.100831 0.252627 3.59218 77.4505 
42.8661  89.8008 979.104 1.01934 0.461014 3.54065 55.0092 
39.0887  81.2088 984.823 4.15893 0.423311 3.82742 54.8049 
61.1029  27.3175 367.713 2.17692 0.67932 1.24855 83.4846 
34.2551  84.6423 523.228 0.887849 0.355091 2.28139 62.9574 
49.3993  73.3223 999.066 1.24623 0.496347 3.87877 54.4366 
47.4853  72.2339 991.767 1.09961 0.476527 3.55679 56.6714 
47.5965  87.5235 980.964 5.66467 0.373399 3.68074 53.7154 
44.063  80.2755 991.778 1.0681 0.433753 3.6562 57.4596 
42.3915  98.3646 957.692 0.555376 0.669328 4.03068 56.1004 
34.5256  90.4639 992.176 0.741702 0.554674 3.84629 54.9954 
44.5094  82.9132 956.702 3.05454 0.379025 3.42739 54.4778 
47.7555  64.6268 962.205 1.05183 0.361667 3.48595 57.2578 
61.5723  50.9925 655.943 6.171 0.181887 1.2841 79.3119 
32.9478  93.0059 497.412 4.42564 0.414024 2.51979 59.1723 
43.8023  79.0646 999.086 1.63273 0.502089 3.8297 54.8094 
46.9901  34.717 537.752 5.26436 0.0679091 1.38972 77.5224 
49.4933  53.2836 943.931 4.57087 0.518453 3.41326 59.3549 
787.457  77.0637 14.0896 5.43101 0.738366 0.507349 27.7338 
44.1026  77.18 934.196 4.84962 0.257739 3.00075 57.7503 
51.1336  17.8289 75.7052 3.30654 0.587698 0.0761715 81.2893 
49.4875  69.1552 527.637 2.13887 0.297365 2.07808 55.7119 
27.1497  92.9908 436.933 4.76893 0.434188 3.38243 49.981 
42.481  79.9832 989.127 3.24445 0.527626 3.75085 54.7502 
39.3557  83.7903 948.297 4.57769 0.442621 3.63475 59.1814 
34.2387  85.7116 962.767 4.05544 0.579438 3.49026 71.6112 
40.7806  33.1745 521.149 3.13527 0.70008 2.16321 60.7684 
42.0944  88.9625 988.332 3.43033 0.528174 3.70512 54.6372 
43.295  88.7651 982.694 1.69216 0.478818 3.79964 59.6305 
39.8162  65.1804 943.514 3.66863 0.430912 3.97803 66.3566 
37.7985  84.9677 983.08 1.60324 0.66648 4.07839 57.467 
50.4696  41.0466 572.507 1.21118 0.0399629 5.62729 70.0131 
42.5681  86.1077 972.173 1.75489 0.477457 3.65866 57.256 
38.4797  79.8243 938.464 3.90343 0.370958 3.64221 58.121 
-289.802  66.7084 125.464 1.23376 0.154801 1.07879 22.2776 
49.5368  85.3368 968.112 4.9296 0.518768 2.77754 54.6228 
41.3721  74.097 995.927 2.83072 0.504011 3.83578 54.4605 
34.6751  18.586 8.06297 5.15634 0.397129 5.09221 73.613 
970.246  3.16734 18.5228 1.05013 0.720185 1.80571 35.1206 
35.4188  8.50864 4.66698 4.0709 0.881204 3.63096 81.5408 
44.8663  75.2918 907.838 2.93931 0.535054 3.4687 67.8038 
-48.769  16.2707 3.49939 4.03174 0.399329 4.8971 91.8365 
46.6563  89.8915 960.032 2.24522 0.619083 3.70093 58.3438 
42.3687  82.3961 510.397 1.41594 0.491106 2.64877 55.7169 
39.0915  79.5988 510.399 1.45109 0.265534 2.31745 59.0986 
45.8286  75.9716 995.285 5.43388 0.430136 3.78462 54.7853 
41.2674  84.9545 995.291 5.68129 0.401607 3.764 56.4945 
35.9974  92.3618 965.75 2.97633 0.482755 3.63427 53.5868 
41.4091  84.7484 989.116 2.58235 0.669131 4.15115 57.1825 
52.246  95.0989 994.896 5.69549 0.783122 4.00427 53.9844 
41.5377  77.7293 505.842 6.20263 0.166888 2.01504 60.9636 
70.3807  92.8471 145.087 5.80264 0.637308 0.332911 64.7598 
43.247  81.3102 999.555 2.69894 0.474892 3.62451 58.8507 
66.7637  96.91 914.345 4.12685 0.725621 3.62403 48.1654 
43.0082  79.2888 991.797 1.48485 0.439697 3.56084 55.5156 
44.5989  73.6585 999.551 2.39671 0.475229 3.87265 56.5163 
74.0002  81.5974 956.978 2.0309 0.725519 2.56556 73.4721 
38.2948  9.7652 20.2353 3.9335 0.0646207 2.09011 74.5648 
41.1985  99.096 956.475 5.18904 0.648278 3.8962 59.4536 
62.095  0.615019 94.328 1.47678 0.496662 0.629204 92.905 
41.1371  50.9717 13.9063 0.16098 0.695006 1.26953 68.8625 
68.6765  63.4166 913.9 3.06458 0.601628 3.38054 63.2512 
43.6327  70.8715 984.043 4.48952 0.381971 3.88175 52.7281 
110.555  74.5938 15.4265 1.30328 0.786046 3.2091 99.5289 
41.5327  77.565 979.681 3.96941 0.337536 3.60347 52.6941 
37.9337  89.0724 992.628 1.42815 0.467949 3.90439 60.0062 
38.1753  55.8318 896.168 0.126655 0.0305992 4.99883 72.912 
70.3207  23.0496 6.44168 3.67998 0.401167 0.95088 61.1388 
51.6083  83.7619 955.2 2.67745 0.591229 3.72291 57.8849 
49.3586  23.9815 4.69405 1.18498 0.496625 1.29132 78.9791 
48.0541  91.0276 995.228 4.65431 0.57237 3.72484 56.8332 
-166.827  35.5254 1.33019 3.75006 0.0329558 0.00617746 92.727 
41.869  53.758 561.844 2.46951 0.276435 2.5434 79.4284 
63.2411  56.9682 872.238 0.942784 0.820033 3.0714 61.8532 
59.5677  93.831 922.028 0.106948 0.802027 4.52424 58.8358 
46.0153  44.5665 890.955 2.31767 0.036392 2.52028 69.7314 
5.95604  22.5674 41.0373 0.0866543 0.676918 0.550365 90.1136 
49.5632  67.7854 980.678 1.11305 0.353754 3.75195 56.6151 
44.8248  83.7854 962.464 4.89341 0.544054 3.85214 55.2307 
38.4825  84.9447 994.139 6.26539 0.4366 3.83359 54.3173 
47.4618  91.6906 980.119 4.63195 0.695012 3.70866 59.0945 
40.4387  81.6584 989.326 0.291581 0.425474 3.6597 55.7658 
46.5815  86.9416 977.764 4.63378 0.399826 3.5323 56.1554 
42.0355  78.2656 994.47 5.52539 0.395695 3.50558 57.9868 
52.8923  75.417 959.265 2.07717 0.859086 4.00252 52.4332 
68.4032  2.45923 2.04235 3.75736 0.777796 3.23349 74.8736 
72.0714  37.3197 1.20243 3.68483 0.766273 4.8136 10.3301 
47.076  81.3396 984.639 1.62089 0.463171 3.52958 56.3399 
42.8532  80.2755 993.099 2.99523 0.421359 3.62397 55.1799 
48.3452  80.9797 988.491 5.76484 0.45508 3.76947 59.1561 
-58.2689  94.9397 89.5234 2.50631 0.224795 3.53866 97.2755 
46.9677  80.2606 982.048 4.18643 0.426012 3.71921 56.8838 
42.6842  78.311 999.788 6.06526 0.491653 3.84254 54.8515 
51.0423  86.061 964.746 5.39597 0.622431 3.58734 59.4261 
37.118  95.2152 525.906 5.64011 0.359067 2.9961 53.9736 
45.4126  78.8445 525.906 5.65176 0.155944 2.94401 54.9869 
50.2406  88.1947 986.841 5.23437 0.451181 3.3745 55.1969 
40.9009  88.4425 991.429 1.70288 0.518687 3.80727 58.2547 
45.3969  87.696 996.706 2.59226 0.445128 3.61902 56.5441 
47.7036  84.6579 961.019 5.88911 0.548032 3.89895 56.4318 
52.047  83.5667 955.682 4.70319 0.490507 3.46875 57.5864 
40.5681  84.6788 991.395 0.934757 0.454548 3.7277 58.314 
37.5428  91.1999 983.037 1.083 0.527376 3.63026 54.6652 
44.4433  87.6888 991.797 1.30273 0.494778 3.54966 52.6382 
39.9547  77.5811 994.272 2.14142 0.438833 3.80719 60.9358 
43.1921  73.2589 991.796 1.46223 0.401557 3.59806 56.3214 
42.1634  80.5742 999.459 1.07849 0.433272 3.79294 56.0872 
23.7688  51.3092 475.851 2.72474 0.118262 0.923768 82.6031 
44.1143  83.7529 999.851 0.888728 0.508365 3.64976 56.641 
41.1494  85.8949 993.14 3.37037 0.493686 3.76166 53.4583 
46.3254  83.9146 998.721 2.30287 0.498038 3.64538 55.1392 
43.2994  90.7305 992.583 1.15892 0.536635 3.76061 54.7875 
38.9128  74.5275 971.197 4.44423 0.35602 3.75373 59.4518 
40.5092  83.903 998.72 2.18744 0.444414 3.68615 54.8827 
44.2328  86.1237 998.311 2.15865 0.568901 3.78628 56.2106 
43.6385  85.8241 998.313 2.22315 0.415321 3.70156 58.6073 
42.4224  83.2072 998.328 2.57468 0.424401 3.64223 52.7021 
-1256.9  23.6134 40.3868 3.1906 0.0718012 4.68676 79.8178 
68.0032  69.3211 9.96892 4.89875 0.211652 1.60858 66.5243 
204.654  63.9416 3.5311 5.34482 0.884024 5.79419 36.6151 
34.8938  89.7885 984.377 3.17548 0.533775 4.00408 59.7312 
45.22  84.8524 998.251 1.35518 0.517825 3.69332 57.5135 
45.8976  83.8068 961.418 0.223631 0.343932 3.63315 57.2163 
43.1583  85.1477 975.749 3.32094 0.446021 3.69587 54.6808 
50.0329  84.8481 986.24 1.51176 0.4366 4.35018 56.1722 
42.9292  85.4634 993.808 1.41455 0.450654 3.66185 54.3832 
42.1788  73.9912 496.684 3.19025 0.427174 2.36832 52.7296 
45.5256  85.5944 982.781 3.09803 0.57916 3.91994 55.1823 
52.6577  55.0875 483.086 2.93823 0.208996 1.9859 62.5951 
62.0025  68.0835 981.972 4.5924 0.0861589 1.99325 51.379 
46.9079  69.1314 970.213 1.39259 0.417675 3.36118 59.9963 
37.5524  56.2201 913.602 2.79614 0.450484 4.06373 57.9811 
42.8863  79.911 999.619 3.82031 0.467372 3.47254 60.548 
40.9468  78.9638 513.186 2.1516 0.336058 2.48243 59.6396 
46.2162  94.0005 968.294 1.26125 0.580711 3.41679 54.982 
48.8246  75.9013 509.244 2.5559 0.184885 1.92073 63.828 
45.1016  83.3779 999.235 3.97869 0.467151 3.69157 55.0312 
69.36  63.4048 932.235 1.08311 0.258928 3.35289 73.929 
228.42  34.8588 6.93697 5.60474 0.76525 1.2466 40.478 
-367.88  2.17329 12.1452 4.31442 0.386196 2.63796 29.4078 
41.1461  87.9409 484.426 1.85555 0.376611 3.69125 54.8412 
61.723  61.2322 440.768 0.426567 0.274815 0.537884 73.3714 
42.364  72.2592 496.924 5.62065 0.457326 2.02575 68.9639 
44.5333  85.4 999.245 4.24304 0.469765 3.56291 55.8219 
-220.014  88.0546 187.735 4.58977 0.636476 0.555166 13.8051 
-374.651  38.0001 510.261 3.69013 0.270756 5.6431 0.0197812 
43.962  88.1678 999.235 3.94988 0.472694 3.63519 55.9962 
42.6386  73.6833 999.637 3.83617 0.478543 3.83985 55.0619 
44.6596  83.0647 994.716 2.98924 0.48566 3.67298 56.0767 
50.6464  92.5783 976.953 3.9303 0.427208 3.65532 53.5403 
187.942  65.5069 43.5331 2.80004 0.00846062 4.88298 34.4156 
40.5327  75.3218 980.428 3.74897 0.324392 3.3149 54.8562 
-727.38  5.79351 1.49033 5.78804 0.427849 4.62547 83.3119 
44.2709  65.2898 466.498 1.36996 0.11724 5.89569 64.0878 
56.2458  0.38065 1.16471 0.536724 0.273714 3.15067 64.567 
40.3829  88.2353 993.922 3.06214 0.493561 3.82422 55.6762 
40.5465  83.5631 961.735 5.64741 0.442509 3.78088 58.3134 
62.2161  53.687 930.506 2.99506 0.190406 2.51659 57.3268 
39.6702  82.5965 986.668 2.32777 0.500518 3.46655 53.6056 
62.8214  54.6364 20.2734 1.72284 0.686844 2.52488 82.9144 
27.8084  44.3277 423.68 3.98478 0.264595 5.79315 69.0995 
26.2238  36.3232 326.551 5.6333 0.10703 0.175986 77.8898 
49.4845  86.4434 976.075 2.16572 0.527402 3.87334 53.9597 
53.8228  58.0497 573.041 5.404 0.191917 2.11625 59.1602 
49.9327  81.6861 985.988 3.77161 0.421044 3.9519 62.6664 
50.7414  94.4831 994.303 3.37478 0.659729 2.93287 57.6112 
-137.41  64.3885 11.9206 2.87691 0.201663 2.03975 37.1198 
-146.513  51.8443 734.416 5.3975 0.534787 4.65233 73.6657 
44.968  57.7921 548.673 4.72724 0.263757 0.974604 59.7447 
39.7561  85.8955 997.958 2.92639 0.543694 3.89546 55.7068 
45.4786  78.4359 997.546 3.00947 0.425528 3.7054 56.0478 
60.7413  1.57099 4.96467 5.39356 0.871436 3.13467 83.1913 
36.6072  32.5154 843.997 5.83429 0.525817 4.05058 75.609 
71.9803  7.2546 5.14542 5.05231 0.360089 3.42332 84.2659 
42.079  84.5464 997.556 3.109 0.500457 3.6879 55.7542 
34.3917  78.9337 561.025 5.39618 0.27979 3.68401 71.2633 
43.7682  85.6898 997.171 3.32593 0.499401 3.76403 55.4881 
43.9038  80.8553 997.169 3.42353 0.489992 3.74211 55.8898 
45.6256  63.8088 995.202 5.10337 0.424001 2.68451 61.0387 
43.4474  80.8581 995.958 3.47367 0.459607 3.68211 54.424 
-1367.91  4.14526 2.64616 1.81671 0.700976 2.52434 74.81 
51.7092  65.8363 844.888 2.31623 0.671175 2.15788 63.7465 
47.3885  79.1546 971.492 3.4284 0.371589 3.45398 58.3279 
35.413  93.9811 508.361 5.72576 0.364207 2.91807 59.9745 
-29.949  92.1419 122.768 1.43655 0.456624 2.6903 83.8498 
40.8483  94.2365 999.698 4.69568 0.569647 3.72306 53.7545 
99.8966  6.26635 16.7598 5.19705 0.809908 5.65893 92.9363 
-617.547  77.8599 200.829 4.13165 0.765345 3.18941 7.64046 
67.3542  10.8361 32.7035 4.5727 0.635317 1.73541 68.6398 
57.2429  51.5095 487.105 1.01373 0.0326141 4.08219 72.398 
247.991  11.8306 7.33629 5.11296 0.212669 0.364196 28.3303 
38.7031  88.1185 970.134 0.447294 0.188376 3.58912 77.2193 
52.8276  87.1137 956.47 5.23657 0.664853 3.84944 56.3432 
14.3143  32.1685 7.99291 5.383 0.259427 1.46604 70.813 
41.0931  56.4617 560.023 4.89174 0.0277356 5.61737 61.4331 
41.9202  45.1195 426.89 3.26937 0.207421 4.09186 70.0808 
50.0051  70.8136 945.415 5.24393 0.514587 4.05093 59.9782 
44.2521  85.4566 974.845 1.09854 0.442928 3.71138 52.8431 
35.5414  74.4204 519.768 5.2501 0.0772182 2.91964 67.57 
51.7738  79.3878 982.807 3.69695 0.502897 3.47259 50.5066 
92.2297  70.5631 95.8287 3.3054 0.0178153 3.02751 69.9525 
61.2989  33.5467 32.0547 1.95279 0.419703 4.84755 68.5869 
41.8089  81.8561 505.989 6.04417 0.451785 4.8862 69.1784 
38.1184  86.5439 989.026 1.70758 0.429149 3.78672 58.88 
63.4416  68.1462 480.347 1.58576 0.68813 4.52711 52.6634 
53.2937  75.8162 994.963 0.711273 0.53294 3.67408 51.8138 
43.2011  81.3382 994.963 0.674199 0.40286 3.54868 55.1571 
29.4868  87.9556 529.378 2.93526 0.425653 3.31659 56.9772 
35.3333  87.8679 989.444 1.65165 0.482416 3.8875 60.4795 
46.3657  72.7068 985.223 4.52346 0.3652 3.77338 51.8987 
99.7182  25.9701 17.0621 0.253024 0.434446 0.902121 66.2536 
45.8001  60.7396 511.242 3.04586 0.0466224 0.466267 66.253 
25.8587  65.843 416.016 4.79889 0.669485 1.61237 59.4732 
34.8292  90.8181 994.573 0.506425 0.462763 3.7188 56.86 
37.6229  58.4261 945.229 1.9013 0.0816006 3.93769 62.7627 
42.068  79.9365 995.606 4.29549 0.427818 3.71249 56.7069 
42.0817  79.7746 995.607 4.28407 0.467623 3.68228 51.3153 
34.2014  99.1274 985.04 1.2592 0.501153 3.84268 54.7635 
44.2922  37.1545 477.138 0.525143 0.899342 3.17001 68.3921 
45.3509  83.1359 988.614 1.62417 0.448361 3.65818 55.8878 
91.8443  24.1212 52.8366 1.38714 0.1618 1.9452 64.9749 
14.1159  9.19826 716.828 0.248645 0.682493 5.76776 82.0607 
73.0739  33.4751 551.186 0.824372 0.0733624 1.51525 75.2598 
39.4321  73.4702 534.002 6.1191 0.18253 0.766512 59.9776 
43.5934  82.9578 985.509 2.53851 0.449493 3.90639 57.2222 
29.3307  95.07 994.712 2.55746 0.334197 3.90258 62.3125 
42.234  88.5201 994.71 2.76141 0.535225 3.77137 54.1067 
41.7095  84.3483 998.468 4.57893 0.459192 3.81194 55.8614 
29.6206  98.2207 534.979 0.197242 0.425783 2.92569 63.6281 
45.792  82.1746 997.874 1.78683 0.424702 3.67183 55.2837 
27.3435  53.7084 435.953 0.0166372 0.348534 3.62722 59.3827 
50.0737  22.879 216.051 4.07375 0.391824 1.64881 59.3529 
42.4314  81.6036 994.008 4.4352 0.467306 3.8448 54.2037 
43.4041  85.0103 998.358 3.0262 0.454782 3.79218 55.0908 
44.3865  80.4483 950.498 4.83479 0.39837 3.4673 54.5183 
39.5232  81.9735 998.033 4.08099 0.408605 3.83061 56.0742 
39.1431  74.1749 992.67 2.55888 0.268981 3.69716 53.844 
52.5162  77.7148 497.746 0.721414 0.562997 1.50385 52.6191 
35.8246  75.6715 499.675 0.732661 0.287292 1.95652 54.3106 
47.7103  81.5461 999.13 2.54124 0.568574 3.50964 59.9821 
52.6865  52.6638 495.409 5.08762 0.338171 2.21543 61.1146 
42.0558  79.58 998.049 4.37721 0.458258 3.77528 56.2189 
55.0415  93.288 988.705 2.95872 0.677245 3.97284 55.3695 
45.7749  81.3239 998.052 4.53274 0.473765 3.70568 54.3775 
41.3635  81.5363 999.269 4.52609 0.423785 3.65687 54.4365 
46.8338  86.3669 997.91 2.23731 0.587192 3.91048 58.0093 
41.6983  67.2042 501.44 2.42175 0.42632 2.30438 58.1347 
40.2128  79.0913 969.503 1.92603 0.329359 3.67718 60.0981 
44.8284  82.9433 999.561 2.83655 0.492662 3.60052 58.4865 
44.8738  90.5159 518.168 1.95426 0.344551 2.37406 57.8603 
45.0929  87.3058 998.682 1.66376 0.48398 3.70894 55.0556 
20.9928  87.0632 966.374 6.01992 0.773426 4.98213 79.8226 
45.3011  85.4962 998.681 1.54953 0.528143 3.89408 55.8203 
43.992  85.9931 993.762 0.629228 0.455084 3.64691 55.1702 
41.4566  95.6559 993.765 0.446635 0.622301 3.89423 54.1356 
41.1449  91.3226 998.602 0.331206 0.548079 3.83994 54.1734 
43.966  79.5603 998.669 1.5145 0.480583 3.70106 53.937 
46.7755  85.0607 986.619 1.43659 0.552111 3.71315 57.1248 
44.9407  68.0641 988.225 1.70475 0.335171 3.80183 53.959 
43.2207  88.0088 993.013 1.37772 0.502153 3.78398 56.4099 
34.4331  65.5786 953.272 1.47149 0.650964 4.20666 46.2255 
42.5829  81.3561 989.027 1.66574 0.409404 3.7617 54.9081 
42.8456  80.2764 994.231 1.65452 0.464898 3.77627 55.9224 
41.7317  81.2031 999.787 6.24335 0.43343 3.68014 56.0173 
44.3588  80.9447 995.12 3.00371 0.474903 3.69325 55.6509 
43.9185  80.6703 985.72 6.03392 0.426339 3.68074 53.7848 
42.8299  81.5601 999.045 1.07195 0.479222 3.57743 53.1565 
45.0266  78.0587 997.063 1.7294 0.47704 3.77676 55.8128 
42.0003  87.7125 996.666 1.79089 0.553618 3.80339 54.6185 
48.3363  81.3696 983.002 0.730762 0.377997 3.55426 51.1336 
42.905  95.084 979.452 6.21993 0.523594 3.78502 54.1134 
50.7939  69.4486 566.535 4.72429 0.0654591 1.44208 64.2072 
42.351  81.3049 979.065 0.392363 0.429279 3.59155 58.6333 
39.7935  84.5116 998.663 1.2073 0.434855 3.75647 55.2041 
36.2848  73.8911 987.406 1.10343 0.385272 3.94204 55.0998 
40.813  91.121 988.154 0.411437 0.50527 3.88034 52.5696 
60.3997  63.0759 460.269 4.7528 0.722539 2.79783 94.4513 
40.6712  82.3775 988.18 0.725966 0.606403 4.05619 52.3213 
41.1646  85.1092 998.649 1.07319 0.49208 3.82327 54.7876 
37.8939  87.2184 992.303 2.76064 0.511383 3.86813 55.5601 
44.6989  72.1922 992.238 2.22303 0.387866 3.49387 55.2886 
44.355  81.6702 999.475 1.44227 0.443926 3.6722 54.842 
44.0543  84.6375 993.441 1.87648 0.534958 3.83422 56.3191 
50.3018  84.3877 977.248 2.45575 0.471168 3.70085 55.5224 
67.3977  95.6401 15.67 1.47183 0.727469 0.00954104 74.9094 
40.4114  85.7348 993.016 1.57449 0.465106 3.64381 57.8987 
46.0952  48.3172 455.19 0.764074 0.0470541 2.92464 56.6925 
51.6916  77.2528 976.018 1.33416 0.50869 3.84765 55.9844 
45.2419  83.3579 988.47 5.48915 0.511399 3.82741 51.2037 
246.212  68.0522 181.644 1.68511 0.209604 1.55153 39.9505 
41.5792  88.0716 981.379 5.92497 0.575408 4.00766 55.291 
44.2844  96.6232 479.654 0.0453478 0.332854 3.17796 63.6596 
-26.3976  39.2759 4.59954 4.9912 0.103332 2.68296 64.949 
40.3867  73.9541 975.043 4.95962 0.316633 3.23057 60.3771 
40.411  85.9913 995.284 5.49158 0.474748 3.73279 56.5353 
53.3367  50.1259 508.767 4.12737 0.0232823 3.46302 64.6774 
50.0201  52.6862 563.554 5.59512 0.48945 1.67257 77.6279 
48.2836  64.5909 578.171 6.16849 0.285432 0.927018 61.421 
53.3229  88.7244 986.01 4.293 0.590328 4.23079 61.8586 
35.3679  56.2698 966.435 2.04655 0.684648 3.75386 63.9618 
61.7859  45.889 257.831 3.97105 0.573213 3.64823 75.0991 
43.8532  82.0012 998.689 1.752 0.387828 3.72618 55.261 
46.4352  82.0359 995.223 4.6353 0.45199 3.68223 54.4801 
39.417  86.1505 999.339 5.42366 0.463975 3.79487 54.676 
56.2132  0.0108897 1.09652 2.72976 0.181307 1.70162 74.8704 
506.984  52.3582 1.57855 3.45011 0.49132 5.762 25.0761 
44.3035  82.0342 998.033 4.20327 0.435104 3.73465 52.9295 
47.4946  71.1274 934.087 1.79581 0.500514 4.05343 55.9281 
44.2207  81.9575 998.036 4.3275 0.4728 3.64647 54.3532 
43.4805  79.9814 995.219 4.47819 0.52339 3.75756 54.7748 
88.5454  26.4773 1.23235 6.15119 0.782118 3.85931 72.9571 
19.1612  89.4207 947.839 2.741 0.285015 3.71452 61.3727 
44.7398  72.1432 995.217 4.54525 0.423479 3.74103 58.152 
40.287  86.5215 999.348 5.66345 0.482066 3.72313 54.6382 
57.9906  16.173 1.0894 6.21959 0.838191 1.1151 66.4779 
43.9301  84.3962 991.991 4.40904 0.48321 3.6952 56.3276 
45.0628  89.5774 995.212 4.38488 0.541652 3.69412 54.3894 
18.6623  74.4855 109.716 1.1118 0.545916 4.74325 51.9085 
65.3478  68.8786 90.5339 1.96475 0.837906 2.55114 77.9827 
41.0825  90.3144 992.797 4.2447 0.580434 3.91675 57.1963 
40.6016  55.5268 983.357 5.44352 0.307418 4.21686 61.0677 
43.8628  86.2631 909.053 6.22008 0.588311 3.89234 63.1995 
36.512  51.8917 461.965 4.90382 0.12474 4.92981 57.2289 
42.5813  83.6033 998.465 4.56811 0.489429 3.75688 54.944 
33.73  69.7805 483.218 5.80581 0.109547 2.31992 65.4576 
46.1719  79.859 993.763 1.08784 0.394994 3.13624 59.8743 
45.3124  80.0179 998.464 4.69073 0.439765 3.63525 53.9278 
23.198  24.7832 575.425 1.67271 0.832728 5.96325 50.0021 
56.3879  54.5242 508.714 4.16045 0.0872625 0.552414 59.9411 
45.2776  81.202 998.483 4.88306 0.428018 3.68808 56.1279 
-219.11  92.8466 236.04 3.56162 0.840465 5.84557 86.9848 
41.7885  86.2998 999.735 5.47849 0.457354 3.61812 53.5669 
49.3183  67.5575 943.01 1.33132 0.309031 3.79117 64.6024 
40.5797  84.9107 994.232 1.4447 0.531085 3.83524 54.2002 
43.3276  85.4878 998.475 4.69931 0.529904 3.82116 56.0643 
44.3096  79.9681 999.739 5.47437 0.434111 3.70123 54.6202 
-377.107  81.3848 85.1902 0.19879 0.038243 0.907485 7.14812 
46.0895  84.8696 995.837 1.5361 0.575946 3.69712 51.2374 
40.0791  68.7257 603.532 2.40724 0.0634025 0.986321 59.647 
-311.936  58.8163 6.16595 1.86191 0.525332 2.63847 51.6335 
43.5253  85.6568 992.631 1.82046 0.440025 3.76222 58.4992 
52.1635  63.4283 595.94 1.16381 0.397764 3.05721 60.3157 
44.6874  83.2989 999.765 5.76436 0.516609 3.84184 56.3383 
651.937  52.6337 26.6822 1.03914 0.113024 0.0558367 86.0416 
36.8889  57.6975 498.216 4.67291 0.0967708 2.01629 57.4009 
42.5953  82.185 498.216 4.52192 0.258209 2.44609 52.3069 
42.7129  80.7155 999.719 5.14917 0.452701 3.69275 55.3543 
42.9192  83.8279 999.763 5.74332 0.489555 3.7634 56.5892 
59.0771  63.3222 804.47 0.574764 0.459435 4.04963 72.015 
43.2937  81.732 998.629 0.900178 0.419696 3.66968 54.6869 
48.874  73.9929 514.341 0.579763 0.371425 2.52576 50.5657 
29.0235  95.9809 514.341 0.192146 0.368913 2.80528 56.9235 
53.7429  74.6699 507.214 0.594975 0.535343 2.37707 57.1599 
44.1711  82.3383 998.637 0.972393 0.439597 3.73347 54.9305 
43.9683  81.3797 999.722 5.22423 0.458568 3.67666 54.341 
46.5283  97.7163 994.379 3.85679 0.598634 3.78292 57.2907 
40.757  92.8935 983.814 0.75827 0.495471 3.65389 53.3171 
43.4113  81.5595 945.321 3.92542 0.440499 3.39287 60.2309 
52.7295  85.5579 933.445 4.23663 0.523591 3.14349 55.6524 
45.3632  83.456 988.589 1.30003 0.439616 3.71538 58.5744 
38.2949  88.6612 988.592 1.15461 0.476754 3.71902 53.5959 
43.4133  82.2857 999.713 5.03413 0.485738 3.69125 55.5758 
-49.9256  44.8518 52.3134 4.39787 0.327617 1.88729 74.3638 
46.8685  83.4305 912.655 3.67773 0.656565 4.25745 51.1842 
44.5422  79.8132 999.707 5.00525 0.436884 3.65468 55.0096 
42.1397  83.0241 992.632 1.70539 0.512501 3.82271 55.5362 
42.8429  83.8693 999.706 4.95851 0.458826 3.66889 55.5573 
44.5794  86.0362 999.424 0.482244 0.498972 3.7869 54.8906 
43.327  82.489 999.421 0.594893 0.453151 3.65524 55.4411 
45.104  80.8014 999.417 0.493588 0.467024 3.72214 55.4649 
43.1383  87.1002 994.396 4.23363 0.467557 3.71919 53.9107 
44.5503  80.7833 999.417 0.42577 0.447205 3.76362 55.0019 
46.0081  71.2167 529.808 1.60918 0.190681 3.16436 56.7424 
25.1713  81.3733 994.225 0.726986 0.410966 4.66428 62.4464 
46.0623  84.9801 999.081 1.3819 0.537494 3.92886 55.0851 
53.9488  74.2767 900.586 4.92469 0.296014 2.874 51.679 
39.141  79.7883 506.843 3.76985 0.103719 1.68993 54.4625 
23.9707  98.2846 842.191 4.7692 0.182735 3.50169 65.8008 
44.2652  84.0602 999.274 4.58809 0.463412 3.68539 55.3465 
31.2429  56.5526 548.638 3.31357 0.32438 1.26437 79.3777 
44.5513  80.8073 999.28 4.74077 0.42037 3.60322 55.155 
139.941  89.755 387.671 3.81981 0.412425 2.90129 52.7366 
45.6976  80.2215 999.272 4.61253 0.441216 3.65988 55.1569 
41.6198  82.897 998.247 1.1783 0.539203 3.72537 53.76 
46.1437  49.2616 507.838 3.71877 0.00429612 5.09844 53.6345 
35.4093  63.1764 549.788 4.12855 0.45384 2.14996 69.4317 
55.701  75.3369 962.006 4.19465 0.40011 3.46768 51.2993 
-461.649  80.7327 26.8774 4.42545 0.838901 3.4468 1.35764 
43.7903  82.3781 999.828 0.476591 0.473419 3.75133 56.5417 
43.7763  81.712 990.282 2.68545 0.439464 3.68518 56.0093 
43.3397  82.4301 999.714 4.93538 0.472093 3.82047 54.9008 
48.6399  65.9423 445.665 0.377144 0.205305 2.10407 60.7395 
55.608  77.8852 501.582 4.90232 0.460345 1.92607 59.787 
41.8836  80.6094 990.289 2.52062 0.427122 3.81969 54.9447 
50.0984  3.0305 1.77497 0.418169 0.682932 1.43962 68.5037 
42.4306  91.8793 983.906 2.1148 0.496225 3.79968 55.1271 
54.4333  80.2278 506.565 5.22135 0.404804 2.76477 68.3727 
24.9667  30.3609 482.839 2.68797 0.404258 5.54534 63.9687 
59.718  64.5364 387.916 0.0468217 0.335579 5.42488 62.147 
47.4984  58.3654 979.838 6.25726 0.477847 4.07751 58.2472 
43.8449  88.3055 998.602 0.414221 0.562696 3.8609 54.1402 
-60.0348  5.50093 7.33553 2.98761 0.625468 1.94437 59.5349 
38.6209  87.9195 998.598 0.306069 0.468961 3.77709 56.0398 
43.8993  79.0373 999.179 3.17894 0.45761 3.60814 55.4179 
44.3393  79.8987 999.176 3.05972 0.451136 3.69222 55.6658 
44.2032  88.3364 994.51 6.06148 0.500668 3.63731 55.9953 
41.8939  81.4601 998.894 5.02892 0.46253 3.62871 55.416 
44.6375  81.158 998.895 4.89751 0.443471 3.72784 57.2109 
43.5033  81.3117 998.895 4.94268 0.462198 3.75467 54.1837 
40.6494  83.2179 996.194 0.632441 0.489956 3.86784 55.3204 
42.7774  80.6947 998.6 0.392882 0.450072 3.7119 55.6064 
46.3146  66.7747 503.543 2.79718 0.0166112 4.63094 61.4478 
27.0003  85.3197 501.997 3.46248 0.460073 3.95129 61.0437 
44.1685  83.4151 996.195 0.824432 0.497334 3.76703 54.4031 
42.0815  80.9255 999.718 5.10224 0.426965 3.70585 55.5487 
42.5887  83.9133 999.568 2.70852 0.480411 3.78981 54.7929 
43.1606  80.3871 999.4 0.213458 0.451279 3.70271 55.6637 
43.1723  81.6654 998.592 0.247632 0.468229 3.77349 55.392 
43.507  82.8097 998.594 0.272393 0.487148 3.7679 55.3931 
43.5601  78.3639 971.107 3.15038 0.475283 3.72354 56.5852 
41.1847  54.0869 484.22 0.444165 0.04493 4.21717 55.6307 
42.5515  84.4693 999.398 0.104816 0.497179 3.78718 55.2562 
42.9836  83.8293 999.397 0.0824345 0.482384 3.7813 54.679 
43.8603  83.8633 999.717 5.07302 0.484728 3.74073 55.1189 
42.2935  85.0036 999.572 2.79163 0.484668 3.74569 55.4541 
43.3014  82.1322 996.753 3.19511 0.471099 3.73857 55.5181 
44.2824  80.621 999.714 5.05635 0.468338 3.70332 54.8819 
43.5595  83.057 999.003 0.38852 0.468113 3.69309 55.3588 
54.477  44.64 7.4731 0.0529812 0.310105 1.04581 77.3878 
48.4476  21.3933 33.445 2.18333 0.404957 2.15014 67.3173 
42.8995  83.7649 999.394 0.0915777 0.474058 3.72266 54.4727 
44.4036  83.0654 999.396 0.151884 0.482546 3.71772 55.4097 
43.8023  82.3813 999.003 0.378274 0.476205 3.69445 55.8552 
44.706  81.139 999.858 0.98439 0.450734 3.7098 55.1444 
44.4494  83.4864 999.86 1.05795 0.451441 3.68968 55.0831 
44.6044  81.0327 998.755 2.77871 0.477649 3.75352 54.7501 
42.9568  81.0311 999.042 0.928578 0.474304 3.75805 55.2587 
43.5774  83.3983 997.156 3.18403 0.445594 3.73912 55.4714 
43.0548  81.0849 999.04 0.928716 0.470617 3.72494 55.7657 
41.9274  85.856 998.595 0.292556 0.481509 3.74229 55.7281 
43.7185  79.4045 999.389 0.007692 0.468587 3.75097 55.1763 
44.4389  83.9832 999.046 1.03049 0.471658 3.70135 55.6688 
42.0279  83.6217 998.597 0.321281 0.473904 3.77815 55.3904 
43.3759  82.501 999.006 0.433577 0.469025 3.68336 54.9462 
42.7949  87.0661 999.717 5.02331 0.517405 3.82947 54.5518 
43.5403  82.5307 998.595 0.313482 0.472879 3.7595 55.2242 
46.2765  80.2637 999.047 1.03773 0.468654 3.73528 54.6519 
41.7619  82.219 999.392 0.0126946 0.457477 3.76466 55.2176 
42.8074  84.4682 999.392 0.0774086 0.479682 3.72816 55.7268 
44.1165  82.0982 999.715 5.03543 0.453016 3.73951 55.6164 
45.004  80.9399 993.563 4.32569 0.311224 3.13178 59.0617 
43.2277  83.7464 999.014 0.500494 0.488431 3.75907 54.6997 
44.3393  82.9796 998.597 0.416799 0.480222 3.69761 55.1571 
42.8365  83.6199 999.016 0.481626 0.502406 3.78076 56.2846 
43.2309  84.212 997.155 3.15743 0.479383 3.75191 56.5831 
40.9446  84.2479 998.583 6.2607 0.475399 3.81026 56.2223 
43.9828  83.9319 999.435 0.824101 0.450996 3.65048 55.8126 
42.9331  85.0659 970.386 3.96614 0.440281 3.67225 57.7202 
44.0392  82.2653 999.012 0.471244 0.468531 3.74991 57.1202 
43.9171  82.4547 999.389 0.0356439 0.47434 3.7072 55.5399 
43.1304  85.1143 998.172 0.128207 0.478153 3.70513 54.0595 
43.9982  84.8467 999.008 0.417565 0.47093 3.70936 54.699 
44.3103  82.263 997.546 2.91511 0.488969 3.76735 55.3765 
44.4608  83.5649 998.987 0.0935716 0.458599 3.73311 55.0726 
43.7564  81.0822 999.72 5.1082 0.452562 3.74816 55.1955 
44.1661  83.0793 999.388 0.015482 0.41928 3.71797 54.7228 
43.7885  81.475 999.719 5.14918 0.445093 3.70571 54.9225 
42.9584  82.9951 999.437 0.722374 0.481246 3.77771 55.1173 
43.6986  82.0038 996.331 2.99302 0.454171 3.69638 55.8128 
43.5251  81.9994 996.326 2.95685 0.444543 3.61696 55.6753 
43.805  81.8063 996.326 2.89975 0.460267 3.69381 54.442 
40.9451  87.0475 996.345 3.03775 0.471201 3.75502 55.2888 
44.2553  84.3283 999.45 0.964277 0.466038 3.71275 55.2234 
41.8729  82.2803 996.327 2.78022 0.449398 3.78289 55.5835 
42.1508  87.198 997.135 2.69816 0.540133 3.89519 55.5537 
43.0401  81.7787 999.381 6.20895 0.464925 3.7042 55.8732 
41.504  83.8737 998.027 4.15069 0.435598 3.67492 54.1132 
44.1487  79.7094 997.132 2.8505 0.445406 3.69289 55.2262 
44.3232  82.1477 999.186 3.19023 0.478051 3.72035 55.4819 
43.6994  80.629 994.802 4.28534 0.460779 3.74157 56.3303 
43.7371  82.1241 999.183 3.19513 0.475225 3.66773 56.2836 
43.1349  80.8905 999.378 6.10157 0.443521 3.7618 54.6542 
43.9978  83.4936 996.124 6.06833 0.473983 3.65596 56.7754 
43.5273  84.035 994.798 4.25144 0.479958 3.69253 54.6238 
43.4163  83.924 999.377 6.06874 0.456282 3.77197 55.066 
43.1935  82.3001 998.995 0.237411 0.450023 3.73634 54.4185 
44.223  83.3341 998.995 0.262183 0.475771 3.717 56.456 
41.3047  86.2241 994.806 4.25283 0.524426 3.81137 55.7303 
45.692  79.8452 999.433 0.716149 0.494472 3.75575 55.5258 
40.2112  83.1131 999.433 0.747802 0.465464 3.65378 54.9346 
44.1305  81.1902 999.434 0.798267 0.441268 3.64416 55.2411 
40.5589  84.8886 999.39 6.20684 0.491886 3.85652 54.3068 
41.7703  84.2653 999.441 0.751097 0.470671 3.78774 54.4682 
45.1571  85.1327 994.301 2.83603 0.44476 3.66871 55.3676 
43.4569  84.2993 999.674 4.35483 0.464534 3.77295 56.3677 
41.9122  79.4355 996.151 0.234804 0.426378 3.60647 56.7957 
43.2259  80.9554 994.301 2.78741 0.454014 3.73336 55.4286 
43.9109  78.4416 994.296 2.65121 0.456557 3.75202 55.6879 
45.698  82.5864 995.738 6.23028 0.508529 3.80664 57.3042 
42.8032  83.0493 999.429 0.591583 0.492243 3.78719 55.6821 
42.0114  83.7896 999.719 5.09605 0.425819 3.74651 55.4473 
44.4102  81.4152 998.559 6.00502 0.464766 3.76008 54.5371 
44.2048  84.826 999.591 3.19387 0.480257 3.64834 56.5714 
42.0932  83.1813 994.298 2.76015 0.433994 3.66831 53.8462 
44.845  88.9562 994.298 2.77082 0.509704 3.69009 56.9366 
42.1759  86.5848 999.428 0.561095 0.492754 3.74627 54.9372 
43.5272  81.7008 999.276 4.56742 0.448331 3.72076 55.8173 
44.3314  80.2584 999.396 0.11835 0.483605 3.77907 55.4825 
43.53  82.604 997.738 5.96182 0.436948 3.67663 55.6148 
41.8562  80.362 999.59 3.02474 0.470249 3.80848 55.1564 
44.9952  81.2618 999.802 0.153973 0.475889 3.68391 54.7527 
42.5879  84.5591 999.274 4.50258 0.459406 3.72702 54.9672 
45.8594  82.9811 999.431 0.597897 0.506012 3.82726 54.6073 
44.5153  80.4004 999.801 0.170254 0.453323 3.72219 56.7801 
43.2854  83.8852 999.435 0.731855 0.479392 3.74664 54.8872 
44.4581  79.0567 999.804 0.138693 0.39405 3.72376 55.8814 
45.0248  82.3177 997.339 6.0187 0.490162 3.73503 55.4061 
45.8909  82.3251 994.12 6.25843 0.481124 3.74896 54.873 
43.8151  81.5615 999.282 4.65722 0.457556 3.70458 56.3368 
43.7767  81.1276 998.624 0.774831 0.448538 3.75071 55.6526 
43.9761  87.7438 997.915 2.32577 0.533501 3.81371 54.5078 
44.8086  84.977 993.724 6.26478 0.491116 3.76934 55.7583 
44.3761  80.4549 999.722 5.16385 0.445071 3.7384 54.7284 
42.853  81.5874 999.399 0.151593 0.459962 3.7365 55.9166 
41.6868  85.7325 996.141 6.20056 0.529272 3.72979 53.2908 
43.3632  80.7892 999.717 5.03223 0.474978 3.75444 56.0053 
40.991  86.9849 996.148 0.248807 0.446753 3.56884 54.3657 
42.8039  84.1392 996.14 0.00164315 0.450042 3.60933 57.3522 
43.4664  84.6625 999.366 5.98291 0.384949 3.66705 55.4212 
43.2282  85.0987 998.99 0.163635 0.475877 3.72843 56.1851 
43.4149  83.1248 998.989 0.163756 0.45286 3.70229 54.9265 
42.2591  84.3687 999.362 5.85636 0.486046 3.76922 56.0801 
41.9947  82.6302 996.952 6.18926 0.469611 3.80721 54.5915 
44.0888  82.1211 998.482 5.00293 0.435488 3.5879 55.8169 
36.8447  93.3473 996.687 2.14267 0.498542 3.70663 55.411 
42.9974  79.449 998.982 6.18156 0.381733 3.85105 55.58 
41.1733  79.3785 996.699 2.51456 0.398594 3.54934 55.3444 
44.3169  74.536 996.679 2.18063 0.399449 3.6535 54.1588 
45.2854  79.4217 996.119 5.9253 0.450844 3.65755 54.9125 
44.0833  86.6213 997.112 2.54691 0.461127 3.67642 54.0213 
45.9365  85.4074 997.116 2.54444 0.531958 3.73291 56.2618 
42.7382  83.9669 998.046 4.44275 0.507965 3.65693 55.3115 
43.4787  82.9524 998.954 5.90104 0.455634 3.68817 54.698 
45.7905  81.0387 999.763 5.99142 0.445286 3.52855 55.3436 
40.4026  83.8478 998.487 4.8265 0.491633 3.8605 54.594 
42.9993  82.3384 998.048 4.43126 0.450129 3.76621 54.9087 
42.6992  83.3296 998.547 5.86682 0.47293 3.71412 55.9339 
40.8706  83.113 996.7 2.23919 0.473752 3.8806 55.6949 
44.06  81.0331 997.098 2.2698 0.489073 3.78519 55.4119 
43.9176  79.9073 997.233 4.36721 0.452809 3.72922 55.9194 
48.3237  85.1321 998.133 5.71365 0.602194 3.89028 54.9467 
43.7371  81.5169 999.019 0.56919 0.48426 3.75101 55.0378 
43.7109  82.0397 997.246 4.56601 0.4755 3.73715 55.548 
42.1079  83.8795 997.104 2.28845 0.41107 3.7432 55.5056 
45.2877  77.7126 999.753 5.72464 0.453232 3.64817 56.1283 
43.8805  85.3191 996.853 4.84645 0.460191 3.63473 57.2026 
43.3564  77.5142 991.98 4.46533 0.43183 3.44318 54.6312 
40.5889  84.0625 999.031 0.688389 0.479916 3.8165 55.0328 
43.0841  80.8439 999.522 2.04519 0.473051 3.76189 55.4162 
35.1543  91.773 996.106 5.67968 0.463859 3.59167 54.9162 
43.1619  81.1828 996.103 5.64586 0.483039 3.79868 55.0383 
42.2821  84.1494 999.024 0.713088 0.444845 3.6744 55.927 
42.2187  81.0736 996.111 5.80889 0.444669 3.68092 55.8806 
42.9607  82.4762 999.295 4.88739 0.471124 3.6884 55.7254 
41.574  69.3728 999.298 4.99257 0.385814 3.63045 55.5582 
39.7654  96.1911 985.221 4.17224 0.540923 3.8211 54.246 
40.302  84.0019 999.338 5.66529 0.439108 3.57544 55.9466 
43.7758  81.826 999.301 4.93633 0.481036 3.75782 54.9382 
42.39  81.1324 998.62 0.692795 0.442772 3.73305 55.746 
41.5029  85.5217 995.706 5.72128 0.495907 3.80205 55.2452 
44.4964  81.2333 999.326 5.30355 0.523981 3.77985 56.9787 
42.8488  84.2329 999.304 4.9969 0.464352 3.73494 56.1044 
44.916  79.2629 999.731 5.32608 0.466498 3.68973 54.4245 
38.3941  91.5836 997.903 2.01611 0.439379 3.7487 55.3015 
44.9209  80.6081 999.698 4.80278 0.437826 3.74733 52.1757 
43.5324  82.2309 999.726 5.26618 0.448167 3.71251 55.1621 
40.1385  85.6648 999.496 1.58407 0.463845 3.82209 56.3757 
47.711  79.0921 997.884 2.02928 0.46379 3.64251 55.281 
45.6642  78.8878 999.4 0.43144 0.378985 3.50816 58.557 
43.5382  76.7245 998.954 5.91532 0.460692 3.76699 55.2041 
45.3639  72.967 976.215 5.67713 0.509119 2.95214 69.9762 
50.6739  86.4773 917.415 4.57279 0.298754 3.28223 66.9906 
43.5711  84.6407 988.807 4.56821 0.566705 3.64672 56.1185 
37.3189  86.6309 997.728 5.50685 0.450268 3.94031 57.8001 
40.5219  88.9011 992.224 1.64914 0.488814 3.77791 54.4073 
42.891  88.6935 995.486 2.33924 0.474094 3.81151 54.2374 
41.9416  84.1405 999.774 5.87352 0.568669 3.87219 54.137 
38.2991  90.407 997.26 4.54295 0.506693 3.94019 59.0228 
42.3679  83.8508 999.295 4.81776 0.480615 3.75799 55.7334 
41.4732  84.8333 999.296 4.82626 0.485315 3.73699 55.7114 
44.2754  86.3524 999.351 5.62617 0.46289 3.74966 57.4721 
40.5065  83.1295 999.354 5.62583 0.452063 3.78386 55.0666 
41.8761  67.5764 980.129 5.17756 0.464113 3.43931 59.5364 
40.3066  81.9041 991.935 3.41757 0.44338 3.69171 56.0841 
43.8954  80.8714 999.769 5.94923 0.452773 3.70612 55.0466 
49.3474  96.8831 979.653 3.23751 0.68611 3.86566 55.0955 
-195.881  70.0775 45.9227 3.65314 0.459761 1.58613 70.2279 
91.0678  88.3827 5.94323 4.49795 0.0357482 4.01076 69.4749 
44.463  84.6194 999.529 2.17486 0.485161 3.6958 54.94 
48.7165  69.6406 503.129 5.05336 0.219353 2.01682 58.7775 
41.6542  80.4254 999.527 2.13736 0.465833 3.73665 54.7548 
43.009  79.9565 999.772 5.91229 0.474009 3.76747 55.6262 
53.5618  62.7176 529.17 4.91614 0.285063 2.31248 59.4946 
43.1644  84.3576 999.526 2.07393 0.477887 3.78133 54.4155 
41.4426  69.2293 477.499 1.50879 0.0822596 0.593658 61.7264 
57.0187  56.4438 923.934 2.38381 0.327312 4.46817 69.0823 
48.3374  84.5138 508.427 3.6249 0.323522 2.50024 59.7339 
-103.208  8.12376 6.66861 5.9166 0.869053 2.20032 99.9848 
-24.8297  31.4199 8.30604 2.42146 0.361451 0.446332 27.5546 
38.0865  40.8876 434.242 4.94544 0.288375 4.83234 58.9615 
42.4525  80.0386 999.521 2.02636 0.447127 3.77639 55.8886 
11.4721  90.7295 464.078 0.692615 0.333935 4.9125 99.8228 
42.0171  76.5281 999.327 5.33089 0.432156 3.7527 55.3463 
44.9014  49.1784 440.449 1.47024 0.218581 5.28661 60.4415 
-341.099  38.0157 534.715 2.22428 0.101924 5.17072 96.6218 
-923.346  90.5979 92.3313 4.8778 0.710186 1.34765 2.16836 
44.1154  17.9782 26.9493 3.62946 0.768185 3.09625 85.3294 
45.0428  93.7188 951.058 1.32874 0.465435 3.8051 53.2981 
66.9443  24.4443 5.35401 1.16329 0.850926 2.78525 78.3613 
30.2393  44.731 721.836 4.9546 0.293879 5.30128 78.489 
40.2902  88.1478 842.806 5.39944 0.702249 3.87988 62.2039 
44.2218  78.5376 999.131 2.32489 0.483815 3.79908 55.7331 
-959.707  39.593 1.41072 3.90665 0.399469 3.7669 0.0216468 
49.019  72.77 3.94705 6.17544 0.757971 3.29829 59.0789 
52.493  70.9897 895.977 4.71738 0.625785 2.96273 64.2467 
36.7895  77.3246 499.746 5.1028 0.452487 1.67167 55.7879 
43.0866  81.1681 998.12 5.58014 0.467219 3.59618 56.7881 
33.12  53.8656 409.435 3.8004 0.194172 2.8817 56.3982 
47.4945  79.289 998.122 5.64028 0.542172 3.72793 57.1378 
44.7092  80.7074 998.122 5.64749 0.462833 3.68382 54.4095 
43.6134  84.1728 998.123 5.69613 0.44608 3.64052 54.0135 
36.9944  19.511 21.724 4.16583 0.81826 1.45547 80.1868 
-8.52849  19.8564 11.6014 3.397 0.194577 2.10242 89.7937 
-40.1458  47.7524 4.51892 5.55149 0.426674 3.27383 89.5333 
36.8021  79.4427 973.821 3.30822 0.448954 3.85828 59.1001 
45.6498  82.059 965.788 3.86491 0.454357 3.65358 52.929 
50.7561  99.3646 503.907 2.13528 0.62425 2.28074 60.8533 
38.415  91.8635 988.272 2.40996 0.490249 3.66078 55.9926 
45.7496  95.9456 998.718 1.89889 0.797466 4.35102 60.193 
45.0663  84.9018 934.351 0.580529 0.637729 3.88175 61.056 
38.2  31.9791 598.529 4.55457 0.01086 5.68873 65.8831 
43.3139  81.2659 990.255 2.00266 0.568723 3.95921 55.2155 
58.9265  55.2272 985.082 3.16751 0.458066 2.43231 57.1526 
55.777  6.6357 301.796 3.11459 0.107127 3.58475 71.167 
47.411  88.4113 967.067 6.12702 0.512416 3.57348 53.1577 
886.589  44.9086 60.7683 2.88223 0.0284814 3.57519 0.179162 
-21.4522  71.6258 8.06008 4.23239 0.787285 1.24044 6.89762 
1289.59  99.6622 26.1409 1.93842 0.106117 2.49257 81.21 
195.06  66.0873 239.271 1.49113 0.0999157 0.540495 23.199 
65.0414  89.767 51.4446 1.71905 0.762608 3.42437 50.8141 
42.6347  77.9688 997.321 5.75872 0.408835 3.74714 55.1634 
46.891  92.6883 973.53 4.91401 0.617175 3.89594 51.6307 
-166.308  21.836 3.25403 3.5688 0.738768 1.66357 31.6718 
40.3714  99.9891 497.241 0.375057 0.500359 2.0112 49.4454 
47.535  88.1199 505.541 0.470728 0.436715 2.15196 60.3745 
41.4748  86.4199 995.92 2.92834 0.451234 3.58641 54.0111 
45.5404  86.7784 997.345 6.08915 0.581513 3.81698 57.6025 
40.9249  85.3809 996.324 2.8079 0.426869 3.66701 53.7799 
40.5038  89.7424 977.728 3.7874 0.489562 3.7866 59.024 
46.0785  98.1367 980.008 2.86461 0.573423 3.84729 53.6565 
2.6319  96.6908 982.423 3.85587 0.199459 3.74795 90.3621 
43.2657  77.5401 986.444 4.95843 0.507968 3.59235 63.5757 
43.1815  84.3216 996.333 2.9538 0.488993 3.74376 56.4117 
45.4918  79.7819 997.305 5.69567 0.50464 3.49097 60.8835 
44.6933  84.3842 980.024 3.12277 0.337706 3.60268 56.621 
35.0288  95.6253 997.317 5.45965 0.592044 3.94528 52.7696 
35.5035  91.0069 982.022 3.62501 0.407672 3.58666 58.3985 
43.535  79.7396 999.288 4.72723 0.471036 3.72335 55.9251 
38.3587  68.9108 992.489 5.74127 0.401579 3.81532 53.9865 
40.0688  10.7239 3.77228 3.94903 0.878037 5.1117 60.6543 
42.4436  79.7857 994.067 5.59109 0.388955 3.51947 58.6659 
49.2673  88.1075 994.915 6.05647 0.518995 3.79582 55.9052 
42.369  80.0944 996.358 3.44695 0.435654 3.66066 54.5014 
44.588  83.8203 994.077 5.67637 0.490794 3.63553 52.5888 
35.9082  95.9435 14.6468 5.98109 0.153053 4.98359 72.4119 
53.3976  74.3976 551.371 2.147 0.184804 2.91622 47.087 
102.737  83.719 459.671 5.41661 0.515178 5.87452 63.5551 
42.7381  81.2856 999.286 4.78111 0.447171 3.6603 55.849 
44.1292  82.1812 996.354 3.36408 0.463694 3.66196 55.3629 
43.7606  92.8702 987.827 1.9478 0.323709 3.27685 57.1257 
43.8154  82.1783 999.284 4.73367 0.451715 3.65692 55.4058 
43.6539  82.4044 998.114 5.41948 0.497748 3.77656 55.7483 
43.4715  83.8788 998.114 5.41066 0.494939 3.76723 54.3707 
-120.387  54.4697 6.82057 5.43333 0.377857 3.9506 68.5827 
55.4106  9.40942 21.6063 0.596579 0.211694 5.84269 65.2061 
55.0148  73.577 986.836 5.21985 0.3911 3.27105 60.5957 
42.6848  56.3317 68.5514 0.218537 0.783563 3.15496 76.4638 
25.6102  82.023 983.088 1.11302 0.59404 4.04888 57.9385 
35.1418  64.8025 981.903 2.24746 0.417463 3.45079 71.0665 
58.1962  92.4531 954.647 5.79818 0.771763 4.38848 63.9188 
67.8249  51.7479 717.757 0.968661 0.389919 0.674268 64.0067 
18.4464  5.74134 1.99542 2.87338 0.495983 2.27926 80.0297 
34.9715  93.087 937.422 4.08847 0.592341 4.0129 58.8303 
44.6081  83.4539 974.976 3.18893 0.309105 3.82005 55.4996 
82.8025  32.036 805.799 3.11701 0.378534 1.61504 76.0089 
42.7104  83.5076 999.282 4.61658 0.453225 3.78374 55.2406 
43.4597  85.7691 998.93 5.62549 0.465899 3.60395 54.7547 
41.5974  87.1907 998.537 5.65221 0.462422 3.78478 51.2462 
46.8533  76.8431 991.442 2.15075 0.401401 3.66096 52.5019 
41.6111  76.6876 991.428 2.02183 0.462309 3.56401 57.0123 
61.5748  11.6917 1.53028 1.10423 0.0933621 4.8482 63.4538 
43.0435  85.6642 998.541 5.69918 0.504121 3.77962 54.4612 
41.0167  80.3255 992.241 2.03666 0.43337 3.72263 55.7462 
42.2905  81.6432 960.966 5.72143 0.468688 3.10314 53.1124 
43.6981  64.5189 961.361 5.96242 0.224392 3.31825 60.0574 
43.9367  81.2075 999.176 3.03965 0.455506 3.71653 55.7134 
68.5582  50.5662 592.836 1.12425 0.873824 5.3089 56.6106 
81.1771  35.8427 108.103 5.84043 0.738456 3.28658 89.2342 
43.3424  81.237 999.178 3.0264 0.480429 3.77834 55.28 
43.2789  88.1483 998.338 2.86995 0.462579 3.59499 56.2608 
45.2183  81.2898 997.258 5.01071 0.369 3.43363 52.7617 
56.2327  70.1324 396.392 4.14389 0.0419208 1.99556 0.162063 
43.4677  78.4793 999.178 3.13969 0.412245 3.65144 56.6898 
46.4157  89.9738 997.088 1.93743 0.574037 3.89 53.0315 
56.3714  77.9241 997.239 4.28513 0.62035 3.83188 61.8007 
42.9226  83.585 998.766 2.94962 0.509596 3.7585 58.7554 
45.0745  95.0048 936.379 4.98897 0.699414 3.91159 57.8764 
44.1015  83.8764 999.33 5.39685 0.478388 3.76038 55.1999 
32.9446  81.6579 493.86 0.807895 0.209502 2.93426 61.2083 
46.0534  91.9743 512.81 4.25559 0.379482 3.38906 75.944 
45.0667  81.242 999.976 2.77729 0.441456 3.70223 56.0819 
42.3775  81.177 999.974 2.78727 0.45563 3.70446 55.8242 
48.9231  55.7477 934.741 1.7014 0.414218 2.94548 57.0577 
43.4465  81.0328 999.332 5.51256 0.45857 3.66283 55.8442 
-250.751  37.4077 146.363 2.79507 0.435884 5.97235 70.4215 
41.824  86.5609 999.333 5.35897 0.494576 3.78832 54.9534 
42.2241  82.7802 999.995 3.08558 0.454717 3.70663 55.299 
44.6179  83.0693 999.985 3.07025 0.476637 3.58209 54.9717 
533.873  9.62373 1.05885 2.10134 0.00462517 2.89884 80.0829 
43.59  81.1538 999.986 2.91696 0.448274 3.79297 55.8277 
38.2154  82.1745 996.699 2.19104 0.466919 3.94199 55.5655 
41.3232  85.3276 989.071 2.45578 0.501615 3.70839 57.9593 
36.2534  87.746 971.069 2.61498 0.363438 3.59724 58.079 
34.8963  98.4368 971.082 2.37735 0.512149 3.86169 51.212 
32.8649  58.713 536.551 3.87524 0.883448 1.60108 75.8904 
44.311  80.2025 999.991 3.01837 0.484059 3.76766 55.5612 
59.86  45.8594 915.253 2.43396 0.306647 3.12389 72.5987 
42.4664  81.5338 999.999 3.11475 0.490733 3.77881 56.1393 
44.4728  92.7987 989.862 2.42043 0.576848 3.64991 53.4113 
47.8529  79.2457 989.069 2.54928 0.496017 3.52531 55.6244 
41.8441  82.1338 988.281 2.68627 0.50696 3.41706 51.4789 
38.7861  60.1337 990.869 6.19591 0.10323 3.22681 76.1701 
45.3082  82.6089 999.989 2.98102 0.487079 3.75846 55.338 
69.7618  16.0707 5.4233 1.74396 0.13471 5.13613 80.7094 
44.1479  55.5852 928.195 5.00814 0.168294 3.09284 61.9581 
49.096  72.5714 999.247 4.39082 0.455312 3.40245 61.0515 
39.7286  83.3274 998.566 0.0966365 0.374339 3.44442 56.9689 
413.348  66.4222 5.73468 5.86302 0.531713 0.430723 26.8229 
1777.63  18.912 23.2974 1.52028 0.690948 3.68151 0.0219012 
34.5263  96.814 991.345 0.294679 0.562946 3.79364 52.7434 
1131.78  73.2843 2.98131 2.27451 0.636949 4.34822 0.174489 
-32.5285  46.4886 14.003 0.0473458 0.801109 5.69914 44.9981 
70.2261  22.2833 9.43889 4.40922 0.562955 4.64491 74.1541 
86.2366  5.61108 207.972 4.5632 0.0341714 3.82513 72.8956 
48.8122  72.71 946.927 0.166935 0.302698 3.44887 56.9562 
41.9109  30.2983 996.543 3.37836 0.10011 0.185265 84.0531 
39.5148  84.7701 999.964 2.71315 0.464204 3.59146 57.47 
51.961  44.1033 675.752 5.42176 0.160515 0.621678 68.1406 
68.8653  19.7499 63.0948 5.29837 0.390388 3.43388 65.4513 
68.9413  16.6523 3.60256 4.02531 0.0811516 0.716005 70.541 
-2334.1  84.7884 306.653 1.18553 0.386129 5.66009 3.77627 
43.2665  72.7914 995.56 3.5512 0.436092 3.81264 54.1179 
-117.853  80.5958 3.16549 1.6969 0.516471 5.36238 1.82705 
58.9653  74.9305 539.276 3.56907 0.101484 2.85291 72.0299 
55.5133  32.9856 581.439 5.17547 0.497705 0.363966 65.6056 
50.9812  16.916 118.468 4.16843 0.790103 1.959 73.8264 
46.4519  83.1572 989.068 2.46793 0.422165 3.62935 53.9278 
67.255  39.6749 790.27 2.27972 0.541062 3.53502 77.2867 
48.7705  89.9918 995.535 3.53503 0.43832 3.38668 57.05 
61.2121  34.2796 1.52736 3.87707 0.775258 5.40354 70.3289 
63.7801  55.983 783.917 1.29321 0.548332 4.25391 64.2406 
48.8612  29.2825 557.528 4.49031 0.308538 1.69594 55.1227 
129.659  0.448246 216.597 5.09713 0.112104 3.55412 6.35487 
67.8661  71.0111 480.368 5.01164 0.854257 1.64336 85.304 
37.154  69.7438 459.599 4.52171 0.236762 3.46972 66.4038 
60.1365  62.3073 805.8 4.38731 0.150639 0.180048 67.8501 
17.9376  89.6339 475.635 4.98522 0.119169 2.74698 66.245 
89.1137  17.9942 2.90866 2.59969 0.66706 1.83803 82.2938 
37.0619  44.4797 477.565 5.2802 0.644948 1.97613 70.4825 
127.716  47.1213 805.333 4.19607 0.374266 2.85324 63.772 
41.1724  72.8586 505.102 5.47717 0.455043 2.05556 57.3414 
42.4339  86.915 985.837 1.52652 0.487216 3.75944 56.5105 
38.5993  44.5547 532.691 2.67058 0.00428504 2.47366 87.4968 
49.9137  81.1775 920.05 2.13277 0.447855 3.4545 58.2473 
62.8652  77.2006 497.004 2.19507 0.226371 4.63019 71.5954 
55.3215  12.3217 123.213 1.86088 0.154774 3.7072 65.4837 
42.2346  86.8897 970.963 0.784002 0.463916 3.71163 54.1716 
41.4501  95.403 990.173 0.842573 0.561519 3.71406 52.429 
-42.9355  96.8128 2.82806 1.72968 0.128874 2.94785 21.6591 
20.0514  69.5882 502.317 5.55493 0.519491 2.90944 66.2379 
40.2911  96.8917 997.227 4.47688 0.503093 3.4678 53.3889 
-394.993  21.0677 364.413 3.70421 0.220518 0.338252 32.7652 
41.9788  81.4961 986.964 0.777564 0.419577 3.48423 55.5526 
42.846  69.6185 966.46 2.0839 0.410136 4.09656 65.5963 
55.8945  66.1664 614.463 6.10466 0.655667 0.207352 61.6176 
43.1421  86.5259 997.259 4.71772 0.486235 3.78 54.9549 
707.571  26.4791 6.35851 0.607219 0.0709736 4.48346 83.9766 
42.3376  82.9682 997.265 4.83167 0.436842 3.72537 55.646 
42.0745  60.8942 528.045 0.672521 0.297501 0.247778 69.8382 
42.4238  84.2125 988.533 0.248346 0.415148 3.6904 52.8458 
41.206  87.4884 997.263 4.70732 0.479398 3.79056 55.2717 
43.5639  13.2045 5.88338 2.67022 0.0851028 0.437187 82.5576 
42.9302  85.9886 994.234 1.65601 0.515651 3.76848 55.4312 
56.8275  8.84564 22.6531 5.99752 0.548464 1.9544 74.583 
42.7386  81.9591 999.779 6.04319 0.456919 3.74104 54.6717 
-71.3504  50.5274 2.72583 5.32946 0.562189 4.594 66.9701 
40.0712  86.1473 546.941 2.33719 0.591334 3.20859 67.0841 
44.5564  82.9082 999.788 6.11479 0.516106 3.88001 55.7157 
45.7213  96.2013 495.391 3.95333 0.530483 2.10043 44.5045 
44.5505  83.0444 996.677 2.01562 0.467728 3.72053 55.1336 
33.3599  78.3507 954.091 2.9378 0.416816 3.54355 53.1036 
33.5971  70.1873 975.934 0.227327 0.357981 3.61773 56.8226 
44.6678  85.2133 981.224 3.62521 0.440802 3.54222 56.6954 
46.7508  80.5399 992.314 3.13383 0.493416 3.73869 55.1543 
45.4906  42.7044 548.51 1.42105 0.729959 2.91407 56.8542 
45.1181  76.8785 995.241 4.85243 0.517938 3.71651 55.7365 
37.7438  32.1989 8.24405 0.940928 0.875238 1.56548 78.4973 
43.951  82.4986 999.791 6.22615 0.450722 3.73341 54.2623 
43.5393  84.081 999.791 6.18367 0.481484 3.77985 55.5539 
43.3503  79.4576 999.791 6.21776 0.50587 3.71902 54.6401 
34.4189  52.6876 429.319 6.01327 0.729611 4.05766 67.5691 
43.2616  82.9389 998.285 1.75779 0.499141 3.80659 55.0967 
45.7629  79.6926 995.515 2.9292 0.477044 3.67387 55.36 
290.71  30.5255 22.9773 5.62931 0.244004 5.60534 45.5943 
-71.3777  5.94171 2.07612 2.54446 0.488704 2.76121 81.7685 
42.3377  85.334 998.287 1.87302 0.477882 3.70348 54.4604 
40.5345  83.3502 994.305 2.79679 0.447466 3.75798 54.5786 
63.1273  55.0285 54.0004 0.134177 0.880154 2.11082 78.919 
44.2258  87.0148 996.027 4.5633 0.462872 3.61144 55.5701 
43.137  84.2889 997.627 4.09521 0.492852 3.80732 55.5177 
41.3787  84.9446 998.179 0.203519 0.461491 3.69462 55.4707 
44.7706  82.7527 996.041 4.76071 0.478668 3.68526 53.9555 
43.0866  85.0573 998.184 0.227778 0.485384 3.74985 55.3967 
48.7636  76.4448 993.026 2.20825 0.289751 3.20704 58.3074 
43.5098  81.9624 998.179 0.192533 0.449097 3.70036 55.5949 
31.0763  99.5929 984.435 4.56731 0.419707 3.46398 63.8721 
36.0846  76.3152 992.695 2.87796 0.308043 3.66415 57.0666 
43.4963  69.014 960.05 2.37747 0.408421 3.79272 53.6216 
41.1123  78.6724 511.506 3.02257 0.366147 3.53235 59.8226 
-36.7109  67.3126 5.47783 4.79088 0.89324 4.39508 97.2659 
-444.603  7.8096 690.45 0.976263 0.672892 5.9799 39.2466 
55.1066  78.3085 936.991 2.98186 0.0904385 3.89935 64.6007 
50.3516  88.9752 975.454 4.96101 0.617131 3.7311 47.9918 
51.0744  88.0619 957.569 5.16537 0.496511 3.35669 56.8788 
38.8251  87.4175 983.667 4.55711 0.525856 3.91337 61.297 
24.613  83.0639 494.54 5.26224 0.339717 3.92868 50.9071 
59.9063  0.996146 146.787 2.71921 0.0477821 4.32931 76.3698 
73.8133  70.9346 915.252 3.50323 0.45055 2.32579 50.3369 
45.3977  78.4727 995.588 4.12845 0.45285 3.58194 54.2729 
41.5312  81.6019 494.252 0.423562 0.013921 3.27501 73.1218 
778.775  81.1714 459.861 3.61104 0.0793742 2.53711 13.3011 
43.1697  83.3145 993.979 3.9914 0.419319 3.64759 56.0279 
38.3708  77.3816 993.976 4.02813 0.457798 3.68389 56.4301 
84.1356  84.1593 779.103 6.08666 0.339639 2.94683 75.4414 
46.7038  77.9486 516.609 0.0871839 0.351151 2.53884 56.0634 
38.3117  78.3184 993.153 3.30558 0.431961 4.21886 55.3755 
-1702.28  91.359 21.6211 2.80532 0.83594 2.96614 0.0370358 
44.5334  23.5015 1.06507 0.146753 0.635713 3.87388 61.0426 
23.5745  86.0659 469.007 2.66415 0.0022414 5.69373 48.7137 
42.4634  84.4365 993.901 2.79099 0.453571 3.73715 56.9659 
42.426  75.3084 995.51 2.79113 0.446988 3.85156 56.7041 
47.4869  85.5868 994.201 1.04781 0.403306 3.9789 65.4986 
36.0846  42.5801 850.918 2.55106 0.464552 5.73841 57.3966 
46.6041  66.2476 994.772 3.59498 0.422091 3.8607 50.358 
45.1529  93.437 944.449 0.992104 0.567039 3.83705 55.2946 
37.2557  81.8896 995.508 2.61167 0.473764 3.75968 53.4019 
42.4951  82.2355 995.504 2.67587 0.441816 3.6801 56.3535 
47.8124  20.2041 6.20513 2.96554 0.833421 4.63366 68.9841 
41.2515  79.2859 995.63 4.8235 0.421657 3.56004 53.6432 
26.2373  27.5588 43.8931 4.56787 0.514772 5.29398 75.7141 
-5.64004  49.649 448.73 4.04317 0.866589 2.40554 70.1681 
43.5157  82.2461 999.623 3.68423 0.465417 3.65908 55.1921 
43.3301  86.8417 995.795 0.851013 0.47868 3.71481 56.3764 
43.4535  83.1527 997.754 6.19462 0.495644 3.70623 55.6487 
42.9662  82.3046 999.62 3.5767 0.452586 3.74636 54.8791 
45.1161  88.8185 997.757 0.0182871 0.432084 3.62116 55.6007 
48.2038  90.4188 995.778 0.657419 0.567063 3.61959 49.4797 
40.0906  15.2167 10.0562 2.33536 0.553707 4.24445 89.2273 
-80.4685  40.4973 113.623 2.80633 0.550266 0.344713 60.1004 
42.1809  83.0316 997.764 6.26185 0.471471 3.75139 55.5463 
-27.3923  2.95941 40.5089 4.87921 0.623336 2.29643 79.7027 
45.9282  80.4017 994.974 0.828191 0.509715 3.63779 54.6944 
42.4336  81.644 999.616 3.51669 0.457665 3.76349 55.3498 
50.05  10.855 1.19302 1.74027 0.298165 4.73627 83.1113 
43.2202  79.9667 999.618 3.58116 0.461247 3.72294 56.3057 
-81.5587  77.0119 3.33238 1.84545 0.053275 5.45129 84.7882 
72.2824  95.6289 394.376 4.26216 0.83373 4.89192 82.8437 
42.958  80.8978 999.617 3.50914 0.455831 3.74241 55.0422 
-1222.17  25.1937 13.1604 6.02574 0.316974 0.563591 26.4584 
42.6509  89.9599 995.362 0.45518 0.459858 3.73316 55.5746 
39.1607  96.5493 995.366 0.2361 0.558808 3.87016 53.5969 
83.7072  17.9584 601.521 1.84636 0.460693 2.7512 96.5553 
43.8919  79.496 984.737 2.97477 0.353273 3.55735 57.0769 
-322.146  89.9329 7.87024 3.22182 0.0282338 3.41805 25.5785 
43.3592  82.2734 999.215 3.63358 0.47515 3.74143 54.7559 
41.806  83.1865 995.757 0.260305 0.473667 3.76907 54.4696 
87.2176  15.9814 467.116 5.62853 0.586172 3.27359 77.6335 
42.2836  80.2943 984.751 3.53098 0.351387 3.18072 57.5436 
41.1468  90.8836 995.745 6.23846 0.526802 3.77304 56.2356 
221.379  21.1785 1.53205 3.91378 0.127169 6.18308 41.9209 
42.0477  81.4488 995.725 6.2093 0.393668 3.59632 55.372 
45.2728  74.8731 994.509 6.07127 0.492413 3.73428 57.4696 
43.9276  82.0602 999.493 1.60902 0.486054 3.78333 54.0275 
44.9947  77.3289 989.694 6.17894 0.429897 3.49525 52.5207 
44.3535  81.8709 999.216 3.67476 0.447748 3.68661 54.4934 
56.159  23.6 4.2065 3.38592 0.41033 4.3633 66.5386 
-54.8099  2.98393 3.29749 4.59995 0.328114 4.44083 0.840487 
-556.605  38.3987 22.4493 5.54306 0.504738 0.596873 96.3273 
112.46  10.0065 206.297 1.93628 0.475435 5.86876 73.9695 
47.5356  84.8426 957.706 1.08286 0.477742 3.62837 54.4622 
504.009  0.467475 595.844 4.43092 0.549921 3.0777 64.228 
42.7298  82.4569 999.494 1.64375 0.470005 3.71926 55.2958 
42.7532  80.4479 997.714 5.43462 0.467289 3.77119 55.2533 
49.8307  78.9984 992.137 0.842537 0.385396 3.22855 55.2069 
-311.061  96.6991 131.35 5.84361 0.117406 5.54937 26.6931 
43.0201  91.3211 998.52 5.45489 0.502319 3.70291 57.2058 
816.825  3.03518 27.2782 4.72222 0.389178 3.83353 27.0474 
41.8827  86.102 955.542 2.95832 0.255851 3.09324 56.46 
69.2795  72.2753 782.224 2.76706 0.717264 3.8877 63.4632 
45.9992  87.2331 999.209 3.49335 0.540375 3.80053 56.5837 
43.7535  80.6531 998.499 5.17503 0.447744 3.64243 57.2181 
21.7747  77.689 962.163 1.29504 0.177246 2.14056 51.7139 
43.4611  94.0389 997.081 2.13555 0.473093 3.59135 55.7533 
41.8349  86.3264 999.241 4.02718 0.423036 3.78481 55.6264 
41.9879  81.2359 983.425 0.759473 0.541354 3.9334 54.1122 
47.1843  81.0609 986.972 0.767819 0.449052 3.71086 55.3419 
61.2521  19.1358 321.578 1.54663 0.0636925 1.50413 73.0163 
40.0878  67.2194 950.967 0.235915 0.30465 3.5923 54.8752 
42.5573  79.9395 977.069 5.74066 0.549251 3.95212 56.0146 
40.4587  83.7064 999.853 0.81456 0.41365 3.7769 54.9507 
42.0371  79.8138 948.131 2.43377 0.364145 2.95539 61.1268 
1372.27  56.0935 209.909 3.58147 0.840208 0.969582 42.6437 
41.8696  84.3596 999.716 5.00808 0.468412 3.76957 55.3811 
45.0905  62.2309 918.291 1.33999 0.329747 3.60032 64.6173 
38.5797  97.807 998.63 0.629745 0.566041 3.83454 55.6483 
43.4978  84.6919 998.627 0.794156 0.582142 3.78616 56.4181 
34.1117  92.2051 517.007 3.904 0.420098 2.7161 55.7324 
50.3675  49.5979 548.934 4.74941 0.550774 2.61028 44.8478 
25.9702  92.2981 918.885 5.4905 0.348789 3.55426 56.051 
962.218  48.3362 2.08429 3.0286 0.434277 5.47826 57.7016 
43.2123  88.7929 927.501 5.48272 0.420521 2.69762 59.9362 
73.7039  55.6115 135.85 0.84798 0.00216702 1.18256 66.0799 
84.815  19.0105 5.79512 1.62341 0.550394 6.23769 66.1893 
9.02443  67.3647 401.443 1.53445 0.367209 2.78715 79.581 
-506.124  57.5927 44.9745 1.38749 0.608431 2.29364 0.399651 
45.4106  89.1695 974.506 1.89205 0.62828 4.10033 55.8505 
40.4711  45.7341 549.772 3.76165 0.526314 2.48307 88.9172 
44.7473  77.8292 999.028 0.713532 0.436023 3.76202 57.3785 
44.6735  75.8277 995.459 1.95854 0.439943 3.71798 55.2817 
43.9487  82.5532 999.03 0.909526 0.491951 3.5915 53.6877 
43.7466  81.1156 999.717 5.09845 0.451621 3.73669 54.85 
44.3914  81.3991 999.719 5.11247 0.458309 3.72647 55.8339 
41.3806  92.1337 995.472 1.95938 0.579452 3.87514 54.5606 
19.5081  92.57 481.396 3.26417 0.384846 2.89668 55.3587 
42.9997  95.5877 999.715 4.92859 0.595647 3.80055 54.5857 
43.5551  82.1415 999.713 5.07472 0.457769 3.72073 58.1178 
29.7799  51.6391 388.651 4.42502 0.806526 5.12617 66.8881 
43.1421  82.4217 999.029 0.757973 0.458678 3.73516 55.6691 
42.2523  78.7851 999.029 0.602176 0.440308 3.79693 57.5786 
313.191  29.8155 5.54942 3.36182 0.706666 1.48993 54.8745 
28.6998  82.1157 512.75 1.17692 0.335434 2.84025 60.0772 
89.6294  48.4584 161.558 0.856814 0.696627 3.33634 79.5021 
42.5606  90.3017 993.91 3.13108 0.568905 3.72434 50.8338 
43.0922  83.0183 998.885 4.77176 0.466776 3.74761 55.6932 
41.5536  92.222 998.887 4.74363 0.459421 3.71151 54.3565 
42.2046  86.3703 999.46 0.981515 0.446953 3.7844 56.0669 
40.8613  85.8102 996.873 4.91987 0.442239 3.75048 55.1223 
43.4812  81.1545 999.459 1.08524 0.454825 3.73695 55.5925 
73.8478  49.3122 41.665 4.2319 0.838887 5.30321 83.5584 
263.659  63.5522 731.622 2.78349 0.853952 5.07046 66.2287 
44.175  86.8953 943.451 3.08535 0.475785 3.46255 57.0391 
65.0226  22.5815 903.912 4.33324 0.258762 2.8893 69.6673 
46.3931  82.2001 942.057 3.28526 0.438246 3.98554 67.9495 
23.1194  45.661 477.739 2.93725 0.266835 3.46215 58.3075 
50.4376  27.1262 1.83536 0.464219 0.758933 6.02202 74.0285 
44.1771  82.0801 999.686 4.65878 0.48014 3.71415 55.6888 
45.0072  81.6815 999.686 4.60091 0.482709 3.78117 55.5074 
43.2685  22.4621 74.6968 3.4319 0.0058488 4.06754 50.3242 
51.5922  49.0284 437.101 1.43474 0.421978 1.79321 65.0733 
35.686  53.465 53.8505 1.76128 0.567268 3.23349 55.6089 
42.5449  81.986 998.875 4.63441 0.461582 3.76119 55.6277 
55.1441  43.2675 61.7546 0.0352435 0.422138 4.83547 81.4162 
42.4693  81.0559 998.874 4.56307 0.446684 3.74605 55.2659 
44.4292  85.1992 998.873 4.56451 0.517905 3.81707 57.3726 
73.6848  64.2467 164.496 0.172466 0.691789 1.98689 99.7337 
45.2896  79.4372 989.29 5.94496 0.482331 3.70901 56.8346 
143.638  60.183 5.67292 1.93287 0.203854 0.72198 36.657 
-1112.98  10.5308 181.443 6.2092 0.697094 1.10366 81.8503 
42.0525  83.2329 984.705 2.54401 0.423966 3.60869 53.8039 
57.8555  15.7784 405.62 3.92669 0.659355 0.163787 73.486 
42.7308  84.5851 997.076 1.91385 0.48076 3.76609 54.9322 
44.0756  56.8298 645.832 4.8307 0.341136 0.575977 73.3457 
41.9194  74.6369 961.031 0.569351 0.499672 3.26605 56.5062 
45.6328  41.3229 209.139 3.28031 0.766881 1.33893 55.7591 
17.3129  16.9782 22.9261 3.20104 0.884372 0.668631 77.39 
-581.556  36.0412 1.52878 5.36384 0.17637 0.00349669 99.5044 
-889.914  84.2442 29.0453 4.98048 0.019332 2.95203 61.6556 
43.1284  80.7502 999.463 1.16826 0.464803 3.74767 55.0447 
114.77  91.527 1.90017 6.2119 0.794213 2.71497 65.4234 
62.2668  61.9467 513.961 4.37461 0.0366931 1.95719 84.0833 
77.0969  26.9755 488.677 5.97165 0.74391 2.55656 91.8531 
38.712  82.6373 995.747 0.268782 0.395534 3.6307 55.75 
-52.4374  65.7013 851.736 4.10523 0.106995 5.0552 0.282902 
70.2171  54.5204 30.7235 1.66623 0.695978 3.77328 22.9844 
33.176  40.0139 26.9962 2.35894 0.852496 6.13855 70.444 
34.889  68.5554 533.069 4.71527 0.26391 2.46001 72.1565 
113.772  36.7164 237.662 1.35812 0.0503784 0.565726 90.2903 
43.8481  83.7996 997.749 6.14595 0.451874 3.628 54.8284 
884.054  48.8345 996.882 5.51679 0.308033 2.73423 70.1499 
-189.522  7.7249 180.717 2.73189 0.283191 0.305042 28.9775 
45.1038  81.5575 999.455 1.03233 0.472299 3.77326 55.6606 
43.2616  84.6853 999.453 0.982855 0.501509 3.76578 55.2665 
42.4426  59.8245 494.761 4.24758 0.070524 0.576195 74.8071 
59.4301  91.114 992.62 3.76883 0.231263 1.3389 78.818 
44.142  60.869 957.478 3.70805 0.458333 3.6651 62.5581 
29.3936  84.0836 521.987 5.01994 0.297294 3.47519 63.3826 
43.1634  80.1624 999.845 0.818086 0.43696 3.69495 55.484 
42.6046  82.8588 999.365 5.91501 0.380549 3.59078 56.0862 
68.4978  80.1005 863.415 2.30565 0.615304 4.30855 60.7215 
44.0503  90.0493 993.981 4.18314 0.497779 3.59959 53.2314 
44.1365  80.8254 999.431 0.64538 0.459041 3.75648 55.2851 
42.1511  86.3282 999.351 5.66037 0.480202 3.76234 54.8555 
30.2963  57.4586 467.561 4.58276 0.0949928 3.01164 50.1602 
48.7087  79.6439 508.493 1.77611 0.72926 1.90423 59.03 
33.9698  72.1563 514.539 4.96176 0.201219 3.36219 50.1114 
52.9789  81.0267 540.97 5.44336 0.265568 2.77928 58.2543 
43.9314  80.9647 999.423 0.604603 0.453606 3.67576 55.5891 
52.0572  94.487 980.87 4.64555 0.54227 3.10367 55.7239 
40.8664  89.0434 570.03 0.253779 0.259318 3.33282 62.65 
43.1738  84.06 999.756 5.73259 0.458723 3.70186 55.3271 
43.2294  80.0742 999.757 5.72236 0.473185 3.67571 54.958 
2.43217  94.9977 422.897 2.17686 0.213478 3.57656 83.6346 
74.5488  67.9402 785.45 1.79568 0.324141 4.38772 52.6073 
38.8574  87.1586 999.019 0.476487 0.492372 3.79086 54.4432 
43.0552  83.1218 999.762 5.77228 0.472005 3.73061 54.0553 
44.0938  81.7803 999.761 5.85854 0.442464 3.64973 54.3235 
55.8814  94.7273 612.047 4.3939 0.419655 0.602898 74.1489 
47.5526  40.4059 881.245 1.47306 0.0482679 1.8702 68.5387 
61.6494  35.0031 10.7798 3.96283 0.68445 5.41176 66.178 
41.7338  94.3831 931.127 5.96757 0.617688 4.07428 57.5702 
48.69  24.1061 3.71619 1.83615 0.845005 1.13452 56.4612 
45.875  82.4765 999.752 5.67585 0.464737 3.66063 54.7735 
42.9678  79.1515 996.425 4.42708 0.436014 3.66843 55.9623 
32.9556  44.139 3.70115 3.09007 0.280199 1.91154 77.5666 
-1632.9  14.6204 950.34 5.32824 0.59053 2.44199 0.421915 
44.0818  83.2139 998.127 5.67365 0.464362 3.70313 54.7235 
43.8368  83.8262 996.398 3.94456 0.480795 3.78497 54.979 
45.0183  79.4486 996.168 0.530968 0.490859 3.63713 54.4522 
56.6154  26.0121 76.7316 2.06279 0.47857 5.41381 81.08 
64.4019  0.444894 593.081 3.68476 0.404944 5.57093 71.0989 
-242.645  5.88327 20.6012 3.43242 0.837282 2.6796 17.169 
42.7727  82.9107 998.842 4.13132 0.4826 3.73624 54.9437 
42.7856  84.0908 998.535 5.68736 0.496029 3.66912 54.4291 
25.0752  65.2189 533.274 1.57742 0.304377 4.12985 63.4886 
47.5863  77.4608 490.625 3.81199 0.17522 1.84353 65.0505 
44.3022  82.8383 998.846 4.17477 0.48537 3.79179 55.1576 
43.0102  80.9394 998.544 5.78045 0.466677 3.78791 56.0978 
70.0371  95.4012 922.468 1.84915 0.799759 4.25721 53.551 
50.7543  89.1877 537.829 1.95789 0.423561 3.15195 46.4685 
33.1783  78.2318 506.441 3.55867 0.365187 3.19804 56.4073 
42.6113  92.512 980.075 4.09346 0.500934 3.63905 54.8238 
42.3978  83.0507 998.851 4.26188 0.490241 3.73285 54.9713 
46.8735  81.13 994.557 0.476587 0.513503 3.76536 55.2989 
41.316  81.7574 997.451 1.37968 0.436646 3.7278 57.4296 
45.1076  83.0654 986.679 2.37768 0.479097 3.71821 56.4931 
43.2579  83.9973 999.484 1.4633 0.476692 3.7676 54.9771 
58.1724  46.1005 604.267 3.20898 0.0130415 5.68136 71.1794 
43.3539  83.0877 993.594 4.31144 0.46819 3.68727 52.9639 
43.4963  83.6568 999.337 5.51413 0.464569 3.7499 56.8891 
42.5119  82.4354 999.485 1.52504 0.46587 3.71441 54.7394 
41.709  81.7097 998.711 2.07942 0.46541 3.77048 55.6949 
45.4744  88.2389 999.488 1.50974 0.553493 3.76243 52.7737 
50.0652  78.2968 999.491 1.59815 0.527498 3.80925 55.0193 
36.9802  92.4817 998.836 3.83532 0.527025 3.84438 54.5344 
