# level assignment, log likelihood, tiebreaker, ID.
0 -642106.33311 0.101392517555 0
0 -127480.63713 0.489315128369 5
0 -136414.500663 0.740863673172 1
0 -2640620.26626 0.635915023519 6
0 -5545598.65552 0.613830313228 3
0 -11945756.6764 0.617536344671 1
0 -3378146.12761 0.0961013212201 1
1 -37017.5828691 0.507522143701 7
0 -7959.79429977 0.162811699362 2
2 -1419.10061738 0.647827531076 0
2 -14896.9626031 0.103878480501 3
1 -10194.0315806 0.0461880181851 4
2 -15633.2168433 0.142969534902 1
2 -9373.78284431 0.655162539029 1
1 -17065.8825064 0.54087985739 0
3 -530.839585314 0.725012283411 7
1 -176997.792176 0.472130520507 1
2 -5822.31047633 0.0939867606026 5
3 -1092.45663208 0.261644616453 6
3 -2518.03045075 0.274485309028 4
1 -6185.28848143 0.980001960009 2
0 -4120073.02163 0.808423249863 3
2 -11605.5387972 0.709010905258 7
4 -592.653355897 0.0102148217006 3
1 -52607.9810443 0.0679681055854 6
4 -700.943561753 0.690853100604 0
2 -3909.17930875 0.433741551227 5
1 -213762.688661 0.345163187953 5
4 -832.040946785 0.988444036403 1
4 -785.80759102 0.335780942091 0
3 -793.636914354 0.800732037407 2
3 -550.743667415 0.786609796406 2
2 -1004.51888749 0.115251968466 0
0 -8764363.56429 0.726819292671 3
3 -578.462635623 0.697253290803 6
2 -2935.38503448 0.122008295459 3
4 -651.949284502 0.950573259452 3
4 -474.281367549 0.225473785934 5
0 -760812.755822 0.395470752828 5
4 -492.557449647 0.561757567962 5
5 -496.394321582 0.901347046069 7
3 -1247.14633432 0.0896373391879 6
4 -515.322458954 0.608695825251 0
6 -485.172135037 0.097410071372 6
0 -25100651.8031 0.48910792013 1
2 -11935.4579911 0.00643998295725 2
1 -35797.7049986 0.666077177302 6
3 -821.591361854 0.659763599547 6
1 -13910.2663932 0.558933184556 2
4 -806.275087307 0.296935174994 6
3 -1573.1538656 0.361459409624 3
5 -527.178174199 0.114161565043 2
4 -804.767421846 0.609815957959 2
6 -497.196426141 0.751085645089 0
2 -7523.2975282 0.204902429661 3
7 -475.857209461 0.746838618089 0
3 -1249.25539355 0.62414804787 1
4 -722.175468479 0.517863030599 5
0 -12226669.9507 0.947491551764 2
4 -491.349468874 0.817887622078 4
0 -36330.2558995 0.372135485068 5
5 -482.081901113 0.600962844224 0
7 -460.485014672 0.274811516167 3
7 -478.109591102 0.622951235212 2
6 -475.151171451 0.659074693365 3
3 -1976.05148785 0.482104933675 5
6 -480.994343929 0.897319794983 5
6 -487.939247066 0.710841424403 3
6 -497.634276356 0.276675920642 0
1 -635.625267117 0.53859858556 7
4 -492.000708896 0.323742207187 5
2 -4442.68469953 0.410445259169 2
8 -474.035603867 0.198790062609 0
5 -486.27285792 0.88735313246 7
7 -474.145811508 0.2506990492 6
8 -472.188732439 0.415841985178 3
3 -528.370737009 0.512537063491 4
5 -556.203603761 0.892386811237 2
0 -14175713.1598 0.445175050925 1
7 -474.38295492 0.395810334187 3
8 -469.944473224 0.370708473618 3
9 -469.752741536 0.0455259733895 3
7 -478.365337011 0.100041956506 5
7 -473.820643528 0.88700712666 0
8 -470.139162986 0.783289647488 0
8 -472.798405787 0.249603076228 2
1 -12926.6265698 0.226527017769 3
6 -469.985472158 0.554514657393 3
3 -1149.36604229 0.54226909059 7
5 -489.410732018 0.134183418587 0
9 -470.608644831 0.932872440613 4
5 -538.177912617 0.832327340016 3
4 -582.141732382 0.830844848827 2
8 -470.567260987 0.865233641086 2
8 -472.644293229 0.674311013405 6
9 -470.033629279 0.336661250869 4
8 -473.07611911 0.381222871353 1
0 -18738.2198706 0.0581028287178 3
10 -466.512424866 0.509866881839 7
7 -476.911563933 0.714656948658 5
10 -464.99353583 0.677567276278 6
4 -631.054061268 0.283524691089 1
6 -476.512019357 0.443289565114 6
8 -473.533723821 0.883762994477 7
10 -466.611113163 0.268418909859 1
9 -470.506846004 0.64191633401 7
0 -426387.084718 0.133876317363 4
9 -469.934763719 0.301341239828 7
9 -470.558134612 0.32648943471 1
3 -2663.46909405 0.472104459109 6
2 -490.561781345 0.170911200546 2
11 -464.081028982 0.680144475067 1
2 -4349.01149035 0.714349785255 1
8 -472.72069915 0.083477488037 6
3 -536.271998647 0.932748837677 5
5 -525.52432418 0.636707600337 5
0 -718029.598247 0.876791300442 5
8 -469.812879006 0.915420924339 7
0 -2744646.40964 0.757707844779 6
8 -473.05137717 0.855438332803 1
10 -466.407858542 0.297102614713 2
2 -7583.2657337 0.266352772681 3
2 -4202.91335271 0.179441078496 6
7 -475.452642319 0.257489242832 1
3 -1562.21714333 0.458477239676 0
5 -550.770902139 0.741998042866 0
10 -468.587089452 0.144363678441 5
3 -2113.54082469 0.628673488749 1
4 -872.222684119 0.999029006251 3
9 -469.149372945 0.596063507421 7
2 -13166.0974244 0.561918263545 2
11 -462.432670533 0.235662630899 2
8 -472.099071796 0.892207491083 7
6 -476.86247959 0.577129590353 5
6 -490.167671384 0.220139861707 7
7 -473.607205969 0.593086441025 0
6 -490.604180705 0.843576204334 3
9 -469.320287418 0.929552765072 2
5 -489.163446916 0.940453884077 5
2 -7292.22374064 0.225220782413 4
5 -543.311898025 0.835313115775 5
6 -482.348922782 0.749265773742 5
8 -472.972554107 0.147619306974 3
11 -465.327137402 0.0617697431768 6
6 -485.817190237 0.871836389906 7
3 -1249.16405106 0.664311861731 2
12 -462.488703055 0.603736584553 6
11 -463.185222384 0.759244650153 2
11 -465.504348491 0.162969560296 7
11 -466.140221792 0.471658941803 7
0 -90635.8373722 0.687125598717 4
10 -465.623881283 0.900218185193 1
8 -472.676751156 0.514788645261 6
5 -535.104879616 0.090462600178 4
9 -470.970120692 0.544805340647 0
8 -470.171103529 0.286120786076 1
4 -504.030031549 0.389594426459 5
3 -630.348531471 0.030860815023 0
8 -474.254426905 0.864330279737 6
11 -463.034493001 0.257713285101 3
11 -462.74494062 0.854042603577 5
12 -452.613889426 0.0555620807961 4
7 -474.506044127 0.479124981481 2
13 -458.399787641 0.209124776592 3
4 -477.132837225 0.909437346557 5
11 -464.776324385 0.0803969112982 5
5 -484.721596105 0.79061848404 3
14 -452.913178392 0.32156756476 4
12 -457.184705637 0.277120474351 4
10 -469.189146882 0.139320187246 7
3 -1525.14512692 0.880503433903 3
2 -13080.704257 0.59472026405 7
6 -496.761839441 0.484173765605 5
10 -468.658048291 0.225041792804 1
8 -469.921642433 0.75384007714 7
12 -460.036719611 0.185287334332 5
10 -466.690601912 0.717913202877 2
0 -8983.53909762 0.718883526062 0
14 -456.326633928 0.0671342275658 2
14 -453.254538834 0.578828284214 0
11 -463.45287754 0.0560256676391 6
13 -454.450541243 0.645031037819 6
8 -472.51100902 0.476549540209 6
6 -485.013743067 0.35569551562 1
2 -16404.4771408 0.108684628882 2
4 -608.813140124 0.726187733198 4
4 -755.147261961 0.805565928704 3
4 -587.772751638 0.778618296535 5
3 -483.025025361 0.77969694267 3
12 -460.164633193 0.55379640583 3
11 -465.894004959 0.852180569791 6
1 -150198.600524 0.624423492147 5
10 -469.154637398 0.469899765299 1
6 -481.039937168 0.0270226534916 0
3 -558.452636384 0.482716671483 6
13 -456.937609147 0.787037721466 1
1 -6228.94647362 0.709627482481 0
14 -456.630103168 0.00927854434633 3
15 -454.037523697 0.0470049830429 6
11 -454.044283784 0.83953306241 0
3 -1335.93827502 0.0210007933389 3
12 -462.24660511 0.275245662974 0
11 -462.849156799 0.647728575787 3
9 -469.989340647 0.243307392876 7
0 -4621696.70821 0.240050435453 0
11 -466.152759298 0.354595285843 2
8 -473.711749601 0.966965860694 1
4 -501.153510201 0.964790911334 6
13 -459.008029826 0.991890746778 7
16 -450.244277272 0.88449697899 7
12 -459.249538215 0.517719157006 4
9 -470.719422236 0.473189947051 0
2 -2010.74937262 0.260839371992 2
4 -514.764715684 0.337010417759 3
16 -451.567990259 0.490352792693 7
12 -462.154108153 0.457998452452 6
16 -450.298341174 0.535398112097 1
5 -531.897874437 0.045679010136 5
5 -476.139272014 0.479537526384 5
4 -745.747904482 0.107653040589 0
14 -455.180448421 0.129155412591 0
5 -491.236753594 0.721960708499 2
5 -545.476679373 0.541998189221 3
15 -453.056883035 0.452781129448 6
12 -453.751171639 0.61475270595 6
11 -465.61734217 0.534584816549 4
10 -468.912005321 0.897028356184 2
8 -471.891737034 0.582129228637 3
4 -517.125957162 0.767531808829 0
10 -466.392299994 0.113930865833 1
16 -451.490115346 0.962080337548 3
12 -457.32010723 0.497271039555 1
5 -490.665276518 0.145882488601 0
2 -1104.5671118 0.675093805734 4
6 -496.623621426 0.365626733669 2
7 -470.191519994 0.759247900246 7
15 -454.314142055 0.227227766649 4
6 -482.457603338 0.0754271465666 2
3 -1167.67239881 0.0991918655266 3
0 -523.650151088 0.352982818933 7
13 -456.64797024 0.30357187725 7
6 -484.412698771 0.36849427904 2
2 -12008.3736602 0.111420497677 2
15 -453.842125301 0.684892576514 0
4 -479.830758413 0.70400696073 4
15 -451.367581355 0.453022498802 5
5 -474.035795992 0.747208782211 1
16 -452.073196501 0.518832200742 3
5 -485.71978254 0.754990958203 1
16 -451.768045889 0.858144260126 7
5 -506.416666773 0.269929931106 6
11 -465.133294363 0.0293451993166 5
11 -463.474586258 0.278179937211 0
0 -3652845.96644 0.579636553625 0
16 -452.589748939 0.87351312506 4
12 -455.769793119 0.0957626778511 4
0 -41345.3489265 0.527050296982 6
17 -450.516057037 0.537635229402 2
12 -451.583725507 0.30116898569 2
1 -121408.697038 0.818864017064 6
0 -1086.48869546 0.111474428906 4
0 -12600159.8669 0.884825118688 5
1 -236200.703238 0.264233896293 1
16 -452.454071901 0.785066475508 6
7 -474.919510046 0.635189514037 4
14 -452.068059579 0.517808290746 4
18 -448.563664058 0.729549839558 4
4 -702.071869278 0.105847233106 6
9 -469.632722806 0.908387911758 5
5 -499.789183766 0.720818841721 4
11 -462.754902578 0.161240645005 7
8 -471.687756006 0.00706315858951 7
16 -451.388952762 0.122412911701 3
14 -455.74415771 0.832607401303 7
4 -485.077230933 0.0690781905391 3
6 -488.884399431 0.808647866046 5
15 -453.56341308 0.749793973794 4
13 -458.807418222 0.484908723265 4
9 -471.180555329 0.508035704081 1
18 -449.978150404 0.619613427126 6
2 -11818.4746004 0.0791264613668 1
0 -2521846.11711 0.467458401636 4
7 -479.018353162 0.810455442766 1
13 -459.083986257 0.749056311693 5
18 -449.592741738 0.994020090624 7
5 -520.073167189 0.130969617878 4
14 -456.343876651 0.372317224157 7
11 -460.154627768 0.132455237779 6
11 -460.767909362 0.104521512816 1
11 -464.199630234 0.139182252701 4
9 -470.230297861 0.374430151491 7
4 -617.428630729 0.555895746655 1
13 -456.497546849 0.152024393465 7
11 -459.247865068 0.272501307423 0
9 -469.794937269 0.16217347265 3
10 -469.092101944 0.372624298448 5
16 -452.296548477 0.226354731889 2
18 -448.167127816 0.0845920130844 2
13 -457.695205743 0.736968365254 3
17 -450.473197886 0.384211286671 2
5 -490.809451528 0.60888847745 0
5 -527.374871157 0.96508521752 5
17 -450.702872466 0.18030653537 6
15 -453.12363479 0.36994471007 5
7 -474.277177643 0.22982596571 1
11 -465.785547346 0.167600978282 0
18 -449.3410906 0.106854523131 6
9 -466.361763374 0.839570118267 7
13 -458.134858652 0.623424275485 7
10 -466.096321715 0.931917114989 1
1 -24782.1358607 0.0051890325967 0
11 -460.308515462 0.64006927859 4
17 -450.705650399 0.881683575252 4
9 -468.202113157 0.103958650311 3
17 -449.333958898 0.471595482248 4
1 -16428.2726529 0.379902210264 6
14 -453.017214269 0.909131841809 1
16 -452.418984507 0.0700484102032 1
11 -465.032718201 0.481882173616 5
9 -467.958895458 0.709107484648 1
20 -448.247590138 0.479245071156 7
1 -5115.89184093 0.438365252941 0
6 -480.33455674 0.0963721757569 0
18 -449.475393246 0.141027103515 5
18 -448.60893762 0.0944996893105 5
17 -450.761711881 0.665436497789 1
20 -448.027259962 0.984777205448 7
13 -452.210018357 0.313838371564 7
5 -495.443713897 0.0436294855679 4
17 -450.95368517 0.998244969623 5
15 -453.193266594 0.681228628289 1
17 -448.114669053 0.104670040437 6
20 -448.15677887 0.622935920288 1
4 -711.149661277 0.329995080177 6
15 -452.474196313 0.0933020063738 1
2 -3111.98693199 0.893364870286 2
9 -469.340139955 0.450714580842 1
11 -465.455660311 0.360740480515 4
6 -489.480866537 0.957223280774 6
11 -459.738533686 0.418562545986 4
10 -466.464846673 0.538366287171 4
15 -452.295720365 0.435310007 5
9 -466.577785028 0.636735920013 5
18 -449.460055758 0.123031417679 7
12 -460.894019095 0.446353362853 3
2 -939.707507667 0.503567855886 4
19 -447.889028625 0.599254828971 1
16 -449.284907168 0.000977449251706 2
20 -447.751968724 0.660226245694 3
21 -446.409438812 0.385217034145 3
18 -449.381904602 0.486565128785 3
6 -483.976200311 0.663774582268 0
14 -453.186510758 0.582801729832 6
7 -464.172408346 0.362377783794 0
14 -454.983495228 0.597053224364 1
2 -593.679426029 0.548183761825 2
16 -451.544030843 0.209395707162 0
4 -599.59437043 0.584693107737 1
2 -7833.37500137 0.645809007521 7
8 -470.695763811 0.217088394111 4
7 -476.93629319 0.283852565931 2
15 -453.50737419 0.608384023026 4
5 -485.413642711 0.543396040321 5
20 -448.310545863 0.231750385686 1
12 -462.526800077 0.229308887562 0
4 -672.427522215 0.683969253644 3
16 -449.535924084 0.398726254198 7
14 -453.830882371 0.799509606784 7
16 -450.992952785 0.634104896387 7
13 -453.656668171 0.656401774871 6
17 -451.133190186 0.67561028379 2
14 -456.328824452 0.00775275949619 3
22 -446.698117895 0.350599198624 5
6 -497.68945742 0.57111948314 3
5 -474.990385427 0.606981515569 3
10 -468.79827984 0.21250898468 0
8 -471.262466931 0.224336111043 6
4 -765.760973648 0.368046914599 1
9 -469.642671597 0.420901617269 6
10 -467.417799476 0.975980607305 3
10 -467.969269184 0.70100572491 5
3 -2056.45106227 0.86456103092 6
19 -449.012074995 0.941439862674 1
14 -453.636332537 0.708763411976 3
14 -453.68689768 0.789501068673 1
11 -456.522819583 0.102802245464 1
9 -469.250096612 0.44307093053 3
16 -449.468993243 0.630736502228 0
19 -448.731373213 0.824709983603 4
20 -447.853045103 0.950331386795 0
10 -466.580959438 0.277641269399 3
3 -1690.69004709 0.623803500772 2
7 -475.415158072 0.753188530272 5
18 -449.998872444 0.452035121687 0
15 -454.235816717 0.772002450943 2
11 -463.356496095 0.616295586907 0
1 -38269.0545134 0.494930495092 6
2 -7088.20032629 0.470784698601 6
4 -576.216654933 0.148427884364 1
13 -456.054321987 0.5587795995 0
15 -451.145228098 0.460437521593 1
21 -447.557137271 0.9248149807 5
16 -451.683295589 0.939771303888 1
18 -449.465497878 0.0197687956385 1
15 -450.650348463 0.435425189142 0
18 -449.949889334 0.904492901295 2
1 -9928.27964051 0.217108745072 0
7 -474.621237348 0.743783791089 6
15 -454.195816281 0.521742340365 1
14 -455.831456917 0.0150572193621 0
16 -451.597480224 0.300640392444 5
15 -453.65306686 0.796497869241 4
13 -455.226984273 0.0249191089081 0
15 -454.198727108 0.322237571712 0
11 -465.340428677 0.746420254229 2
22 -447.087885417 0.662868524013 2
21 -447.678198239 0.196064811901 1
8 -469.81446056 0.598721503273 6
20 -447.836182819 0.319284469109 2
21 -447.6532763 0.86211211828 5
22 -447.002979789 0.625133802525 0
8 -473.064026595 0.680501244623 2
10 -468.038842883 0.78230082981 4
13 -453.654702054 0.0330949627302 1
11 -459.787679522 0.877528384978 7
21 -447.044629734 0.920980736516 6
8 -473.207390129 0.238943152359 1
10 -468.851005117 0.47693941836 7
1 -9948.54635076 0.156172294951 0
18 -447.96337081 0.985313349671 3
18 -449.807530964 0.827295112543 6
13 -458.134917327 0.619623385075 5
16 -450.825986765 0.36379672229 5
11 -463.243202312 0.363823236245 1
12 -461.271306829 0.353926002104 7
12 -462.22319142 0.0713031033034 2
18 -448.177688036 0.604233815024 3
21 -447.206832463 0.629763206175 6
20 -447.133919842 0.487398684223 6
19 -449.046991961 0.579713760032 0
21 -447.556768502 0.594096625253 3
5 -556.532591437 0.132801091539 6
21 -446.638966089 0.383452545597 3
20 -447.377804712 0.483428626443 4
18 -449.664208199 0.473807595013 3
23 -446.647934316 0.076853847079 5
6 -492.050288568 0.0662666530484 3
6 -482.614469175 0.172764083532 0
16 -448.000706702 0.297137082625 2
12 -461.659374898 0.378921666854 0
22 -446.762253529 0.152586163608 5
11 -465.689317719 0.0675428250577 5
23 -446.599722628 0.789545089942 4
3 -665.861694927 0.167314871221 0
18 -449.073450341 0.0695160047332 3
4 -778.894247847 0.775062932489 0
3 -1227.13651612 0.0631542502519 6
15 -450.629222205 0.0462978379979 0
2 -10807.9489598 0.88435473842 6
15 -453.998584298 0.486900338638 3
18 -448.736447969 0.446810675043 5
1 -47173.9538375 0.743258195859 4
22 -447.025821784 0.326144383321 3
3 -796.418879838 0.789681783605 6
22 -446.988391353 0.514222076918 3
22 -447.000377692 0.694521859483 5
17 -450.296155934 0.145971844337 0
1 -178820.790151 0.177352085534 4
21 -447.615359729 0.087107500638 3
10 -467.349595172 0.435090548621 7
23 -446.604318173 0.0101918154878 0
11 -465.500862534 0.196170092764 2
15 -454.153227153 0.455668203277 6
24 -446.026917582 0.697251889381 0
12 -452.966338633 0.794114123424 7
18 -449.719090738 0.115269278669 1
8 -473.102698429 0.140106976657 3
9 -470.425528066 0.291641303092 3
4 -855.302689774 0.36062965605 4
24 -445.747721834 0.0101216197886 0
6 -473.87721328 0.533096318793 3
17 -451.1737092 0.234075826132 6
4 -517.841449201 0.366267419388 5
12 -458.169912996 0.366742799847 0
14 -455.223019233 0.411116243915 4
11 -465.581860614 0.883256441783 4
21 -447.599978264 0.106457227835 0
15 -454.00335759 0.559820146479 4
12 -461.295190112 0.433376354855 3
2 -16624.8850227 0.369485150811 1
16 -452.492169835 0.754611690622 4
18 -449.369495409 0.221666907666 2
10 -462.20035444 0.250045372022 7
10 -468.029145737 0.611559437144 3
19 -448.555713706 0.851180097509 4
0 -8390699.21175 0.940699660029 1
25 -446.210784165 0.904461673222 6
19 -447.977221906 0.934161408307 2
22 -446.796285502 0.812193230624 6
18 -449.827723711 0.30094098017 0
20 -447.879134001 0.147015817975 2
21 -447.594754108 0.282513991386 1
0 -338862.366226 0.506048908485 4
21 -447.530317793 0.272363787346 2
19 -448.446204515 0.903781256512 0
22 -447.021908564 0.339489476939 3
24 -446.352563993 0.357925681907 1
12 -458.646870114 0.329079732896 5
25 -446.208533015 0.314714818934 2
25 -446.156119889 0.97208595884 7
8 -472.434086268 0.157154202582 6
17 -449.998462607 0.0848945011272 5
23 -446.356558385 0.201627524142 1
23 -446.50190475 0.0592646111225 3
20 -447.170795974 0.713004761007 4
26 -445.797447186 0.240497699902 3
21 -447.381743841 0.578883057812 5
22 -446.333461306 0.269210252798 3
22 -446.941821924 0.386369999656 0
18 -447.567854697 0.397355280378 5
11 -466.049510457 0.815914173487 4
20 -448.113169215 0.633775155552 6
24 -445.760523052 0.946188942192 1
11 -462.032605601 0.251046621001 6
12 -457.898474832 0.101347682314 7
1 -29158.5109356 0.561338314429 6
18 -449.159049321 0.181333151111 7
9 -470.714332113 0.0883097799243 6
19 -449.084505468 0.138118446634 2
12 -461.684947947 0.0853375704808 5
25 -446.199939369 0.355554895951 0
20 -447.111839749 0.763565456214 7
15 -452.853577762 0.0461240126761 7
11 -465.212820479 0.238310836753 2
25 -446.075440842 0.177407773368 0
23 -446.464198858 0.138667764289 3
16 -450.359488228 0.12310990422 6
19 -448.199430385 0.0251302016576 3
12 -459.360682633 0.417699406399 2
25 -446.168573805 0.270307329224 3
20 -447.595278411 0.352598930388 0
1 -11070.3186948 0.742397048954 3
17 -450.811751672 0.569349265449 2
22 -446.312145796 0.564752444657 7
9 -470.494171502 0.56915980452 3
1 -28253.1052034 0.981971416634 6
7 -472.427371186 0.993522466224 1
17 -451.243933423 0.942368243875 4
5 -525.213539922 0.647311567024 2
22 -447.14506152 0.256772441144 4
18 -449.925496824 0.751990669625 2
19 -448.351054217 0.123823629732 2
22 -446.039925637 0.265917920486 5
23 -446.317700176 0.105554587102 5
22 -447.168007886 0.330089732721 7
18 -449.877817935 0.657449947767 4
21 -447.622393954 0.683054947397 5
17 -450.33216173 0.273411630901 7
7 -476.397408178 0.721227102244 2
27 -445.90729736 0.0524666285226 4
13 -458.301919968 0.299093381173 5
27 -445.779105523 0.478510776464 0
24 -446.022970421 0.742738519271 4
12 -461.916390695 0.0558932959298 2
8 -471.441304704 0.919202617353 3
21 -447.212774674 0.219731758696 6
8 -473.517695886 0.926845704682 5
6 -472.342061384 0.166588668093 1
13 -457.935888273 0.80011102344 5
20 -447.157056676 0.406486586388 2
6 -492.639406313 0.941236382567 4
23 -446.740976694 0.268226511645 7
21 -446.619324352 0.21723619049 0
12 -459.268065287 0.947598522605 1
6 -481.306984464 0.557171303688 0
21 -447.423824734 0.935071203005 6
9 -470.380433542 0.107274525302 4
23 -446.12614557 0.3298692794 2
3 -710.897574748 0.299228599202 0
13 -457.799644716 0.453939018375 4
12 -461.58796716 0.508162271225 3
17 -449.983519632 0.71263946845 7
11 -458.366404315 0.172020433145 1
2 -486.044620471 0.0506440690513 0
18 -447.285283215 0.557060727031 7
21 -447.098965688 0.637910735943 6
25 -446.174028916 0.33362919052 4
20 -447.609176006 0.482733372783 5
27 -445.899380032 0.219119009329 4
24 -446.430543935 0.0700550134133 5
25 -446.139463884 0.259669926277 6
13 -453.357689965 0.927444300686 1
9 -471.172668701 0.233873795596 0
2 -2349.15151429 0.524559018153 0
26 -445.986755919 0.370286854785 1
28 -445.785411546 0.745841335421 7
23 -446.671233594 0.329391224421 6
3 -537.82106206 0.984352126987 5
25 -446.180639797 0.359036688003 3
27 -445.697443627 0.933362192522 6
20 -447.989742189 0.736660346766 2
20 -448.211929406 0.00112408587178 0
17 -449.880975058 0.985240939054 0
23 -446.712327553 0.59600618381 0
27 -445.947122252 0.660298384144 1
26 -445.858141554 0.461561024352 7
20 -447.656251886 0.42146384743 6
21 -447.591635918 0.866549337857 0
19 -448.703789783 0.723377610735 1
22 -446.815869079 0.388017107234 1
22 -446.963915949 0.0244563922982 1
22 -446.717500744 0.717492183857 7
26 -446.053828015 0.122785563635 1
29 -445.646053331 0.744273384596 4
12 -461.071557713 0.144071818296 3
29 -445.771995034 0.625540634278 4
25 -445.842706967 0.526422108614 5
28 -445.749108834 0.514311179347 7
23 -446.326827828 0.868814398839 1
19 -447.597852032 0.361885909591 2
29 -445.756130649 0.35272711969 7
29 -445.771218496 0.836853784895 7
26 -446.020531225 0.844512960767 7
24 -445.858370421 0.0618742806503 7
2 -11541.9169224 0.378621055051 3
6 -496.226401656 0.887389146062 0
3 -1194.84576651 0.120477900046 3
22 -446.841396742 0.47664615807 2
28 -445.789228114 0.68738712318 4
21 -447.240650333 0.857750684372 6
26 -446.051764838 0.369419916767 5
16 -451.687766434 0.48535613129 1
27 -445.694335886 0.0301524928929 4
18 -449.198904433 0.8627271504 3
25 -446.182052813 0.357117478394 2
13 -454.437718988 0.549072435794 7
11 -459.422011177 0.9512029809 5
20 -447.424396224 0.349838544204 1
16 -452.447012436 0.303135121042 0
23 -446.516824475 0.701728767414 2
21 -447.534786821 0.0867570029443 7
20 -448.227783078 0.450535759085 1
16 -451.497393584 0.0970232882094 7
30 -445.541104165 0.548046504277 2
13 -458.432392315 0.656484914264 1
2 -1275.58711159 0.490559746162 4
2 -8999.05048322 0.869909017157 5
16 -451.479304953 0.391733509598 3
11 -465.166706639 0.540376900463 4
15 -453.112619678 0.299964890162 6
30 -445.688907438 0.575163542514 2
2 -15663.1997449 0.871338881626 4
0 -1261691.23739 0.100339403241 3
29 -445.759394073 0.279823563119 2
25 -445.986388975 0.494147265957 2
28 -445.647454756 0.520726585123 4
20 -447.844767331 0.0891844615799 2
2 -1227.16992696 0.317482153594 3
20 -447.417446632 0.821864445238 4
1 -4076.16745142 0.365499261718 3
13 -458.217113081 0.588592654619 0
8 -471.521928359 0.0029752126372 5
28 -445.811565487 0.308299600185 4
21 -447.471407885 0.241773616201 3
14 -456.626292706 0.0200408110298 7
22 -447.141735057 0.499324612429 5
8 -471.818183211 0.161280313844 2
11 -461.254428793 0.622133014675 7
9 -471.062073123 0.489769990132 1
21 -446.763009915 0.716764640604 5
11 -454.851056904 0.575275942163 2
20 -448.241473202 0.865481449698 6
16 -450.669398219 0.660019272894 4
3 -1695.91930062 0.0286375200264 5
4 -814.895741013 0.527250731027 2
14 -456.181385726 0.257644247909 5
27 -445.862568669 0.324465917424 4
29 -445.68621041 0.693488801728 4
8 -470.916348405 0.050356045556 5
12 -462.619440687 0.533557028942 5
8 -472.665428153 0.669307566016 2
30 -445.65332466 0.265358823293 4
14 -455.963417507 0.088868687054 0
30 -445.64195913 0.775267070242 4
30 -445.640715461 0.123349744117 4
18 -449.963155939 0.610978272653 6
31 -445.594841941 0.93713702893 4
2 -15266.3953968 0.975084187201 2
7 -478.980554634 0.544921515674 7
23 -446.588998597 0.595251538672 4
17 -448.390549337 0.351908356476 7
5 -532.12297273 0.424796091542 5
26 -446.057585255 0.984165391193 6
6 -483.253006164 0.129907952747 2
0 -275268.322805 0.645760331468 7
8 -472.494052386 0.501315995339 4
13 -459.013139425 0.0257572847459 1
3 -2517.57858384 0.624783617522 3
12 -462.05477363 0.511906987316 0
20 -447.451476906 0.0352112544534 2
6 -486.294292512 0.348869839985 5
13 -456.151790191 0.213428583637 3
13 -459.401177537 0.777414777275 7
17 -448.499683764 0.996614408727 2
23 -446.620863554 0.135480763454 6
16 -452.214927834 0.363226015055 7
16 -449.619649591 0.493370326435 3
6 -485.399027166 0.859733512454 5
10 -468.810672793 0.582320143737 5
12 -457.992864929 0.257617612193 1
23 -446.419610047 0.810732085746 6
11 -463.515525501 0.869292645179 2
20 -447.696372204 0.028426473307 4
29 -445.746224625 0.587804798129 4
16 -450.682250379 0.710866865074 7
22 -447.178107718 0.0371554714284 6
21 -447.418006669 0.470766905724 3
6 -490.057824642 0.643482445819 5
15 -452.928594239 0.253163597028 0
11 -462.630510394 0.796693307818 7
22 -446.482879682 0.533422450628 4
15 -454.040441101 0.329123413929 0
29 -445.721328725 0.935035189294 3
25 -446.173271914 0.135910952763 3
23 -446.396551274 0.0355426910548 6
9 -469.411780649 0.472141366839 1
28 -445.751825468 0.909492222572 6
7 -477.893401996 0.207746991397 4
7 -477.986091391 0.634309246566 1
12 -462.740940216 0.965387848272 2
13 -455.782668768 0.215655239292 5
25 -446.189018675 0.0672343083569 0
18 -448.991920443 0.43261875874 0
27 -445.784167134 0.232682947668 0
31 -445.602709471 0.789921693051 3
17 -450.503978969 0.343414935405 4
30 -445.684881481 0.0244725585589 1
12 -462.171075714 0.466582991884 5
8 -469.398574449 0.44061854202 5
23 -445.815260365 0.491262192966 7
25 -446.229622853 0.431002980612 0
22 -446.978114494 0.925648765765 3
28 -445.836082478 0.757925592885 7
20 -447.903678501 0.949405301752 0
17 -450.999074481 0.820964431768 5
18 -449.743935624 0.850263120314 5
20 -447.386780643 0.602318908651 0
16 -452.146073926 0.472644185818 2
32 -445.6145272 0.515857558135 7
23 -446.749922463 0.488975860499 0
31 -445.596623333 0.160182919323 7
31 -445.636500653 0.637576173629 7
26 -445.980957884 0.169256622767 4
17 -449.705892557 0.739247247536 3
21 -447.432104154 0.060063997121 6
27 -445.952587495 0.659413750574 0
20 -447.978266915 0.0607409594816 3
30 -445.661734941 0.222511738482 1
12 -461.3344503 0.477487607851 2
29 -445.713991629 0.324287983679 1
28 -445.846622845 0.55538085979 2
22 -446.111489641 0.528344593186 2
28 -445.788240147 0.193750739184 3
30 -445.637227862 0.695339528785 1
25 -446.091275919 0.567755852597 6
22 -447.107292443 0.384964413954 6
28 -445.813924106 0.7720465911 6
12 -462.229618184 0.854529588371 5
26 -445.968529774 0.526567070438 4
29 -445.639279732 0.0149722460392 1
32 -445.612085287 0.11984512605 3
32 -445.60218755 0.82092322455 0
26 -445.908314514 0.425285396707 3
27 -445.956136629 0.673224795602 2
29 -445.652023494 0.915639252035 1
28 -445.740636169 0.856846572942 4
18 -447.333058816 0.438116422061 2
22 -446.66873548 0.227903857116 3
14 -454.431569999 0.0804404593273 5
25 -446.19913077 0.00861172343158 3
27 -445.895560517 0.886873243348 6
21 -446.982515364 0.329361191454 4
24 -446.249299468 0.884104108192 2
10 -468.12754342 0.08355997414 5
20 -447.332494053 0.364783861507 2
33 -445.59235479 0.779591487396 6
27 -445.881893795 0.280072168124 7
25 -446.220245094 0.953042613323 4
32 -445.577294397 0.787767219583 6
28 -445.746960642 0.358922791519 4
24 -446.441356953 0.893935062282 0
9 -469.583769342 0.949074909784 5
27 -445.943531753 0.452859543815 6
14 -456.317114325 0.35258096681 5
23 -446.752448793 0.43243143987 6
24 -446.36417748 0.664952816555 2
1 -1607.28919882 0.0326963778746 7
20 -447.079892011 0.606017778726 4
15 -453.678916889 0.84254571255 3
5 -542.684526687 0.955999524202 7
20 -448.217828839 0.731977162878 0
30 -445.704008314 0.0816840160791 2
15 -453.711687399 0.508674484221 5
12 -462.62641174 0.799869340329 3
13 -457.734463901 0.030786152081 3
18 -448.698459407 0.289379638549 0
13 -457.909952857 0.895967201645 7
9 -469.490320314 0.913446544928 6
27 -445.826834619 0.574903862993 1
28 -445.698173321 0.358915900618 4
30 -445.641802359 0.258993418905 2
9 -469.738202139 0.667170143418 6
1 -14023.708245 0.67606068028 3
28 -445.760486106 0.654134467531 0
17 -451.208217272 0.405813157622 7
30 -445.593436221 0.696151554576 0
27 -445.808205707 0.553547454252 4
5 -480.685899478 0.408720659379 1
15 -453.940122758 0.127290100285 3
25 -446.176394541 0.430508165826 4
31 -445.647224813 0.828904086618 2
9 -471.007066145 0.895493832211 3
29 -445.679701519 0.84093335962 0
27 -445.923118582 0.589729713994 4
2 -541.406175884 0.950502820169 7
8 -474.101635048 0.79394028563 6
26 -445.968428611 0.862173849604 0
16 -452.501107051 0.532709041467 7
16 -449.719975045 0.380461283061 1
14 -455.578294815 0.630464181755 1
34 -445.530054818 0.0818363183574 0
13 -458.133801778 0.288770592883 7
18 -447.299756895 0.945402092688 5
31 -445.647686444 0.178777720253 0
5 -503.737300713 0.240879574612 1
14 -456.275216769 0.499001125144 3
31 -445.655681189 0.669771048903 0
3 -879.03104849 0.810797229715 7
28 -445.780087166 0.591276718476 2
18 -449.66502506 0.538030342507 3
25 -446.196639862 0.579445753535 6
31 -445.611002596 0.453193179756 0
34 -445.560987064 0.00569418456071 2
1 -136752.370856 0.334221496132 4
23 -446.757238683 0.748480319371 6
11 -460.202705887 0.330776399616 4
3 -2510.36527648 0.238243852617 1
26 -446.053186013 0.378244557539 6
15 -454.324647957 0.451805470446 3
30 -445.598436348 0.591150124033 2
0 -2409.60438372 0.981717550694 1
16 -451.104758733 0.889618962647 3
15 -453.860156663 0.249437397718 3
33 -445.51088826 0.0903603563116 0
34 -445.548375693 0.302257460897 2
13 -458.364313359 0.372171559449 1
33 -445.590741376 0.13806959805 5
16 -450.393002992 0.663777548562 3
20 -448.271399453 0.96736775346 3
17 -450.478037165 0.924185517278 3
33 -445.571221425 0.568462605796 5
31 -445.53426174 0.308857528321 0
23 -446.317246578 0.329566134523 4
23 -446.487954405 0.49806715132 2
19 -447.324203521 0.560151790735 1
18 -449.492534835 0.63450188685 1
23 -446.451249961 0.763313564142 5
24 -446.131747218 0.228150972115 5
35 -445.547581234 0.678759633157 0
5 -557.041119088 0.0658262197935 1
14 -455.333438588 0.706259911827 3
35 -445.540463451 0.821543304674 0
28 -445.743205372 0.724805022022 6
35 -445.521036659 0.29436803718 0
32 -445.606046594 0.855604760238 2
35 -445.531739011 0.884061915646 2
35 -445.529238309 0.608627839698 2
29 -445.733637535 0.379137108144 4
34 -445.562523254 0.408645191929 2
17 -449.077071107 0.435884614738 1
15 -452.356339806 0.839106343993 6
27 -445.913532686 0.357169249758 6
15 -452.301614934 0.0915457865513 4
15 -452.782328879 0.314800247899 1
11 -462.804100731 0.336996812666 4
36 -445.529917821 0.273407070245 7
9 -461.277305883 0.701396376981 3
31 -445.59554437 0.229974435824 7
3 -566.542819188 0.155742748507 1
32 -445.611368565 0.7061624811 7
25 -445.981670729 0.394112671757 6
15 -454.118884547 0.747502378186 5
14 -455.183538122 0.21435991157 3
17 -449.458428866 0.0494150137888 3
0 -1398359.1717 0.823481684429 4
35 -445.537223858 0.280760698184 2
30 -445.698314494 0.609374128643 3
34 -445.568413368 0.315034702827 0
13 -458.657429726 0.805297864168 5
18 -449.617009044 0.534406065259 4
22 -446.555337354 0.93468903228 3
9 -470.181415686 0.189073129382 1
23 -446.193814357 0.0455702145074 3
16 -452.370188165 0.686308240746 4
10 -468.769517226 0.903874176636 1
9 -469.591480525 0.624381736367 5
19 -448.846154953 0.456191523709 0
26 -445.886951895 0.0326925951109 2
3 -626.605593531 0.427961748075 1
29 -445.765183626 0.588857286252 2
32 -445.618757925 0.318217525688 3
36 -445.527973555 0.89148654512 3
27 -445.829146439 0.554041493936 1
31 -445.623103325 0.518467266344 7
29 -445.76936843 0.812840809772 7
33 -445.545644735 0.909006045711 7
30 -445.710348162 0.403619957997 4
34 -445.537243229 0.773767139942 2
15 -451.754058661 0.0138651745021 6
15 -451.449838236 0.725680284935 6
32 -445.609625669 0.332227417275 4
34 -445.549595075 0.909581551305 7
37 -445.520354712 0.462477288173 3
37 -445.517660781 0.063749349818 1
37 -445.520230371 0.860231751911 2
37 -445.516634078 0.422301736873 2
25 -446.22740749 0.0221116293514 6
15 -452.815687897 0.0346395654733 5
37 -445.516570499 0.168448508666 1
37 -445.516118544 0.961175036882 1
37 -445.500017858 0.533682319678 7
37 -445.520281935 0.138173541951 3
35 -445.542814807 0.754263899326 6
37 -445.515226627 0.448795785849 7
37 -445.509929276 0.911772943131 2
5 -479.297838347 0.627715479481 5
10 -468.283625637 0.283097168284 5
37 -445.520700259 0.438891268419 1
37 -445.509214705 0.879031051141 1
36 -445.523575283 0.814573460465 2
37 -445.520566561 0.0991198750221 4
35 -445.537968619 0.00940865053726 4
35 -445.545856909 0.739265695269 3
36 -445.51724687 0.166599434331 4
33 -445.586596069 0.263803014295 6
37 -445.519907475 0.175862831832 4
34 -445.555876101 0.817990525576 0
35 -445.538951436 0.228628672151 1
36 -445.530435873 0.131405434706 4
35 -445.53670423 0.357388060627 0
37 -445.517995218 0.81243412169 2
32 -445.606943983 0.495019524623 7
36 -445.511579028 0.703896476756 0
32 -445.606292023 0.964170812933 4
36 -445.526131471 0.534490598551 1
36 -445.524906086 0.596045972143 1
33 -445.516042642 0.414955273314 7
19 -447.609589026 0.311245192372 5
37 -445.518929303 0.425431011803 2
34 -445.556564433 0.832188586036 0
34 -445.558221447 0.265422613916 2
33 -445.593465591 0.498787658224 6
31 -445.657850249 0.38009028028 0
34 -445.561788232 0.999369568634 4
25 -446.228664823 0.404110583216 5
33 -445.592638657 0.0139493031883 2
37 -445.507616062 0.531726910323 1
31 -445.646067601 0.936908927413 0
34 -445.550205292 0.064708289338 2
34 -445.546253876 0.0341454494802 3
35 -445.545564272 0.321237476182 0
37 -445.511768761 0.653988985363 7
31 -445.658848978 0.406432259693 1
36 -445.508774267 0.420350634016 7
36 -445.501030534 0.611408428845 4
34 -445.565774844 0.627683982447 3
31 -445.59521822 0.259741566692 3
33 -445.573849743 0.920888076865 3
30 -445.698323449 0.442437662722 6
35 -445.531612588 0.198401104476 4
31 -445.633401447 0.689354416993 3
30 -445.69182538 0.260202691536 3
36 -445.513069126 0.275226406494 1
31 -445.651107888 0.157079711896 5
33 -445.564757953 0.456300845252 3
34 -445.509722713 0.581434762662 6
32 -445.620369164 0.549494076356 5
34 -445.558628763 0.392381518669 6
34 -445.545661519 0.590293489232 1
31 -445.647047771 0.993613117592 0
32 -445.61561385 0.24517516386 5
34 -445.550995648 0.303372028343 1
35 -445.546778392 0.0289970192024 2
34 -445.55436624 0.924635089551 2
30 -445.684512582 0.0461150500757 5
32 -445.586049844 0.0840179623317 4
30 -445.688397427 0.0122950228444 4
36 -445.529505729 0.371880567748 4
31 -445.633862238 0.597375262784 1
35 -445.542690602 0.498070782193 4
29 -445.719457687 0.912004695211 3
33 -445.576731311 0.622079767264 5
28 -445.739428211 0.677801596775 2
32 -445.613793021 0.117128574275 3
30 -445.689361308 0.455829396818 3
28 -445.768462378 0.66379946844 1
37 -445.515214966 0.420693925014 4
31 -445.61883674 0.092991465534 7
34 -445.567392079 0.613535937976 0
32 -445.615211781 0.778306370847 6
29 -445.70458647 0.665163892254 3
28 -445.848010304 0.611612414568 3
33 -445.560899038 0.309916240157 4
35 -445.515717206 0.688833422072 5
35 -445.539722254 0.532814760838 2
34 -445.559892254 0.840397966778 0
31 -445.592868818 0.551387672138 6
35 -445.544401613 0.949005923209 2
36 -445.526699635 0.104247678225 5
31 -445.637684701 0.984276463605 4
30 -445.642357083 0.521376771757 2
37 -445.510107766 0.0812296281918 4
27 -445.736555546 0.00731726198833 2
33 -445.56862419 0.580570941473 0
30 -445.671384731 0.0732235431473 1
31 -445.54658229 0.621360737379 5
35 -445.546838069 0.157484163012 4
29 -445.657428363 0.0225213356286 3
30 -445.682149465 0.906938582744 1
35 -445.539326632 0.897785797972 7
35 -445.511897372 0.595128465623 2
27 -445.926657173 0.265537997764 1
33 -445.563307777 0.117700808117 7
27 -445.902632143 0.129767142167 2
28 -445.82286457 0.62658041394 1
26 -445.88305972 0.0418244126795 0
33 -445.552912157 0.89185627301 2
37 -445.51903155 0.0236567324675 2
36 -445.531610307 0.582409648422 0
32 -445.608969602 0.612959661296 1
32 -445.602998984 0.135692954089 7
25 -446.20314667 0.71567146815 3
26 -445.98816015 0.867579450626 2
28 -445.813146779 0.442812766313 6
25 -445.912164361 0.796885046765 3
25 -445.833668115 0.480230057948 1
30 -445.700903072 0.920501180538 6
29 -445.720567964 0.479881439955 6
29 -445.713501512 0.870062142624 5
36 -445.521881107 0.944013574353 1
30 -445.681911028 0.00846692993305 0
28 -445.66978702 0.540695818779 7
33 -445.579206156 0.991807604322 5
36 -445.529186253 0.600259152639 2
30 -445.696271909 0.366916737912 3
32 -445.580078034 0.101378672372 6
32 -445.575172275 0.860877679959 5
27 -445.925834279 0.152034102731 2
37 -445.518784756 0.653343438261 4
35 -445.539182851 0.688276550378 5
29 -445.763302945 0.748012733108 3
31 -445.621062616 0.795484372308 0
30 -445.701432805 0.767062363134 7
26 -446.050820447 0.243071796995 5
32 -445.587080869 0.000884178641515 4
37 -445.509721803 0.155080370706 3
23 -446.754184651 0.621952458135 1
32 -445.595884914 0.197697554121 1
34 -445.568156984 0.931070321722 4
32 -445.612634515 0.676551515953 1
37 -445.520552878 0.379602918644 7
24 -446.312015374 0.765611610553 7
26 -446.071775342 0.749924004315 5
28 -445.795873665 0.152004616286 2
37 -445.508062111 0.00478662560582 7
35 -445.544387011 0.880357762274 4
32 -445.618051041 0.360221218756 1
30 -445.687393584 0.828584654365 2
35 -445.530328961 0.978432212645 7
33 -445.58754311 0.448283980249 2
26 -446.046543899 0.16883684271 3
27 -445.875689549 0.390881813161 5
36 -445.521009469 0.598934752041 2
31 -445.653645845 0.527039005914 6
28 -445.747901049 0.212912982 3
25 -446.151918953 0.981519926071 4
27 -445.72073847 0.334025150986 0
13 -454.651051598 0.186083422214 2
13 -452.783016393 0.364208904672 4
22 -446.485222075 0.876821223311 2
25 -446.101225359 0.64886188832 1
27 -445.79123286 0.632441627884 6
26 -445.901856227 0.479135540844 3
27 -445.844688322 0.241040362909 0
25 -446.151397647 0.887430306726 7
34 -445.511624735 0.0488234895426 7
34 -445.553350794 0.82875573663 7
28 -445.806307639 0.149287831276 1
31 -445.648571374 0.516751456823 1
19 -448.332544702 0.0625689292853 7
27 -445.895547484 0.937323952454 3
36 -445.52162697 0.367397170535 0
21 -447.34053582 0.0763811439363 4
2 -998.964510748 0.166847140733 7
2 -509.258913806 0.99372348439 7
31 -445.576579687 0.546504711339 6
17 -450.511921606 0.607995739874 1
34 -445.563693926 0.656700217942 6
36 -445.52974105 0.163460991238 0
17 -449.719447131 0.958352068462 3
35 -445.539896311 0.46344633998 6
14 -456.153138895 0.192117315867 1
14 -455.857242188 0.0447083435316 3
17 -448.565999945 0.587664970357 3
4 -577.495134019 0.164131713153 5
3 -996.140016228 0.794449310667 4
12 -462.34842323 0.347139572063 2
33 -445.556594635 0.113796186285 6
7 -476.85275087 0.173244065284 5
30 -445.67177405 0.98758463456 0
13 -459.392013967 0.232897713889 2
3 -1138.45778489 0.423035668587 3
0 -3578731.30422 0.696345001239 1
8 -471.083208738 0.871145829573 4
20 -447.673329283 0.00394641815459 3
7 -470.975549542 0.322931708845 1
8 -467.445974208 0.785206069672 1
11 -453.350321034 0.917164821764 1
31 -445.631129643 0.0426116006111 6
0 -7031521.77147 0.801406766186 5
5 -482.908332983 0.312083853909 5
14 -453.579200528 0.565778361387 4
13 -450.921234029 0.0916604907075 1
28 -445.841737722 0.995125442529 0
10 -466.407321417 0.138925806133 2
26 -445.999348491 0.19412163915 0
33 -445.574451093 0.881765763321 0
29 -445.671800663 0.506079067921 0
8 -473.803478375 0.977571895034 2
6 -493.419011054 0.286296824566 2
5 -521.738539364 0.624295922789 2
22 -446.935966186 0.731891162483 7
22 -446.740644432 0.276413021001 7
17 -451.149057535 0.478880535534 2
25 -446.206862306 0.120903033521 6
18 -449.640668004 0.987116492836 3
20 -448.317648132 0.477331362166 0
9 -467.773298046 0.643410953192 5
23 -446.546894324 0.898743598407 6
15 -453.444987176 0.0789330256244 5
8 -470.711405002 0.265918173126 5
22 -446.76378631 0.988238718927 7
0 -4616991.88827 0.112713397293 6
2 -8290.92941801 0.981930570829 6
2 -9819.06884842 0.0277741460562 5
1 -2416.07486897 0.373251852834 4
13 -454.099827602 0.650637951345 0
29 -445.721129586 0.765704510866 7
22 -446.987443093 0.233603587916 4
3 -2595.86382273 0.488686573744 5
17 -450.793937992 0.100903179224 6
20 -448.202098246 0.321149946524 6
27 -445.824961761 0.507074200812 3
27 -445.918318769 0.857466870517 7
26 -445.812274546 0.0191025580964 3
24 -446.405472886 0.56808410989 0
22 -447.14025835 0.684708881263 2
9 -469.652117887 0.663196348649 0
18 -447.793055807 0.677237908955 0
32 -445.594427158 0.0288910546023 3
21 -446.786882006 0.165822587682 5
23 -446.749105765 0.132397828227 2
23 -446.663180766 0.202966757862 5
22 -447.070170575 0.261968986191 2
33 -445.581290296 0.839839676378 4
22 -447.097703029 0.0405355941904 5
6 -475.298547111 0.48935368791 6
25 -446.093333022 0.483961961696 0
25 -446.098035839 0.037337123426 7
29 -445.658588202 0.666526459039 3
26 -445.945782838 0.0467976199389 0
5 -510.074687869 0.975241639181 7
11 -464.408758154 0.260470952598 1
4 -545.308102682 0.830265194777 6
34 -445.540577942 0.815112652636 4
33 -445.567209252 0.709690948762 3
18 -448.277608918 0.261364043972 1
37 -445.519659315 0.507305522413 4
35 -445.547233919 0.668965581346 5
34 -445.557282618 0.728460898021 5
4 -735.719121155 0.943649618232 6
9 -470.980265445 0.413577489998 2
19 -448.0901798 0.896685590388 0
7 -476.5801335 0.579611266608 6
16 -452.369163518 0.267482806453 2
15 -453.132691614 0.256627215515 2
18 -449.86554654 0.14387058411 6
10 -469.02633054 0.984967807458 7
7 -477.50639768 0.099803714834 0
20 -448.331247262 0.30632619296 0
21 -447.498386114 0.431344559389 1
10 -468.102487263 0.922850798189 2
34 -445.553247319 0.221771383864 4
31 -445.648222391 0.766482223194 6
25 -446.157064835 0.833230137677 0
25 -446.217420325 0.975080331042 1
24 -446.224186519 0.476718282765 1
8 -473.019678446 0.222382767424 2
29 -445.573863026 0.0640380474937 0
28 -445.80377358 0.940078085724 1
19 -448.369294874 0.0395703733773 7
17 -449.062620958 0.552472320532 7
34 -445.509726128 0.297601546075 3
8 -473.80060661 0.43376369267 7
7 -475.813372105 0.655069926844 2
36 -445.518125544 0.245734149426 3
24 -446.280308936 0.76245122991 1
24 -446.324131854 0.0785373251165 4
1 -37242.6916365 0.806896812391 7
31 -445.656898089 0.268215655428 3
23 -446.225932412 0.883581677373 5
14 -449.578525962 0.925551634378 4
28 -445.843314257 0.530532008308 1
20 -448.049750327 0.49417559367 0
37 -445.520847501 0.247973978996 6
17 -450.821951255 0.323098602915 4
14 -455.081070507 0.102942420902 7
32 -445.614251644 0.470836396335 5
36 -445.515977601 0.555781738765 5
15 -453.825437557 0.671721998638 4
34 -445.539469033 0.284375122498 6
3 -1237.25995357 0.0977619954067 0
35 -445.547679675 0.125877964297 6
36 -445.503928901 0.664222797676 1
31 -445.639227832 0.968874752604 5
2 -1941.97684917 0.626432363338 4
34 -445.558937006 0.0577127762134 5
25 -445.996537657 0.991080522015 3
24 -445.967701654 0.758737158134 7
22 -447.15346844 0.601074009573 7
21 -447.397712511 0.87995369164 7
11 -465.571393932 0.753063820969 0
36 -445.525656055 0.891785969824 1
14 -456.390613985 0.63040649992 3
35 -445.543345026 0.526545298476 5
21 -446.590683402 0.180436710675 7
23 -446.412166738 0.533153256128 7
19 -448.183478654 0.497822873585 7
14 -455.874795562 0.955623420683 2
36 -445.526612595 0.884435898068 5
9 -470.836734106 0.205933168172 0
15 -452.365725193 0.734191179877 2
22 -447.122556777 0.103689951027 2
24 -446.233931987 0.374199609864 6
2 -7903.7385013 0.522852768154 7
0 -20113685.6585 0.594433892567 0
23 -446.494432902 0.174002551769 6
0 -7935354.31701 0.0150987598641 5
2 -654.2980077 0.0796098385197 0
7 -470.491136096 0.707941811786 7
6 -478.240994162 0.672984653915 5
20 -447.754017361 0.460661953325 6
10 -465.224077219 0.549714997897 0
27 -445.946003155 0.136719685004 1
11 -461.836535748 0.545570173048 3
7 -479.196990449 0.275179803393 6
8 -473.592365268 0.498538783553 5
0 -10911712.0476 0.933979023845 3
23 -446.153859317 0.382584484975 2
1 -157421.541164 0.927194577178 3
12 -456.603986693 0.404770088576 4
12 -462.375305084 0.456527407728 6
7 -473.075116844 0.608573299319 4
26 -446.03151635 0.56714986587 1
11 -462.925189239 0.297497068435 6
20 -447.008803454 0.383221333899 2
9 -471.108185286 0.881152783209 5
12 -458.948131849 0.628995212067 4
11 -460.529044419 0.924549166824 7
2 -9432.84436645 0.811828962718 5
7 -463.376296637 0.098694747565 3
15 -453.620138338 0.967238077343 6
11 -463.692138582 0.0542385571977 6
15 -453.733035612 0.689491476358 0
6 -478.841404769 0.434703031861 4
12 -459.279533323 0.365920172567 0
5 -507.318526863 0.243946849883 4
19 -448.210527833 0.0145882951794 2
28 -445.838831164 0.111337043594 1
12 -462.632618471 0.942345592312 0
19 -447.799072032 0.343141977125 2
13 -459.045322416 0.791389210973 6
10 -468.278565217 0.543708387321 6
24 -446.204164298 0.651230258542 0
20 -446.44436766 0.0630351720549 4
3 -1915.36537905 0.0503836553026 2
12 -460.752189714 0.228239508585 7
22 -447.077592039 0.306850421154 3
2 -7805.54775371 0.453364770128 2
26 -445.980492924 0.0198750412009 0
17 -449.671567532 0.900623217758 7
5 -481.460267739 0.309750791451 2
33 -445.593669385 0.0590817117695 3
2 -2960.07380469 0.253240755442 5
33 -445.587248376 0.910013442219 3
12 -462.694146869 0.781826771768 7
26 -446.042659232 0.384284682526 4
31 -445.648598389 0.681908604591 3
7 -471.872973531 0.0591550942919 0
29 -445.656025763 0.0953504227088 6
9 -470.230205104 0.838202194695 0
37 -445.506126035 0.187795718714 4
4 -631.185814372 0.441241223293 0
14 -456.342806233 0.0575749908446 0
30 -445.649398344 0.840120774192 4
14 -454.968764721 0.62761282567 1
33 -445.579897085 0.294092346735 6
19 -448.775902159 0.108518994275 7
18 -449.01046184 0.495537598452 0
26 -445.990747137 0.375607854194 1
28 -445.788432025 0.430010330991 7
12 -461.045876936 0.469671717887 2
26 -445.961904403 0.0626898672503 3
8 -471.944069517 0.766849626566 2
33 -445.542325435 0.786311699583 4
35 -445.506085911 0.169917728939 4
30 -445.707904038 0.244055335139 4
10 -464.804713968 0.680795055862 2
35 -445.546836411 0.716312345963 6
29 -445.67188657 0.558194750982 7
3 -1598.7393789 0.226874241807 5
3 -567.105528641 0.833688761384 5
33 -445.593127816 0.0336322563513 6
30 -445.701657393 0.890855372287 7
9 -470.200180054 0.428779934922 5
29 -445.73438048 0.691989494395 3
33 -445.569414887 0.835085986239 1
33 -445.590089044 0.637593432026 4
31 -445.635715941 0.104992328961 3
35 -445.533840955 0.606191024557 4
21 -447.598717987 0.405077008242 6
36 -445.527747185 0.49600201293 4
17 -449.498888563 0.22869247061 3
17 -447.092633434 0.175733960388 7
20 -447.959185923 0.387776209117 6
18 -449.718132871 0.421923273207 3
4 -508.621957147 0.732007742288 5
2 -7094.16352741 0.0163908803273 2
15 -453.965100474 0.639436465352 6
18 -450.038747565 0.280698838332 7
21 -447.696774405 0.487007702437 5
20 -446.808521675 0.701633210287 7
16 -452.53382369 0.0100588893714 5
9 -470.118826209 0.0303575396009 7
9 -469.737664189 0.336342228468 2
27 -445.759602157 0.497308214646 1
12 -455.329958394 0.330936238973 6
1 -120222.168725 0.856845549195 7
27 -445.912663647 0.0261620355199 1
25 -446.201016766 0.733742199624 1
10 -468.646608848 0.348772864465 6
21 -447.649272011 0.833783071899 2
21 -447.463601405 0.109632282896 7
0 -21044297.1951 0.312131093653 6
7 -479.265635966 0.771104963248 6
13 -459.119386307 0.0647164243999 5
30 -445.692052495 0.986071725982 7
24 -446.312358247 0.502583942917 7
19 -448.952293527 0.45137510415 5
9 -464.381817377 0.535335677825 6
18 -448.938017365 0.122951722446 3
20 -447.222781252 0.890542592122 5
25 -446.148817334 0.970028202206 7
32 -445.618560792 0.737169594118 7
9 -470.31035465 0.36441755564 6
23 -446.021605429 0.821294406751 1
7 -475.35059789 0.343855030535 6
5 -493.062662637 0.882231624589 6
36 -445.527148715 0.48766666188 0
29 -445.702280534 0.65308599881 5
33 -445.581621634 0.00285319482345 2
37 -445.509918814 0.838318409076 0
26 -445.947836045 0.100176171838 2
18 -447.857106643 0.618213159767 5
6 -473.362891445 0.30590164491 1
4 -684.989419282 0.406608775464 6
35 -445.541145752 0.123760899551 2
5 -513.840686374 0.119931028331 1
25 -445.918745002 0.181884677373 5
34 -445.525306195 0.947593122184 0
8 -471.516311255 0.574245049239 6
34 -445.54792322 0.623035747418 0
4 -582.250681208 0.781793148353 7
9 -467.775954094 0.744560867718 7
34 -445.521395986 0.884791049246 0
1 -95304.4318745 0.952111495779 1
26 -445.907201067 0.599566500558 2
27 -445.938533494 0.437655624926 2
7 -476.41205299 0.292871594277 1
21 -446.788655829 0.621071999345 3
1 -9828.63833441 0.857677753601 7
35 -445.521436051 0.687896570129 0
32 -445.606417889 0.577516083495 2
7 -474.768510961 0.0503995462789 1
21 -447.545459415 0.769331320906 3
28 -445.82286711 0.886507536046 2
3 -1146.58208059 0.927289642422 1
29 -445.761686286 0.253379017729 2
26 -446.034018041 0.17685797649 2
32 -445.557018299 0.395984035668 4
25 -446.191495356 0.676704893592 2
34 -445.537674358 0.0488627294835 0
9 -470.85102011 0.834985847639 3
1 -103794.952751 0.4192632626 3
3 -2105.91269275 0.957720161443 3
6 -495.919295825 0.169876436163 6
23 -446.625242867 0.112898829925 6
3 -2477.43508586 0.143980184408 3
37 -445.498974816 0.637975012006 4
30 -445.706528596 0.54520129447 7
22 -446.878354403 0.433296371541 6
0 -8608.7274144 0.121045166624 1
25 -445.858947179 0.245885361686 7
0 -32892.0605611 0.771024156952 2
16 -452.042985485 0.449557235394 5
13 -456.869698297 0.686580649914 5
29 -445.697261622 0.488617465064 0
28 -445.64690816 0.0760001327649 7
10 -467.425543683 0.314930133759 3
25 -446.206546094 0.165607485415 4
26 -445.996518545 0.212339412137 0
23 -446.337395902 0.838609292302 3
25 -445.890700286 0.267191600682 3
9 -470.673504542 0.692974935318 2
18 -449.267533339 0.837702539811 6
23 -446.72653616 0.731817505028 1
23 -445.697688764 0.641935501772 3
19 -448.708851736 0.582045766693 4
1 -39531.7636134 0.866270884547 1
36 -445.513769578 0.347206792173 7
15 -450.340551717 0.160018393737 5
29 -445.767586259 0.547165474324 3
27 -445.928655524 0.166503582651 3
19 -448.441240739 0.833273154771 1
10 -467.079940479 0.915030260627 1
15 -453.030184125 0.875382426045 1
2 -10671.0204119 0.672045889969 4
16 -451.774646601 0.198355749838 0
7 -470.505428254 0.653526923594 5
7 -476.978912915 0.123258841279 2
5 -468.920468351 0.203018211624 4
0 -2145879.75852 0.433373608525 5
21 -447.002786724 0.396155869736 1
10 -465.19419796 0.674386429969 4
29 -445.734397053 0.986915213015 3
28 -445.756457889 0.372434477218 0
28 -445.810793192 0.329548008548 3
37 -445.509598073 0.429093991873 7
37 -445.51340398 0.459355897218 7
25 -445.838755059 0.28525223575 6
13 -453.59609651 0.659937711198 4
27 -445.853494605 0.056158031925 7
27 -445.73176708 0.123679515788 7
9 -469.39132807 0.536221651696 5
36 -445.512503049 0.561112567541 3
25 -445.918039769 0.765712581369 3
3 -1408.24838931 0.483561012532 1
17 -451.215515357 0.727767536199 2
6 -482.590014957 0.732432020624 5
20 -448.209064605 0.648343204447 0
37 -445.513866452 0.837473976243 7
25 -445.986890916 0.223455695389 7
28 -445.728634963 0.804940768606 3
27 -445.864471622 0.237833274968 7
37 -445.507518148 0.57929886471 3
8 -471.638355476 0.316433448819 1
4 -839.74028141 0.658026495956 2
19 -447.231070317 0.391768025258 6
10 -467.409752279 0.221437491504 5
16 -450.943346131 0.776769799606 0
11 -462.068843073 0.714013038597 0
8 -468.787467599 0.972605146361 5
36 -445.520693891 0.911003214452 4
33 -445.535367394 0.335282852507 4
3 -492.216947018 0.437676682261 2
13 -457.803998335 0.014488313066 1
6 -479.109823345 0.414520101772 2
33 -445.523158534 0.817047875334 4
8 -470.643078121 0.134468326071 3
32 -445.587832886 0.38334192486 4
30 -445.675699533 0.146253829563 4
5 -476.085437401 0.0793259427243 3
27 -445.812748886 0.0923773830506 7
3 -826.343130546 0.331758686058 3
2 -8835.1461801 0.478965183259 3
26 -445.939315664 0.395389524802 0
9 -470.048424948 0.332967916006 3
34 -445.56659497 0.586335952651 6
10 -467.311734247 0.516333862955 1
20 -448.17924272 0.191107853365 5
6 -483.088871646 0.550703932174 4
7 -478.967111466 0.0605417649318 4
1 -2153.91874803 0.758046487925 4
2 -10207.7180907 0.85708772571 3
37 -445.516729559 0.95139270423 6
5 -521.711444236 0.0234960340671 2
11 -462.825188863 0.936764610749 1
7 -478.582674733 0.637926114555 1
25 -446.08370861 0.712613760526 7
1 -140015.279903 0.77681530127 5
4 -829.327086881 0.045062889814 4
9 -471.215972563 0.296740553219 4
13 -457.194984697 0.540708865307 3
6 -491.912686772 0.387189270437 3
32 -445.596064051 0.130142397368 7
1 -6274.17415163 0.821086692255 1
1 -3471.85531033 0.318224787014 5
31 -445.54448282 0.946203326828 6
35 -445.518312957 0.799654554363 6
12 -459.380555667 0.772674958804 1
11 -465.501338767 0.258054484894 1
16 -450.307894943 0.590305418037 0
17 -450.029971031 0.214007637964 2
36 -445.518420858 0.0411945854359 6
25 -446.230087305 0.774072520691 7
14 -454.032261825 0.652225651379 5
25 -446.105102863 0.359543105334 5
37 -445.518397155 0.928344798296 6
33 -445.547685518 0.640900305392 7
13 -458.3069567 0.582220866537 2
17 -450.424770007 0.0957266416756 4
16 -451.092375729 0.504308885938 2
18 -449.825617077 0.772820221757 1
37 -445.511360625 0.555196823564 6
20 -448.134937652 0.973193822944 0
15 -454.161716208 0.179269332195 4
35 -445.524536634 0.0601249173613 7
33 -445.586122108 0.79140744825 7
11 -466.175341476 0.948423556939 2
8 -473.965416855 0.0557657728157 4
30 -445.688144975 0.0802018851331 6
35 -445.529685005 0.0948327942638 7
33 -445.568380994 0.682071509095 7
6 -481.572575887 0.282936078578 2
12 -462.337845796 0.510740048163 1
7 -474.789782857 0.332804683526 1
19 -448.92937165 0.466597195745 5
6 -478.120644339 0.643467458242 4
33 -445.586208175 0.774208629961 7
31 -445.630192598 0.774620149903 0
7 -478.251642149 0.0589753494809 1
0 -18788824.2064 0.334089889866 3
35 -445.536989634 0.132788478778 5
33 -445.578891649 0.333711626888 0
28 -445.786025775 0.910911077372 6
7 -471.639286304 0.0355064958242 1
8 -470.769798235 0.406169534009 2
0 -13033.2735999 0.00318993152615 3
37 -445.519483712 0.8894456856 0
30 -445.672597374 0.911479200639 5
13 -457.669118686 0.371133890089 4
14 -455.017498081 0.653033786108 1
35 -445.534205003 0.22050914131 0
34 -445.553883695 0.58342725479 5
14 -450.892603308 0.569226678266 2
13 -455.284545089 0.98607291464 3
17 -449.826689808 0.384883968931 3
23 -446.745699865 0.995775478068 4
35 -445.548075535 0.968098698128 0
29 -445.735336147 0.708345288631 7
27 -445.798579552 0.915742800418 6
26 -445.79776502 0.320927940628 2
35 -445.506255565 0.835884309773 6
13 -458.459897016 0.283976397389 3
28 -445.783621899 0.404295088114 4
31 -445.600144092 0.589214446779 5
33 -445.513811505 0.68123425537 6
34 -445.545084574 0.178934832366 2
26 -445.919722174 0.0999965487509 6
24 -446.020628799 0.381060155865 6
28 -445.792942959 0.99292302744 0
