0.000000000000000000e+00
0.000000000000000000e+00
0.000000000000000000e+00
0.000000000000000000e+00
0.000000000000000000e+00
0.000000000000000000e+00
0.000000000000000000e+00
0.000000000000000000e+00
0.000000000000000000e+00
0.000000000000000000e+00
0.000000000000000000e+00
0.000000000000000000e+00
0.000000000000000000e+00
0.000000000000000000e+00
0.000000000000000000e+00
1.187379749925480197e-30
0.000000000000000000e+00
0.000000000000000000e+00
1.016248667695846037e-273
0.000000000000000000e+00
0.000000000000000000e+00
0.000000000000000000e+00
0.000000000000000000e+00
4.411121108941226083e-57
0.000000000000000000e+00
4.118225602488926450e-104
0.000000000000000000e+00
0.000000000000000000e+00
4.784529348253945868e-161
5.737603218427801014e-141
2.282961515334960793e-144
2.693745823761564751e-39
1.577165308422425766e-235
0.000000000000000000e+00
6.419489471076538960e-51
0.000000000000000000e+00
7.810060339188622083e-83
6.603378383281657511e-07
0.000000000000000000e+00
1.395941445393390670e-14
3.009780973662133903e-16
0.000000000000000000e+00
6.510164928992902804e-24
2.250445935013058512e-11
0.000000000000000000e+00
0.000000000000000000e+00
0.000000000000000000e+00
1.652099868362500175e-156
0.000000000000000000e+00
7.409856810566938751e-150
0.000000000000000000e+00
4.620833086470871956e-29
3.346421223509169018e-149
1.349538592759274511e-16
0.000000000000000000e+00
1.365798831938651640e-07
0.000000000000000000e+00
2.476339601015182077e-113
0.000000000000000000e+00
4.671825206808811931e-14
0.000000000000000000e+00
4.946979661332389803e-10
3.613407395739152289e-03
1.436116986625477805e-08
2.767038161394478894e-07
0.000000000000000000e+00
1.467777441262762594e-09
1.414252968048076317e-12
8.710225052040838569e-17
9.595885604600470630e-76
2.435884195439927065e-14
0.000000000000000000e+00
2.737789829163263504e-07
7.485670551605224621e-12
2.452096375624136412e-07
1.735746010487519124e-06
1.402157610443441782e-29
1.145872739435297021e-41
0.000000000000000000e+00
5.965506854300486609e-07
4.766087227170568219e-06
5.773378099985663368e-06
1.112040955145768117e-08
3.394346665227842363e-07
3.922918603489514733e-06
9.434272253539209812e-07
0.000000000000000000e+00
4.574634233067867865e-06
1.956848333124384822e-298
3.246902921947595094e-13
2.453103784207183867e-06
7.719596204520603003e-34
1.620649389915498816e-52
2.556752548496169083e-06
1.100623137681230340e-06
4.359553419850371375e-06
7.146592861069090301e-07
0.000000000000000000e+00
7.688982334959606406e-05
4.758678974295123619e-08
1.183764767012626987e-04
9.275440371409761617e-74
7.095882450836850582e-08
4.522346558329859301e-07
6.966410794766578261e-05
2.715980148227547678e-06
0.000000000000000000e+00
4.812588964029727128e-06
2.580193232573298047e-06
0.000000000000000000e+00
1.027010616112193740e-13
2.948235005903276462e-04
0.000000000000000000e+00
1.019661375335002932e-06
5.191854393226744111e-33
2.415339692396771308e-28
0.000000000000000000e+00
5.436415338150774936e-06
0.000000000000000000e+00
7.325619027493866258e-07
8.536531370628614747e-05
0.000000000000000000e+00
0.000000000000000000e+00
2.046859412045241602e-07
0.000000000000000000e+00
2.621372408132101865e-39
9.657250164093092218e-06
0.000000000000000000e+00
1.694854518142735998e-178
5.503726744011262949e-06
0.000000000000000000e+00
5.153007042903763471e-04
1.898564247317375333e-06
4.998083036984279635e-08
1.523122080946647380e-13
4.201950663693906046e-07
9.843762451111217545e-14
8.896976380387203306e-06
4.157802530749488745e-13
0.000000000000000000e+00
4.549179265770338536e-36
3.787687035489582668e-10
7.926413973403055131e-07
8.479770291814031462e-05
1.180659510933602548e-11
0.000000000000000000e+00
4.872211369949758317e-04
7.221143256994120392e-04
7.102680671866559074e-05
3.760676912834306476e-05
0.000000000000000000e+00
6.302456513703631454e-05
1.065472732770551148e-06
1.667999280475271456e-32
1.708948403234866768e-06
3.799598394446282927e-06
5.221928252130089111e-19
1.878201726782749278e-73
2.199715261078411449e-07
8.395893096553799654e-04
3.770887365030369757e-04
1.863441066298521243e-01
5.274610386858534230e-07
1.260891890593448562e-02
3.814069812624904340e-08
1.470954169640866307e-04
3.531304402874639859e-11
2.686762396727971347e-01
4.249924951174835486e-02
5.289118070385902715e-06
0.000000000000000000e+00
0.000000000000000000e+00
2.084125725253684835e-16
8.995730776249706955e-06
4.876152425441321642e-06
5.657297276078366265e-03
6.434096277728756539e-05
0.000000000000000000e+00
3.612258639215699951e-02
1.909757855415231964e-01
5.525413743014021906e-04
2.358063733883705715e-01
1.257544131755456324e-06
2.636679498843774032e-11
0.000000000000000000e+00
4.231008161967802018e-64
1.186703532525353108e-127
5.809897622967459652e-55
1.926399993818773641e-10
4.978022297326841449e-03
4.810571077530480466e-05
0.000000000000000000e+00
5.474828766007068523e-06
1.402359356659558427e-09
1.208909887973602805e-42
5.441190148477808436e-02
0.000000000000000000e+00
2.666759322998691825e-02
8.728352951880490040e-02
8.669547515437039942e-02
0.000000000000000000e+00
6.206802444709910585e-04
1.010549031011051709e-03
4.556971496935584837e-06
0.000000000000000000e+00
3.713821740734663782e-05
3.784846113793980040e-07
9.270181750071437591e-18
6.863120544855034685e-03
7.786535940347339979e-01
5.390584600412463151e-03
2.195866366108346295e-06
0.000000000000000000e+00
1.137147538564185231e-23
5.303271960756110737e-01
6.808302450975296186e-04
7.376742744639163130e-01
4.120790272052700324e-31
1.030121678080611796e-07
1.433610990354421592e-123
1.136477597792038413e-01
5.229235606759828842e-14
5.221321759826557918e-37
2.327121871513596063e-01
1.162233577713688432e-01
6.343804029729429455e-05
6.978214463987462545e-06
2.335982803004370836e-06
1.072365099561579751e-24
8.670385995360650690e-05
5.732770341967651229e-01
3.711736146718138535e-02
9.260353176113963214e-14
5.590948265588843453e-279
2.393047039571742053e-16
3.722810562141308543e-06
6.619092849397807676e-02
3.397619352467900180e-10
2.193853111854240297e-306
1.573697483611222223e-27
2.619535276170328886e-02
4.809363062533445570e-11
0.000000000000000000e+00
1.061189012891610439e-01
2.568599262592035810e-09
6.480080189181587347e-01
2.737263881817891822e-07
3.199894175688022258e-01
1.301452419936783021e-11
4.341710310144096252e-01
4.800963368938681770e-20
1.029364176450209891e-04
5.406756700280211398e-04
0.000000000000000000e+00
1.908972809194986187e-01
6.303935037470013991e-02
0.000000000000000000e+00
5.933512208456540593e-01
5.220476770984412429e-01
0.000000000000000000e+00
3.970470116292913817e-271
0.000000000000000000e+00
0.000000000000000000e+00
2.186369354603769355e-01
3.488385066025585120e-07
3.216374074214078393e-01
8.084715081252594748e-01
1.332577273285521591e-104
6.509587554144028490e-06
3.627502255869360921e-17
3.733508436261707064e-04
2.864557050937944903e-06
6.343061118331908554e-01
6.467628196527364093e-02
2.474485495780362468e-11
5.496074894424025198e-13
1.402283824565150328e-01
8.387762783900283223e-03
1.384644704212700144e-06
3.080886782272128643e-01
0.000000000000000000e+00
0.000000000000000000e+00
5.787879370898210156e-09
6.361128490512370053e-03
4.529566039415980905e-01
5.628408620860760284e-26
3.550507374014764267e-02
5.028079530421024346e-03
2.723060724713816105e-03
2.618509954183860598e-04
3.581211114978081215e-06
7.669796382766205322e-68
3.044754632735171412e-02
5.399611390332109857e-03
5.534834336135406657e-06
5.828131511850344640e-06
2.559381846598345334e-01
2.709215494055185469e-01
2.550785161463944850e-02
6.193345855960468160e-01
8.017023175889687899e-14
3.795734941546952323e-29
4.922422988764860174e-01
2.176853533101351934e-01
6.631103961211549015e-07
5.361658866437300075e-05
5.825689000868621292e-01
8.939234245081400382e-05
1.643368845898638200e-02
3.929448354462580832e-05
0.000000000000000000e+00
4.310916015399442712e-03
4.908767802881454090e-01
1.419209671925003956e-05
5.867384582274334237e-01
0.000000000000000000e+00
2.421291369862483001e-01
2.264445084609727765e-01
1.138278996127766943e-04
1.809983712474338269e-05
2.499765144831699037e-01
0.000000000000000000e+00
2.839240256108339518e-09
5.093547944422959217e-01
7.726853196450771399e-01
4.641146710868671588e-01
3.115927813665569923e-01
2.790709551856447312e-01
7.787150433001468084e-16
3.830472572544009746e-01
2.030432240519051967e-01
2.855131410926055047e-01
2.737398600091449086e-01
1.521449105468828815e-108
2.142809732912466236e-01
0.000000000000000000e+00
8.722090535306270987e-06
7.457054165203560103e-05
3.026985003874281497e-13
7.622711833962716489e-03
8.063652612582205919e-05
2.561502179233429710e-01
7.202500638341152912e-05
5.172272348958093513e-01
2.400427343054259595e-03
2.213613717237380831e-207
3.577836536748366103e-01
6.162365464843038154e-01
4.103409442115063532e-01
4.452934803699507699e-02
5.592706140472087917e-01
7.441430604545717653e-11
2.044195948071090563e-01
2.690769801439696590e-04
1.383874045598601776e-01
1.581001876075244968e-57
5.431869671071023475e-01
4.266823429395361899e-60
0.000000000000000000e+00
2.248436517301541771e-06
4.642443510740016031e-08
1.483109801820112206e-01
1.767596503060095000e-11
2.347242090338536868e-01
4.690085873020856323e-04
9.978580179871548903e-92
4.794377091001783553e-01
1.073187207728443504e-01
3.682973962038173510e-01
1.277426005071619630e-01
3.201063718717545581e-01
3.604354560170033861e-02
6.145197987078777208e-02
8.242606072741316159e-17
3.249702703538475945e-07
7.818702011515152715e-06
1.275747107257030467e-06
2.916525762161449716e-132
6.445146116793206040e-06
3.109350396357376888e-05
1.791304491449188086e-05
0.000000000000000000e+00
5.163240132049700115e-01
1.303669204447773788e-01
1.239387877743495930e-01
2.968769578174399251e-02
9.543900816209191520e-06
5.126251205405000233e-01
6.836432949489207322e-01
3.708924047454972839e-01
7.179673199284416140e-05
0.000000000000000000e+00
2.125040521898346004e-07
3.017701448621555871e-01
7.158379773486732434e-02
6.084469707897315971e-04
0.000000000000000000e+00
0.000000000000000000e+00
6.066210983032880286e-50
4.742883004141155295e-02
3.162760602680355082e-01
1.656246489701222457e-01
4.725713955203302841e-01
5.144200676150529894e-01
5.187878722651654284e-01
3.169197945594658949e-01
0.000000000000000000e+00
4.700700759289274086e-07
7.450522042432018710e-02
5.926952979676740341e-02
5.149162170809788996e-01
1.282034707099014847e-01
1.084802345703045762e-01
7.428866394919556027e-02
8.367809035087888573e-05
1.183915288565292878e-01
1.467401168090075037e-01
5.427824149232520897e-06
3.771995245860506607e-01
1.504431163533096194e-01
1.288827145251395245e-01
7.233537774288335824e-07
1.670913397641144566e-05
1.279940044694660439e-01
7.257143935408828274e-03
1.236250081750132623e-01
6.267419464114382908e-07
7.417138089833110365e-06
0.000000000000000000e+00
3.321498755337548570e-01
3.654052814975737307e-01
1.643272424060422676e-02
4.352222297631750392e-01
6.814368231522481860e-04
1.646018015328574741e-03
6.353841236211053367e-04
2.680756115537341056e-01
2.351042153258976197e-01
1.130649856967611555e-01
4.986066632814180055e-01
1.656857374693745111e-01
8.246294776865155976e-42
6.519663523060914567e-02
1.981564036528538075e-01
4.217150558457604115e-01
6.461455103918167797e-02
2.318058861680370611e-14
2.904348680866356836e-10
3.199774125055040996e-01
1.116602930202262832e-03
5.763444662916280409e-02
5.903249985235960368e-05
6.780604306376122881e-02
7.088776953805809508e-89
4.855873334042448142e-01
5.769754081278272653e-138
0.000000000000000000e+00
5.298645106895820689e-01
0.000000000000000000e+00
9.074933803518665798e-02
6.801827601475285423e-01
0.000000000000000000e+00
1.259721443685472564e-01
1.413534237065994627e-145
1.307766932613015076e-01
1.292185165552138248e-01
7.392880323773680651e-01
0.000000000000000000e+00
1.562569268248120979e-01
3.328820818106136920e-05
6.749515224510785338e-02
7.127483516982059859e-05
7.774687238884686602e-02
8.205434168715060317e-03
2.547663482491591691e-01
3.991939239901188263e-01
6.959143463648375564e-07
2.946066345947730175e-06
3.779136714671236144e-171
4.825257561530867925e-04
3.207659521594477184e-07
3.073952376583161672e-01
5.243344911707431986e-25
1.586759625300392454e-02
1.089112169060461599e-01
6.572932955255625820e-05
1.586789667849492769e-01
9.031719713379601777e-02
1.607171439651616449e-03
0.000000000000000000e+00
2.104639945343484697e-01
5.662539502069333652e-01
6.500613318243449743e-04
1.687195305240604212e-05
8.149247600173972206e-01
0.000000000000000000e+00
1.141622585302575280e-02
3.275809510735429031e-01
1.584750373842936100e-01
3.581007426469765553e-01
3.613413604608063379e-01
1.595100995547165390e-01
0.000000000000000000e+00
1.701267173084176632e-01
9.092362678056308267e-01
1.264660668667361987e-01
4.713535221263678160e-02
9.848527387768200511e-03
1.144195443844205073e-02
1.205765755541577007e-02
1.358095660990758237e-06
3.018938467800802439e-01
4.694745066489252466e-02
7.477392288827595934e-02
1.089715257085441119e-01
1.106961893895401982e-03
1.973773753704581024e-01
4.804441926022356979e-02
1.370109248487587916e-01
1.638590572504093901e-01
4.117764035485158480e-05
2.859416858446247600e-01
4.763882066264001330e-04
7.687882347093625808e-04
2.081590217454720379e-02
0.000000000000000000e+00
6.988867702087246947e-01
2.207072091067917316e-06
4.802486679485146737e-01
1.088410014612694026e-03
1.154070625577367087e-02
1.155892363877268902e-01
2.851763368540058408e-01
9.506732998043341599e-05
7.816785262477756249e-03
7.764716909673849421e-02
6.939190497252539780e-01
2.623099249664453958e-01
4.823546381064077598e-03
1.190842370283856817e-02
1.594264898513200468e-01
0.000000000000000000e+00
4.414619649177519145e-01
4.907950303807000203e-02
2.750622920231183350e-06
0.000000000000000000e+00
1.367246073217913797e-06
2.865491617446285222e-01
3.295718476086302823e-28
1.118122438156612108e-01
3.247453178873396795e-01
1.000000000000000000e+00
8.099388648053698278e-03
4.880765250746658956e-02
1.092757718471301237e-01
3.406038687704276424e-01
1.551616372167352320e-01
7.131428911329010800e-01
7.957587359053667998e-08
3.195312747835559169e-03
1.390532814159022891e-02
1.127452759732556304e-03
8.237886343298752093e-03
8.635315722997900876e-04
3.665134500171363304e-06
2.337113190119234629e-01
4.595414434375479360e-07
1.489005359679247278e-06
2.005149633670238671e-02
1.104790504250926925e-01
1.286097440161935277e-14
5.887386392198351581e-02
6.648986949981611216e-02
5.291632329770201704e-03
1.073698013089614042e-09
1.892438914861396537e-01
3.081958780304767820e-06
1.242454881790198452e-02
1.957659777040938997e-108
2.297823212024496450e-02
1.199252823888148287e-03
3.064389128162949838e-01
1.303695137920780900e-02
9.404873843669776091e-12
2.173650358970976582e-01
1.170869594709164907e-01
1.184363879479373612e-02
1.572261700543994556e-01
3.220711499371335749e-03
4.359939853725414843e-02
1.226017181741466573e-02
1.722583718714898460e-01
1.395608057023966090e-06
0.000000000000000000e+00
8.541685052543442069e-03
1.120365386753178864e-03
6.312648144201077338e-02
1.102993140783445528e-33
1.176560014444571513e-02
1.978149872227149674e-04
3.235051134241190285e-01
2.590517123575951097e-01
3.395302361493263144e-01
6.058494299105198627e-02
3.070560375522308951e-03
3.356305366533945088e-03
1.499961252824975055e-01
1.600082586257365880e-01
7.027630032409900585e-01
1.554017207750049978e-01
1.340169977880032448e-01
6.027233479734888516e-02
7.987566980080152215e-03
6.570600630678926247e-05
2.009946617195477753e-03
4.709543180254840847e-04
1.057977904788502243e-03
4.818569568487722694e-04
4.836418024961491174e-02
1.590167140191133255e-01
4.784852978776678550e-04
4.713201739818485207e-04
8.258004689035296914e-03
3.355537306888619134e-03
0.000000000000000000e+00
3.560095021313404809e-16
3.467268711354075235e-318
1.514848845569296276e-01
1.116097585427124669e-03
2.272864270616767601e-01
8.004063756592733406e-03
4.704633180148392047e-01
1.984307012131794363e-04
6.715803248611835752e-01
1.174898690334376557e-02
2.388494104450539779e-01
4.536613811323812057e-03
1.891357713923187411e-01
2.201858560968210365e-01
7.366659755696186584e-02
1.693681126205948129e-01
2.549771750086418098e-01
5.691197347612773072e-01
1.418753663115050601e-06
1.220443901473433276e-02
0.000000000000000000e+00
0.000000000000000000e+00
5.795080031644325169e-01
9.955390111156028877e-05
2.200964366555847040e-01
1.995108009365260786e-04
0.000000000000000000e+00
0.000000000000000000e+00
4.769263426224560893e-04
8.544819947753738709e-03
6.561398875980367098e-05
3.739753096968945756e-01
0.000000000000000000e+00
1.904547657638697433e-01
0.000000000000000000e+00
1.513604481651872717e-02
3.381236186264899069e-06
1.091443278693769335e-03
1.804499516797896386e-01
2.676940292842805436e-02
1.121848024153193346e-01
2.514280115537107171e-06
1.674035340257032985e-03
1.558814788394456544e-06
5.759086922336349029e-02
1.579842517398343804e-01
2.515102910478837495e-01
5.089986272826664271e-01
0.000000000000000000e+00
1.336310807354494850e-153
4.176950523801522402e-02
3.341479458915025402e-03
2.000496134225266905e-04
1.803358030666202183e-06
4.275111919744073929e-04
1.077605644588441836e-06
6.522996912656084314e-05
5.194236572828220266e-02
6.597557135370981827e-05
6.605767417034241686e-05
3.127431112907296806e-01
2.650308474820710605e-05
0.000000000000000000e+00
6.010839936740610228e-09
6.853711015831928655e-02
9.612746449994488129e-01
3.290194447362568651e-31
7.957612083027462702e-03
1.533683211060029010e-10
0.000000000000000000e+00
1.279049662762223879e-06
6.828142189767219886e-03
0.000000000000000000e+00
7.519332262230831116e-04
1.840825765094719069e-01
7.326925651358710067e-12
4.302417076260219020e-02
4.632119400401687147e-03
8.618883448885450438e-01
6.638760688130128373e-02
2.777042204713072726e-01
4.409310309690414043e-01
1.793620604245388059e-11
7.722403151095043932e-06
1.894096667433852951e-02
4.407872515422532611e-02
5.189877891301500562e-04
1.440973545366414921e-01
4.832487391511363262e-04
5.024987536624087037e-01
1.081776596188598893e-01
1.903481339098918035e-01
1.699967224050156579e-13
2.645661296792882755e-01
4.228048652278431339e-04
7.621012041421883210e-02
8.702925928549548606e-02
4.954306622096038212e-04
1.185260784741574980e-02
4.510693554823599211e-02
8.119091433403747210e-06
4.805497043240299624e-04
1.782705297018434937e-08
1.624894101446018235e-08
3.786002651397479260e-04
6.223288087668130131e-02
1.166742947063069240e-02
5.268358674049250512e-01
1.121760450721988886e-03
2.629538903132829511e-05
6.005612109653103436e-01
2.003156418825721957e-04
6.693756693011870037e-04
8.227024905539049429e-06
1.087417970026881764e-03
1.120317226206121210e-02
1.321275965301559052e-01
1.065009733200877624e-03
3.525803742725123202e-01
3.660496784485304800e-01
3.893981873151728390e-01
1.963857240834923912e-01
2.974988918632839874e-01
2.598646622809619078e-05
5.834954066919887522e-02
2.645591439198151853e-05
6.633668215339960010e-05
8.591353893131209105e-03
4.044974793083599973e-01
1.876835301827782521e-01
3.053824790598979200e-03
3.272388048355297507e-01
2.050063331133534790e-04
1.545296151978407979e-03
4.990790524673521149e-04
1.053843093378938316e-03
1.260798303929252899e-02
1.117200797889340586e-03
6.628845905736804585e-05
1.286543052345703181e-02
1.161160529060608904e-01
1.088872013348937250e-03
6.313137534733611689e-04
8.698794442933187668e-03
6.615258320434682152e-05
2.605000045876176151e-05
2.630911672914295146e-05
3.192064275071421903e-03
3.043005567996834131e-03
6.531489938677531939e-05
4.859569136758401259e-04
2.072244555864390658e-01
6.328437572591921745e-02
5.885727690126169032e-02
1.155004183317243950e-02
3.233036578181758443e-03
1.315473977804760275e-01
5.226295602157138981e-02
1.529085561651959493e-05
2.073415213457425188e-01
1.477043243309952074e-05
3.277524902636846319e-03
1.130872707179349235e-02
1.499456447225168002e-05
4.828931907248096701e-04
4.313049714438808857e-02
6.836183188263031978e-06
3.081605035535023990e-03
3.646810104582100254e-02
5.820231652081301471e-02
4.659111278814018209e-02
0.000000000000000000e+00
1.193416727976911174e-01
1.249318748756254455e-01
8.519163655669232611e-36
2.575279532138221583e-01
1.965206468656483625e-04
1.209041493736436601e-01
4.245413522787792947e-04
2.452586201435244875e-02
7.065189958202982012e-01
2.057834269391877260e-02
7.505819030738005396e-06
1.074904475117281462e-03
1.976706954642291165e-04
6.598591522079688026e-05
5.857932733380084336e-06
0.000000000000000000e+00
4.764058075902337310e-04
2.969685576369698876e-01
1.475446786343010971e-05
1.095116455069693011e-03
1.998094073455737890e-09
9.621283019030808792e-02
1.181565430023119069e-02
6.562907797198912663e-05
1.646962627160542097e-06
2.013559613770888170e-04
3.145156805850251626e-03
3.058987208451135030e-35
2.562849645562800175e-07
8.699674483588538260e-03
2.085914126535209911e-01
3.988410700473628001e-01
7.634461086221502879e-02
6.564139744169972340e-07
1.645106597834804230e-02
2.142416220963886675e-01
6.559878854689831494e-05
6.997812265062307356e-19
3.802848524151186682e-02
6.507643378893075898e-05
4.972253239249636907e-181
1.126346546665199077e-03
4.213707139224045495e-01
1.157884778637014063e-02
2.607821983348838807e-05
4.233936319706081114e-06
0.000000000000000000e+00
5.792420043140748126e-02
4.792058119146683053e-03
0.000000000000000000e+00
7.992696660512907045e-03
6.549917320520183550e-02
2.640799287669173140e-05
0.000000000000000000e+00
3.293380746399981462e-01
1.042225809630522165e-01
1.950834179976282100e-07
4.287670178055171990e-06
1.306423959019738408e-02
1.479428249040960033e-05
6.710479176092695175e-01
2.440950396901949426e-01
6.163446930390169554e-01
1.508590311021827055e-05
1.428494666686445758e-06
4.882979658290766828e-02
7.582435481796588606e-02
2.090676381901097891e-01
5.006980510390096617e-01
4.270591047367368331e-02
1.235514543700126124e-02
1.409593993673014413e-06
4.959159796432387168e-42
9.752547944713693684e-02
1.419662969721167840e-06
4.847099941959009495e-04
6.623603925799786021e-07
2.620778433891352479e-05
6.553093770348971482e-07
6.569501612057542206e-07
4.893698773654742411e-04
4.227437182305011432e-06
4.838323144711956236e-01
2.410838070532204391e-01
3.175450918023803044e-03
2.546447641490299785e-01
3.062361688010058480e-01
1.057121709279758900e-03
6.565039073224338583e-07
1.636173024212004461e-03
2.648447474975548145e-05
9.642973958170986907e-46
2.606867775960706541e-05
8.585231771786706184e-03
8.046327987541571081e-02
1.132971640790063350e-01
5.180693926104830149e-01
0.000000000000000000e+00
1.424269557646388910e-06
1.976427916688209554e-04
4.202610283782381818e-06
9.745077914196565230e-03
4.420968686272393477e-01
7.088342283613642547e-02
3.760617672364338292e-06
1.161161014198783259e-02
2.377682027711424395e-01
8.046853710364108964e-06
6.783670854991048344e-06
6.095095046541821882e-01
3.260988710040603391e-03
7.930115795727762811e-72
4.741731299106217989e-04
2.587675687445647473e-05
6.577815672010893517e-07
1.072422359661179487e-03
6.723139645056331693e-05
4.721929545126850596e-04
1.412326315747807770e-06
1.952786769458485347e-04
1.424241968387912759e-06
4.402865500917290675e-01
5.968382807315699701e-01
2.611415237105164605e-05
4.282445056574895483e-06
1.932453837427457683e-07
1.937666753191365799e-07
1.932694135609430936e-07
1.939657183075258604e-07
1.122801886733634964e-02
2.961889454022096357e-01
1.939780508459765526e-07
1.940657400102243183e-07
1.972156211313625932e-07
1.932594480738147995e-07
1.416328758174674101e-06
1.942389077570038567e-07
1.952705896071247021e-07
4.376637704891714931e-09
1.308115651369135794e-05
1.931786199158259522e-07
1.954101741732023526e-07
6.606810411135471241e-07
1.932044492375908375e-07
1.423209212127423346e-06
1.412026688611741411e-06
1.938468940780435127e-07
1.485573661829004565e-05
1.933318295578888957e-07
4.255631205233249132e-06
1.421811145053736586e-06
6.561638922405767896e-07
1.425009840307321793e-06
1.937018834085653582e-07
2.618427631103414761e-05
1.949487071474795039e-07
2.620135297786558675e-05
6.589943728034955373e-07
6.598023895877653762e-07
1.940804705470525620e-07
1.571612459100610593e-01
1.935210338623566635e-07
4.252702926024086001e-06
4.245661972827907342e-06
1.475403453107258449e-05
6.493543207533284290e-05
4.230545583868786718e-06
1.121391038008164899e-02
1.476624018980468147e-05
1.957228151143087926e-07
6.570506868876863028e-05
4.279832632954124045e-06
1.411466271854041402e-06
1.412439960332287559e-06
1.949117224531652896e-07
6.487061155064838595e-05
1.954962591956604606e-07
1.970160066944482641e-07
4.213713613637699905e-06
2.649311406997660080e-05
1.504630462103484437e-05
1.976410217855465389e-04
6.553922284493854718e-07
6.654259211061822738e-05
1.989294885214330018e-04
1.946584307926794980e-07
6.537472948675756830e-05
4.218000680457939075e-06
1.953109294521320540e-07
2.583509680576481606e-05
4.243932998919264305e-06
1.412302611461816612e-06
6.564069810380425809e-05
2.595824337153331546e-05
4.276451377927118814e-06
1.410726129336360933e-06
4.262061470002265411e-06
2.003895517543294899e-04
1.486385340962048126e-05
1.996125795915365748e-04
6.567745030819017864e-07
6.651193694641350802e-05
1.416504684213251724e-06
4.963584995437335477e-04
1.500301007916045091e-05
4.865442839052359588e-04
2.600555195119646460e-05
1.994202695156068925e-04
4.726209797607670762e-04
1.942411727901194145e-07
2.587471747823063593e-05
4.206904555908460640e-06
2.596868247496132630e-05
1.964070601131421439e-04
1.052381943171782665e-03
4.234309032588832739e-06
1.941436415975688694e-07
1.420715609713821544e-06
4.238574213872115193e-06
1.476284196828220948e-05
1.414083101385219725e-06
6.586200622696480326e-07
6.625818282022400828e-05
6.594932140063284828e-05
1.952357388699219128e-07
4.879439720956757248e-04
4.201724374464108461e-06
2.030375793575491460e-04
1.411002802678932610e-06
1.410641943945016969e-06
6.496283320469742209e-05
2.008636556715899567e-04
1.421277787262478409e-06
1.948866562735384770e-07
3.134047050316472391e-03
4.224121961207864713e-06
3.210254401115121645e-03
1.079180380715135312e-03
3.273705781251895659e-03
4.268263369075513693e-06
1.935012479287450008e-07
6.553937234006753831e-07
2.613129062596138767e-05
2.628777727626677499e-05
1.150375103200006535e-02
8.529698971183670431e-03
1.089718752018152981e-03
3.179798940977196075e-03
1.067584159844909555e-03
1.971318394915382358e-04
4.958077099390264218e-04
4.993237195482020307e-04
6.618012997668067616e-07
2.009115547092832962e-04
2.033622340145963925e-04
1.496592586245413094e-05
6.569843602934449668e-07
1.980469064493391531e-04
1.495288308762464759e-05
1.502641855456883514e-05
3.136627100237956295e-03
1.935490087690432728e-07
1.421482154695680996e-06
4.750657373986283166e-04
2.581718761651370504e-05
1.970274399052017390e-04
8.011626292801532143e-03
1.484853630267446436e-05
1.953111071851553791e-07
5.810137320104558079e-02
2.647545715631909006e-05
4.203687903953089877e-06
2.603569699740275700e-05
1.932070928721710393e-07
4.908590450245126080e-02
7.845490265812550892e-03
1.108705092802027108e-03
1.956355326159317754e-07
1.414103749977532227e-06
2.589505520650177637e-05
1.998130598908043039e-04
6.562340477847403545e-07
1.484167428647963392e-05
8.045961763514953430e-03
3.297922684401452618e-03
6.623784024038747386e-07
6.520902160311726320e-05
4.824392880480911643e-04
1.210841754820562652e-02
4.957231789563514707e-04
1.929634246821265164e-01
3.060256995062001217e-01
7.603181527350720559e-02
1.273806137096187945e-02
1.113862334560984354e-03
3.212746255478681444e-03
1.055883750293918439e-03
1.211473138450134580e-02
1.949397968305613047e-07
4.266391561388634513e-06
1.097197034485307247e-03
6.554076388861758916e-05
2.296169320025786276e-01
3.233078714621931415e-03
6.619695093369666570e-07
2.056808155958136652e-01
4.074857118433179980e-233
2.798698981215364973e-21
1.500528506802796286e-05
5.958100645632813386e-01
4.222491135627491690e-06
6.566199684324425093e-07
3.990516794189548633e-01
1.420468345736767302e-06
4.296618300434835308e-02
5.776078420949906644e-02
8.065852139822234923e-01
1.689200101063048829e-50
6.867122099670869575e-232
5.605945545601755380e-04
4.252574487830332045e-06
5.046945285563132955e-08
2.029585483553320794e-04
4.674761228072901210e-03
1.068939591144856587e-293
0.000000000000000000e+00
1.526214011498849252e-06
1.474563301719374608e-01
1.699695916601527662e-06
3.022967898349826217e-05
1.735324203504689800e-01
6.669393568392365911e-05
0.000000000000000000e+00
2.164837608291562664e-10
1.380319180650562416e-01
3.956814663465865745e-01
1.059003841694703286e-03
8.541117786670588731e-05
8.434797674469900891e-03
1.503725924574162253e-05
2.029531470913476670e-04
3.453114077946180008e-07
5.897878705933107808e-15
1.064446096416544092e-26
1.378155785491666507e-01
5.889342871989241418e-02
3.150672170922769744e-01
1.146108659237988006e-02
4.317600775205341912e-01
2.330630405758313817e-01
2.179107215194082991e-05
7.148442728072385011e-02
1.578583798058953158e-01
2.213541900369199233e-06
5.754617331353829857e-02
0.000000000000000000e+00
0.000000000000000000e+00
0.000000000000000000e+00
0.000000000000000000e+00
8.201136824099032607e-02
4.955293316003617308e-04
1.309007623840461876e-01
0.000000000000000000e+00
4.493964888088419207e-01
2.616110512112601039e-01
1.076919504906153095e-03
3.160289257791679650e-03
1.090669655318709944e-03
4.470629879100584264e-02
1.123505888772200201e-01
6.384550052075177042e-06
3.938228946920468432e-01
2.651408005738565827e-05
1.599722854144374207e-01
5.839721408711000955e-02
6.363688045886169153e-02
1.205075028213979937e-01
1.493476725845092239e-05
1.172348937496905802e-01
2.387870184189791482e-07
1.283899221021978822e-02
1.277875453379611996e-02
6.488753045516898400e-05
3.074675882645692884e-03
1.237855685305789038e-21
2.124374733911766537e-04
6.180055620666034731e-37
1.419500440392304190e-06
4.207673761962348405e-06
2.425840362012431639e-01
1.933798127382101592e-07
1.410083651838736200e-06
4.249649795061136552e-06
3.249949261896859810e-119
1.691699186252034282e-06
2.925914622895022799e-01
6.628645842261972632e-08
2.380119561060445033e-01
2.157227164218543103e-01
3.448093038867485749e-01
6.224342769613220819e-06
2.625145587255409700e-08
2.299150395413211423e-01
1.756468129651843624e-01
1.567882592047857926e-05
4.266833049096053842e-06
6.556364049256495927e-05
1.204626910172297560e-02
1.134071677394446476e-02
1.126424229648470554e-02
7.561551425911029705e-07
1.504610476229726785e-05
1.099980922283532716e-03
9.819246968697930011e-01
4.908745214383174460e-01
1.953102624664395414e-07
3.463044862711360848e-07
1.427003567259746493e-07
1.936766406618418050e-07
5.066717952053442775e-02
4.849474474225662357e-02
0.000000000000000000e+00
6.499729044119488596e-05
1.124459329223059280e-02
4.594417198248622047e-01
1.057335600439062578e-03
3.046631628970939420e-01
1.931501780034517548e-07
4.369821220667292061e-01
1.255220891850547527e-01
2.599362794146735812e-05
1.940930941454640251e-07
1.079046449226509913e-01
1.421075410293970609e-06
0.000000000000000000e+00
1.409455238660498353e-06
1.964458087228292001e-07
6.615601661250864536e-05
0.000000000000000000e+00
4.242625037875125559e-06
8.458539842571286341e-03
8.706001072152266471e-03
1.108761874155922283e-01
1.942505532373724475e-01
6.642091050839925835e-05
6.593077437571355514e-07
3.388384237055293985e-02
1.415577992809565976e-06
6.842173571145129807e-02
4.440804080452609437e-02
2.665277738855348910e-01
5.675573437582238229e-02
6.586773910547316475e-07
1.952801090401976531e-06
2.388317270769296230e-01
1.143570776380179038e-01
5.307230893502952462e-02
0.000000000000000000e+00
0.000000000000000000e+00
7.533471474117990618e-02
0.000000000000000000e+00
7.457905305984210164e-84
2.758984862070793010e-06
1.259279679201941645e-08
4.095011650656124047e-01
9.400318241743176051e-05
3.073998553895296477e-03
9.353169044382638126e-04
4.841035675172599849e-09
4.264775586985541336e-07
0.000000000000000000e+00
1.208494559013430572e-02
0.000000000000000000e+00
